-0.075808 0.225421 0.010978 False
-0.071169 0.216496 0.009027 False
-0.066549 0.207672 0.007091 False
-0.061920 0.198869 0.005163 False
-0.057259 0.190008 0.003237 False
-0.052539 0.181010 0.001307 False
-0.047737 0.171796 -0.000633 False
-0.042825 0.162287 -0.002589 False
-0.037780 0.152404 -0.004567 False
-0.032575 0.142067 -0.006574 False
-0.027185 0.131198 -0.008615 False
-0.021586 0.119718 -0.010697 False
-0.015752 0.107547 -0.012826 False
-0.009657 0.094606 -0.015007 False
-0.003277 0.080816 -0.017248 False
0.003414 0.066098 -0.019554 False
0.010442 0.050373 -0.021931 False
0.017831 0.033561 -0.024385 False
0.027660 0.007710 -0.028526 True
0.034491 0.002247 -0.027999 True
0.036221 -0.004107 -0.029275 False
0.036132 -0.007292 -0.030120 False
0.035459 -0.007382 -0.030145 False
0.035432 -0.004454 -0.028963 False
0.037286 0.001417 -0.026185 True
0.042765 0.010303 -0.020175 False
0.052006 0.021797 -0.013104 False
0.065658 0.035642 -0.005897 False
0.084372 0.051579 0.000523 False
0.108796 0.069350 0.005232 False
0.139580 0.088698 0.007306 False
0.177371 0.109364 0.005822 False
0.222820 0.131091 -0.000144 False
0.276575 0.153620 -0.011517 False
0.339286 0.176693 -0.029218 False
0.411602 0.200052 -0.054173 False
0.494171 0.223440 -0.087305 False
0.608474 0.269917 -0.138839 False
0.719208 0.246863 -0.204751 False
0.747661 0.217090 -0.216236 False
0.733144 0.212351 -0.212319 False
0.705373 0.222161 -0.208937 False
0.673974 0.246838 -0.211872 False
0.620735 0.284749 -0.206393 False
0.570739 0.302821 -0.201560 False
0.501387 0.315941 -0.185979 False
0.434862 0.311124 -0.168371 False
0.384851 0.310576 -0.150188 False
0.346514 0.313577 -0.130859 False
0.311134 0.305537 -0.128917 False
0.279343 0.289549 -0.151843 False
0.319528 0.262118 -0.189094 False
0.442505 0.194083 -0.231725 False
0.539256 0.104816 -0.259419 False
0.566015 0.072504 -0.278323 False
0.578371 0.065501 -0.291496 False
0.582409 0.054592 -0.297293 True
0.574497 0.053675 -0.293078 True
0.539414 0.088167 -0.276454 False
0.475779 0.171685 -0.241752 False
0.445019 0.222258 -0.194530 False
0.416049 0.236073 -0.159378 False
0.396157 0.234582 -0.144494 False
0.381496 0.227328 -0.138040 False
0.371385 0.210150 -0.136992 False
0.369870 0.194464 -0.140819 False
0.368281 0.166645 -0.147162 False
0.366250 0.150943 -0.143541 False
0.364900 0.149717 -0.135611 False
0.370762 0.151979 -0.129158 False
0.371602 0.161016 -0.125719 False
0.370199 0.170058 -0.121336 False
0.369722 0.177324 -0.115243 False
0.362121 0.184839 -0.113110 False
0.349247 0.188553 -0.115328 False
0.343161 0.192630 -0.116520 False
0.340169 0.197445 -0.113179 False
0.333846 0.194411 -0.103325 False
0.314727 0.182510 -0.084984 False
0.298648 0.176796 -0.074379 False
0.291843 0.171235 -0.065095 False
0.291411 0.168347 -0.050734 False
0.309021 0.196000 -0.037271 False
0.299391 0.175323 -0.040435 False
0.289719 0.179168 -0.046799 False
0.296689 0.177527 -0.051586 False
0.311952 0.171400 -0.054541 False
0.322185 0.161243 -0.058360 False
0.323068 0.146906 -0.057472 False
0.313623 0.126823 -0.044986 False
0.317499 0.106536 -0.035365 False
0.322192 0.083511 -0.050282 False
0.323952 0.077424 -0.069350 False
0.323276 0.076038 -0.086060 False
0.321890 0.067287 -0.100951 False
0.316097 0.058074 -0.118952 False
0.314325 0.053038 -0.129981 False
0.316380 0.052401 -0.142475 True
0.315334 0.052884 -0.154182 False
0.311440 0.054453 -0.157252 True
0.307375 0.055490 -0.154776 False
0.307646 0.054595 -0.154659 False
0.307643 0.056095 -0.155849 False
0.309304 0.056139 -0.150739 False
0.317672 0.059425 -0.136273 False
0.322016 0.068396 -0.127475 False
0.330267 0.076451 -0.128083 False
0.326678 0.079772 -0.141523 False
0.321472 0.094078 -0.151489 False
0.313480 0.096823 -0.148050 False
0.314399 0.093230 -0.143464 False
0.318457 0.092512 -0.143241 False
0.313943 0.097434 -0.150480 False
0.312387 0.107910 -0.154707 False
0.318413 0.123892 -0.150003 False
0.320418 0.150199 -0.140570 False
0.320462 0.173948 -0.131352 False
0.319456 0.200143 -0.118061 False
0.319010 0.213238 -0.109005 False
0.320787 0.217583 -0.102815 False
0.317487 0.214656 -0.102697 False
0.298521 0.226589 -0.084862 False
0.290382 0.236765 -0.064808 False
0.281820 0.252465 -0.045472 False
0.244650 0.290572 -0.064441 False
0.228481 0.259575 -0.078255 False
0.223133 0.243310 -0.072448 False
0.224741 0.231221 -0.063075 False
0.215172 0.204105 -0.032840 False
0.197984 0.223742 -0.038064 False
0.210102 0.262449 -0.044725 False
0.216499 0.266616 -0.046088 False
0.222604 0.265398 -0.044889 False
0.223965 0.256585 -0.042277 False
0.227091 0.252692 -0.034691 False
0.228531 0.239640 -0.023454 False
0.228057 0.226659 -0.015541 False
0.223273 0.221418 -0.021501 False
0.217557 0.219262 -0.033063 False
0.212451 0.219362 -0.048126 False
0.209500 0.220887 -0.064587 False
0.210245 0.223009 -0.080345 False
0.217128 0.223366 -0.100217 False
0.231757 0.226161 -0.108136 False
0.255904 0.239154 -0.049179 False
0.266431 0.220349 -0.046278 False
0.277217 0.200943 -0.057970 False
0.288648 0.176344 -0.073568 False
0.301340 0.145383 -0.080751 False
0.307726 0.160538 -0.078510 False
0.304000 0.189613 -0.076320 False
0.303430 0.201867 -0.088575 False
0.322848 0.204214 -0.102561 False
0.355982 0.205449 -0.115218 False
0.418299 0.202987 -0.126745 False
0.507413 0.190808 -0.143999 False
0.602672 0.155556 -0.163972 False
0.669004 0.108354 -0.172490 False
0.689271 0.087737 -0.174394 False
0.693528 0.074881 -0.173104 False
0.701088 0.058069 -0.172663 False
0.713444 0.045363 -0.176161 True
0.697373 0.063372 -0.176757 False
0.662861 0.065043 -0.167701 False
0.649188 0.054113 -0.158262 True
0.645256 0.045270 -0.154066 True
0.639546 0.048278 -0.154757 True
0.612306 0.079673 -0.159375 False
0.545965 0.126808 -0.161240 False
0.465840 0.162114 -0.154444 False
0.404201 0.184663 -0.146105 False
0.372706 0.195433 -0.140811 False
0.356693 0.203260 -0.143768 False
0.332424 0.209098 -0.161812 False
0.283403 0.186416 -0.174662 False
0.290568 0.177297 -0.182619 False
0.334377 0.189640 -0.183451 False
0.358381 0.196929 -0.178190 False
0.367053 0.199058 -0.172966 False
0.368643 0.203295 -0.169345 False
0.363354 0.222583 -0.169445 False
0.365206 0.227629 -0.177888 False
0.361518 0.243575 -0.185221 False
0.344141 0.273896 -0.189644 False
0.326342 0.313270 -0.180274 False
0.319918 0.336494 -0.161913 False
0.340863 0.326483 -0.153706 False
0.421313 0.320772 -0.157800 False
0.468556 0.315950 -0.145450 False
0.471488 0.294120 -0.127505 False
0.436813 0.252856 -0.111635 False
0.409281 0.229963 -0.106534 False
0.399323 0.223263 -0.105322 False
0.400354 0.217010 -0.103857 False
0.395105 0.207723 -0.103693 False
0.385490 0.204087 -0.102474 False
0.385249 0.216895 -0.097052 False
0.389511 0.238415 -0.088348 False
0.378777 0.261512 -0.077081 False
0.334062 0.272877 -0.068297 False
0.319234 0.273060 -0.052827 False
0.300411 0.266864 -0.047855 False
0.292192 0.249975 -0.050506 False
0.289525 0.248077 -0.052096 False
0.287050 0.246389 -0.049766 False
0.286336 0.246895 -0.048019 False
0.285558 0.249739 -0.046231 False
0.283409 0.260357 -0.038544 False
0.294295 0.251174 -0.045778 False
0.298790 0.248797 -0.047407 False
0.298829 0.246641 -0.049841 False
0.298603 0.245261 -0.051683 False
0.298538 0.244727 -0.053240 False
0.298208 0.244822 -0.056374 False
0.295676 0.243832 -0.057492 False
0.296008 0.242158 -0.060120 False
0.297464 0.237668 -0.064184 False
0.307236 0.237114 -0.070680 False
0.324353 0.252084 -0.074116 False
0.342209 0.242187 -0.083798 False
0.353842 0.259006 -0.085474 False
0.361728 0.263946 -0.088298 False
0.362942 0.262198 -0.091172 False
0.363487 0.259779 -0.092283 False
0.363527 0.258151 -0.094214 False
0.363066 0.259025 -0.096118 False
0.363587 0.261101 -0.100483 False
0.367374 0.267567 -0.107260 False
0.376364 0.276755 -0.108795 False
0.379643 0.288022 -0.111998 False
0.376786 0.297064 -0.121418 False
0.370823 0.301656 -0.132106 False
0.350490 0.311998 -0.136634 False
0.338394 0.312299 -0.136927 False
0.332464 0.309788 -0.138805 False
0.331459 0.303296 -0.142791 False
0.329993 0.299489 -0.145036 False
0.327608 0.292450 -0.147701 False
0.323547 0.284905 -0.147664 False
0.323180 0.280547 -0.148370 False
0.325742 0.273955 -0.148627 False
0.326806 0.267366 -0.147361 False
0.329879 0.259144 -0.142553 False
0.331837 0.253053 -0.139039 False
0.327373 0.257652 -0.134886 False
0.325277 0.264406 -0.121734 False
0.336303 0.263771 -0.099188 False
0.357140 0.249275 -0.083063 False
0.372997 0.227647 -0.073463 False
0.383919 0.202779 -0.066542 False
0.385091 0.184482 -0.066562 False
0.381565 0.174482 -0.065537 False
0.417122 0.177942 -0.082237 False
0.498586 0.166939 -0.115748 False
0.585266 0.123854 -0.154133 False
0.635715 0.087604 -0.157695 False
0.649350 0.074260 -0.166139 False
0.657433 0.069866 -0.179557 False
0.662595 0.070704 -0.192253 False
0.671238 0.066814 -0.203191 False
0.677655 0.063097 -0.207315 False
0.658979 0.083530 -0.205110 False
0.567364 0.154877 -0.196837 False
0.483830 0.182782 -0.186526 False
0.414364 0.181579 -0.185433 False
0.359883 0.179998 -0.190888 False
0.333866 0.188620 -0.206581 False
0.311751 0.198147 -0.224718 False
0.294124 0.203026 -0.236958 False
0.286556 0.200355 -0.239575 False
0.282363 0.187610 -0.235633 False
0.276480 0.179587 -0.237610 False
0.263723 0.182714 -0.233909 False
0.253213 0.184698 -0.233806 False
0.246637 0.183503 -0.235256 False
0.250652 0.187652 -0.236578 False
0.273247 0.194875 -0.232406 False
0.304197 0.182921 -0.213954 False
0.337596 0.163457 -0.194544 False
0.380740 0.136431 -0.180390 False
0.407975 0.107990 -0.182434 False
0.416032 0.084688 -0.206426 False
0.423980 0.077228 -0.248074 False
0.444379 0.079468 -0.305141 False
0.455533 0.080605 -0.347335 False
0.456020 0.070392 -0.370568 False
0.453140 0.061297 -0.377806 False
0.449645 0.055808 -0.382128 False
0.447979 0.052675 -0.382707 False
0.447526 0.050266 -0.382274 False
0.447381 0.048701 -0.382031 False
0.447024 0.049471 -0.382369 False
0.446486 0.056273 -0.380721 False
0.447420 0.081048 -0.368829 False
0.450358 0.093541 -0.327235 False
0.461127 0.084515 -0.275302 False
0.470972 0.065897 -0.248694 False
0.487988 0.052116 -0.248813 False
0.506359 0.050979 -0.264299 False
0.511645 0.058311 -0.275231 False
0.503523 0.062698 -0.272882 False
0.495062 0.060236 -0.265259 False
0.488450 0.057244 -0.256462 False
0.486146 0.056461 -0.252506 False
0.484557 0.057667 -0.250241 False
0.478951 0.063009 -0.240639 False
0.454283 0.076439 -0.202407 False
0.417793 0.076202 -0.144004 False
0.393056 0.064096 -0.111826 True
0.385017 0.060165 -0.103729 True
0.387744 0.067428 -0.104758 False
0.396588 0.072235 -0.104001 False
0.402172 0.073322 -0.099134 False
0.402673 0.067944 -0.090967 False
0.392832 0.067635 -0.086671 False
0.386133 0.068949 -0.085670 False
0.391107 0.064756 -0.087546 False
0.392595 0.060348 -0.090948 True
0.393035 0.056843 -0.107207 False
0.400943 0.057613 -0.154090 False
0.434235 0.072688 -0.258595 False
0.451324 0.081561 -0.329899 False
0.450933 0.076792 -0.371711 False
0.447784 0.063765 -0.388946 False
0.448298 0.054983 -0.392724 False
0.448220 0.050827 -0.392124 False
0.447396 0.049859 -0.390965 False
0.447467 0.051592 -0.389796 False
0.451207 0.060293 -0.386083 False
0.463262 0.082312 -0.376219 False
0.488305 0.077847 -0.341141 False
0.525229 0.056976 -0.307974 False
0.549674 0.045405 -0.307290 True
0.572572 0.048335 -0.339926 True
0.591126 0.037654 -0.381512 True
0.592557 0.034708 -0.392330 True
0.586807 0.041281 -0.389559 True
0.578691 0.051191 -0.378736 True
0.560239 0.065294 -0.353502 False
0.533976 0.080089 -0.320498 False
0.502098 0.098149 -0.294190 False
0.469554 0.120483 -0.287403 False
0.426829 0.134049 -0.311438 False
0.410065 0.141986 -0.339290 False
0.397125 0.133232 -0.371425 False
0.389612 0.120770 -0.393152 False
0.383183 0.105807 -0.407004 False
0.379095 0.092740 -0.416066 False
0.376982 0.098998 -0.408997 False
0.374821 0.116569 -0.369131 False
0.373445 0.125918 -0.261825 False
0.378093 0.114663 -0.200056 False
0.399231 0.115548 -0.178521 False
0.421369 0.120985 -0.168296 False
0.425360 0.122222 -0.159204 False
0.422366 0.121420 -0.152714 False
0.423020 0.122799 -0.156420 False
0.430681 0.137023 -0.177049 False
0.440629 0.155744 -0.208261 False
0.451695 0.170243 -0.244002 False
0.479097 0.198353 -0.304697 False
0.513629 0.236058 -0.365591 False
0.504841 0.237760 -0.367097 False
0.325555 0.132877 -0.150422 False
0.275679 0.102951 -0.088115 False
0.265381 0.096523 -0.073809 False
0.265759 0.096111 -0.072133 False
0.267910 0.096598 -0.073277 False
0.264832 0.097554 -0.072169 False
0.262659 0.099834 -0.070007 False
0.260500 0.104651 -0.067487 False
0.264650 0.117316 -0.076704 False
0.320241 0.156634 -0.141171 False
0.533302 0.301543 -0.386631 False
0.556998 0.333213 -0.413773 False
0.525446 0.316445 -0.374677 False
0.482564 0.285777 -0.320279 False
0.449890 0.272257 -0.271972 False
0.421464 0.271420 -0.233066 False
0.391768 0.264919 -0.205974 False
0.376547 0.255155 -0.202594 False
0.384338 0.235895 -0.215948 False
0.384643 0.226816 -0.226790 False
0.382547 0.222915 -0.222791 False
0.390279 0.225974 -0.215812 False
0.399216 0.231510 -0.206200 False
0.415229 0.214338 -0.230859 False
0.407540 0.222530 -0.220299 False
0.389095 0.217486 -0.231662 False
0.388016 0.207819 -0.231099 False
0.388922 0.210356 -0.233279 False
0.399254 0.215341 -0.229166 False
0.399780 0.217089 -0.228705 False
0.398229 0.248188 -0.234380 False
0.408092 0.271898 -0.246987 False
0.446051 0.291581 -0.268818 False
0.474275 0.239528 -0.265680 False
0.500869 0.164728 -0.246159 False
0.500697 0.089031 -0.226069 False
0.485570 0.049581 -0.229884 True
0.475195 0.035566 -0.238947 True
0.483076 0.030567 -0.238337 True
0.513931 0.048857 -0.248961 False
0.554016 0.074569 -0.280961 False
0.626329 0.086302 -0.342868 True
0.662615 0.096048 -0.369331 False
0.687443 0.086981 -0.378117 False
0.697332 0.076192 -0.376889 False
0.700560 0.067286 -0.375249 False
0.701359 0.063174 -0.375810 False
0.706579 0.058284 -0.378232 False
0.704302 0.059847 -0.380573 False
0.690105 0.079638 -0.389487 False
0.672658 0.112505 -0.411264 False
0.628430 0.162714 -0.403895 False
0.576406 0.201405 -0.367989 False
0.526356 0.223978 -0.324369 False
0.502258 0.245032 -0.309857 False
0.490562 0.261520 -0.312514 False
0.478375 0.283459 -0.319932 False
0.471272 0.317687 -0.323791 False
0.480755 0.355498 -0.320491 False
0.484542 0.376410 -0.317044 False
0.483191 0.384057 -0.315002 False
0.482447 0.384171 -0.318480 False
0.481263 0.381827 -0.327184 False
0.476250 0.375665 -0.341648 False
0.471637 0.365527 -0.350056 False
0.461455 0.346583 -0.360022 False
0.455827 0.329071 -0.369632 False
0.446425 0.302354 -0.383297 False
0.430400 0.263608 -0.397301 False
0.416815 0.231713 -0.405689 False
0.410393 0.214772 -0.411301 False
0.407726 0.206640 -0.416476 False
0.407601 0.203078 -0.422505 False
0.411842 0.199846 -0.425540 False
0.415979 0.201352 -0.425786 False
0.418702 0.208653 -0.426036 False
0.411787 0.212769 -0.429572 False
0.408300 0.207067 -0.430813 False
0.413883 0.202854 -0.428092 False
0.429520 0.207561 -0.421716 False
0.434382 0.212426 -0.418791 False
0.429924 0.209256 -0.419437 False
0.424213 0.201450 -0.419098 False
0.424205 0.197589 -0.417407 False
0.431135 0.197258 -0.414706 False
0.436164 0.197867 -0.412211 False
0.438875 0.199362 -0.409302 False
0.436296 0.202546 -0.407814 False
0.433479 0.199343 -0.409694 False
0.435981 0.193802 -0.411799 False
0.443959 0.195086 -0.412308 False
0.449208 0.197691 -0.412386 False
0.447116 0.200251 -0.412801 False
0.437653 0.193140 -0.414667 False
0.440612 0.189114 -0.415867 False
0.449966 0.192633 -0.413901 False
0.446636 0.193492 -0.412631 False
0.437938 0.184023 -0.414060 False
0.450817 0.184933 -0.412774 False
0.460859 0.188622 -0.411831 False
0.450464 0.185213 -0.413545 False
0.435164 0.175579 -0.418237 False
0.443074 0.175687 -0.418159 False
0.455013 0.182941 -0.415224 False
0.453105 0.186271 -0.415999 False
0.437743 0.177453 -0.419259 False
0.444360 0.177029 -0.418268 False
0.460490 0.183721 -0.414319 False
0.464890 0.185840 -0.412437 False
0.463888 0.181360 -0.412467 False
0.467228 0.177145 -0.413033 False
0.472743 0.174585 -0.412964 False
0.481388 0.177163 -0.414060 False
0.484773 0.180775 -0.415696 False
0.479665 0.186815 -0.417592 False
0.467809 0.190798 -0.422260 False
0.461222 0.187861 -0.421977 False
0.453731 0.186538 -0.422396 False
0.451404 0.191225 -0.421645 False
0.452038 0.194029 -0.420113 False
0.462094 0.203292 -0.416355 False
0.473486 0.202104 -0.408059 False
0.485929 0.193056 -0.388194 False
0.495821 0.176089 -0.340347 False
0.507874 0.160787 -0.305889 False
0.528276 0.143757 -0.279887 False
0.546481 0.125966 -0.266282 False
0.570168 0.114462 -0.262526 False
0.593046 0.105391 -0.271894 False
0.618676 0.099018 -0.285929 False
0.644922 0.091805 -0.306570 False
0.656974 0.084261 -0.321310 False
0.666693 0.074076 -0.332375 False
0.684404 0.051761 -0.341902 False
0.696643 0.032581 -0.347891 True
0.697578 0.035128 -0.350834 True
0.654744 0.063158 -0.343983 False
0.557306 0.090634 -0.297929 False
0.484385 0.063040 -0.268135 False
0.457645 0.041278 -0.252340 True
0.458694 0.042103 -0.242843 True
0.464096 0.092800 -0.229785 False
0.458605 0.155942 -0.214946 False
0.432132 0.218681 -0.200742 False
0.422531 0.238412 -0.185550 False
0.415421 0.231414 -0.176716 False
0.401312 0.233670 -0.170135 False
0.390009 0.240069 -0.164683 False
0.386363 0.237835 -0.162114 False
0.383885 0.236361 -0.159816 False
0.379792 0.240438 -0.161532 False
0.379125 0.248196 -0.162292 False
0.381267 0.253852 -0.162702 False
0.382168 0.251838 -0.165068 False
0.381107 0.233482 -0.168822 False
0.383565 0.229597 -0.169170 False
0.379261 0.240488 -0.166159 False
0.390070 0.235873 -0.164582 False
0.399475 0.240654 -0.174206 False
0.418874 0.238867 -0.175641 False
0.414273 0.244245 -0.184111 False
0.388205 0.236080 -0.164066 False
0.385556 0.227539 -0.157114 False
0.379366 0.224305 -0.154979 False
0.376101 0.221785 -0.151322 False
0.372281 0.226166 -0.148593 False
0.371818 0.227678 -0.146468 False
0.380333 0.235617 -0.150940 False
0.415749 0.259616 -0.183072 False
0.463383 0.291598 -0.241673 False
0.506127 0.306326 -0.331191 False
0.553785 0.291527 -0.397491 True
0.552151 0.243577 -0.391625 False
0.357096 0.128859 -0.156607 False
0.299758 0.097625 -0.090766 False
0.288022 0.093229 -0.078458 False
0.290067 0.093038 -0.079677 False
0.294048 0.093894 -0.083172 False
0.295053 0.092860 -0.083425 False
0.294775 0.090074 -0.080768 False
0.294465 0.088903 -0.078590 False
0.303470 0.093704 -0.089483 False
0.359951 0.127461 -0.157118 False
0.573439 0.254987 -0.410470 False
0.581992 0.311029 -0.444351 False
0.517358 0.320818 -0.365048 False
0.460358 0.264248 -0.258198 False
0.402069 0.175529 -0.152742 False
0.350529 0.096179 -0.106251 False
0.319331 0.070771 -0.088899 False
0.302775 0.070444 -0.075040 False
0.297493 0.069398 -0.067591 False
0.298398 0.062881 -0.057372 False
0.291628 0.060105 -0.043958 True
0.288732 0.061659 -0.037077 False
0.291010 0.060889 -0.039620 True
0.296589 0.061464 -0.045680 False
0.305135 0.058589 -0.052691 True
0.304641 0.065372 -0.051187 False
0.304928 0.063342 -0.050395 False
0.301891 0.060606 -0.050342 True
0.299579 0.064523 -0.051109 False
0.297804 0.070867 -0.053126 False
0.296912 0.076044 -0.055688 False
0.296631 0.078294 -0.059279 False
0.297504 0.078430 -0.061505 False
0.298707 0.079387 -0.065405 False
0.301977 0.089412 -0.072703 False
0.307468 0.113063 -0.088240 False
0.306705 0.147733 -0.116748 False
0.291678 0.203677 -0.165661 False
0.259919 0.235830 -0.212209 False
0.242087 0.223972 -0.232137 False
0.280892 0.244532 -0.195115 False
0.225486 0.163227 -0.231871 False
0.223976 0.153658 -0.240632 False
0.249980 0.213303 -0.245463 False
0.261952 0.236577 -0.250336 False
0.263886 0.242684 -0.255550 False
0.261192 0.244778 -0.266009 False
0.256765 0.247281 -0.261916 False
0.251426 0.240368 -0.256443 False
0.240925 0.221200 -0.261454 False
0.244320 0.211609 -0.243358 False
0.262023 0.177855 -0.191979 False
0.271088 0.232689 -0.208552 False
0.362359 0.310347 -0.125788 False
0.263522 0.264676 -0.213286 False
0.227589 0.281566 -0.232959 False
0.227470 0.309587 -0.238571 False
0.248388 0.332858 -0.245059 False
0.277731 0.338888 -0.243231 False
0.321108 0.304860 -0.233830 False
0.360989 0.216997 -0.220734 False
0.391296 0.115837 -0.199641 False
0.409332 0.051202 -0.187732 True
0.417478 0.028805 -0.187420 True
0.422595 0.030295 -0.201561 True
0.433238 0.076799 -0.249815 True
0.448760 0.120397 -0.324177 False
0.454983 0.135114 -0.416859 False
0.455484 0.127034 -0.469362 False
0.453084 0.111649 -0.490902 False
0.448460 0.093876 -0.493907 False
0.444387 0.089400 -0.489444 False
0.448294 0.090535 -0.484394 False
0.456388 0.101064 -0.476306 False
0.460849 0.115020 -0.466112 False
0.463775 0.136416 -0.452052 False
0.456815 0.174916 -0.423986 False
0.445716 0.206592 -0.383380 False
0.428353 0.222572 -0.334358 False
0.401277 0.228381 -0.286913 False
0.374855 0.235863 -0.261752 False
0.350295 0.247324 -0.250380 False
0.332213 0.255637 -0.245402 False
0.318049 0.260656 -0.239258 False
0.310264 0.259169 -0.238050 False
0.299046 0.254888 -0.240455 False
0.305580 0.256878 -0.235974 False
0.307655 0.256852 -0.232845 False
0.305568 0.258275 -0.231068 False
0.305983 0.257572 -0.228671 False
0.306411 0.257148 -0.226037 False
0.307035 0.257592 -0.222615 False
0.308705 0.261946 -0.218988 False
0.312784 0.268347 -0.215058 False
0.314981 0.273499 -0.213765 False
0.320536 0.277391 -0.211523 False
0.323880 0.279492 -0.209667 False
0.325534 0.280957 -0.207492 False
0.326253 0.282492 -0.204470 False
0.326904 0.284700 -0.201794 False
0.328041 0.286640 -0.199732 False
0.329295 0.288829 -0.197826 False
0.331428 0.291554 -0.195986 False
0.334367 0.297548 -0.193914 False
0.337810 0.304170 -0.191546 False
0.340739 0.307302 -0.190008 False
0.341612 0.307358 -0.188437 False
0.341924 0.306813 -0.187205 False
0.342677 0.306118 -0.186745 False
0.343514 0.306050 -0.186044 False
0.344513 0.304673 -0.185971 False
0.344876 0.303696 -0.186200 False
0.344872 0.301594 -0.187071 False
0.343869 0.302567 -0.186151 False
0.343616 0.304845 -0.184342 False
0.341670 0.304518 -0.183471 False
0.341511 0.303697 -0.183170 False
0.342103 0.303578 -0.183103 False
0.342561 0.303096 -0.182573 False
0.342359 0.300300 -0.181554 False
0.341429 0.298807 -0.180183 False
0.341816 0.297161 -0.179901 False
0.342987 0.294158 -0.180264 False
0.343066 0.292375 -0.180088 False
0.341969 0.290290 -0.180536 False
0.340786 0.290072 -0.180856 False
0.342261 0.287524 -0.182438 False
0.349452 0.280164 -0.189878 False
0.359509 0.276738 -0.202005 False
0.375799 0.265774 -0.208146 False
0.397278 0.251203 -0.213525 False
0.416740 0.240891 -0.226543 False
0.439906 0.221872 -0.259070 False
0.457721 0.191142 -0.313891 False
0.460276 0.152352 -0.342939 False
0.459087 0.121226 -0.368802 False
0.456651 0.109841 -0.386137 False
0.452855 0.105965 -0.396721 False
0.452967 0.099745 -0.402556 False
0.453748 0.092787 -0.406876 False
0.456463 0.087111 -0.410296 False
0.460148 0.087200 -0.412387 False
0.465028 0.096570 -0.412683 False
0.466620 0.111493 -0.407614 False
0.454521 0.131754 -0.394206 False
0.432762 0.146460 -0.366633 False
0.417093 0.140342 -0.319644 False
0.419861 0.100929 -0.255660 False
0.423783 0.068161 -0.220247 False
0.423247 0.041823 -0.197291 False
0.415865 0.021864 -0.181727 True
0.411370 0.019673 -0.179021 True
0.408709 0.021952 -0.182945 True
0.404474 0.039444 -0.183729 True
0.382820 0.069311 -0.171276 False
0.342872 0.085555 -0.132709 False
0.307582 0.080922 -0.087656 False
0.289203 0.073528 -0.051808 False
0.289268 0.069882 -0.038088 False
0.300067 0.069236 -0.037202 False
0.316095 0.064506 -0.039200 False
0.323645 0.062707 -0.042127 False
0.329213 0.066227 -0.046319 False
0.331714 0.073774 -0.052323 False
0.331451 0.082728 -0.054410 False
0.332741 0.079675 -0.055067 False
0.330913 0.079974 -0.054187 False
0.324590 0.086276 -0.053589 False
0.320130 0.089089 -0.055229 False
0.318124 0.086790 -0.057806 False
0.313157 0.091452 -0.062656 False
0.309324 0.101846 -0.073687 False
0.329298 0.115588 -0.102065 False
0.392722 0.139429 -0.146601 False
0.530535 0.184683 -0.196230 False
0.674299 0.217827 -0.217881 False
0.760703 0.216211 -0.228956 False
0.793113 0.202284 -0.236149 False
0.792441 0.198519 -0.240795 False
0.782827 0.199047 -0.244419 False
0.762436 0.198385 -0.256934 False
0.771173 0.200200 -0.255032 False
0.762915 0.206522 -0.264514 False
0.755804 0.229348 -0.265570 False
0.734814 0.271637 -0.282796 False
0.690252 0.325448 -0.289932 False
0.650685 0.340436 -0.277605 False
0.615851 0.330556 -0.259733 False
0.577118 0.298997 -0.243140 False
0.541153 0.270626 -0.243434 False
0.526126 0.255075 -0.236802 False
0.511044 0.241389 -0.236854 False
0.505296 0.236032 -0.237036 False
0.502270 0.238323 -0.233711 False
0.517871 0.239800 -0.241480 False
0.501706 0.248597 -0.249130 False
0.493669 0.252346 -0.248310 False
0.523365 0.224972 -0.217454 False
0.482353 0.260258 -0.268895 False
0.472999 0.269566 -0.287717 False
0.473416 0.267267 -0.292277 False
0.468420 0.265316 -0.289726 False
0.461608 0.265305 -0.280317 False
0.465374 0.265975 -0.269630 False
0.462239 0.276374 -0.273633 False
0.471106 0.276361 -0.282210 False
0.474857 0.276367 -0.280103 False
0.474620 0.277249 -0.278920 False
0.481469 0.266620 -0.268479 False
0.522899 0.214157 -0.219211 False
0.529320 0.201399 -0.172281 False
0.491370 0.251633 -0.247502 False
0.526871 0.208700 -0.223748 False
0.538242 0.195508 -0.217484 False
0.540150 0.193685 -0.216636 False
0.538771 0.194802 -0.217089 False
0.538888 0.194904 -0.218375 False
0.540289 0.193753 -0.217191 False
0.540711 0.193062 -0.216676 False
0.539721 0.194094 -0.219349 False
0.538530 0.195851 -0.219172 False
0.535383 0.201058 -0.222941 False
0.534137 0.203116 -0.224323 False
0.533959 0.203049 -0.224917 False
0.535618 0.199714 -0.223992 False
0.537079 0.195413 -0.219631 False
0.537633 0.194148 -0.217841 False
0.533221 0.198295 -0.228217 False
0.522299 0.210687 -0.255515 False
0.502616 0.232904 -0.263545 False
0.470510 0.268682 -0.261612 False
0.447632 0.292511 -0.236500 False
0.426875 0.302038 -0.223615 False
0.407248 0.303186 -0.214398 False
0.390569 0.302777 -0.205275 False
0.382746 0.301881 -0.200201 False
0.376516 0.300996 -0.198318 False
0.372173 0.302728 -0.199376 False
0.368586 0.305620 -0.200344 False
0.366773 0.309528 -0.202059 False
0.365721 0.312968 -0.203685 False
0.365530 0.314635 -0.204650 False
0.365320 0.315448 -0.205123 False
0.364730 0.316492 -0.206304 False
0.364465 0.317559 -0.206983 False
0.363115 0.317079 -0.206886 False
0.361358 0.317844 -0.206932 False
0.358057 0.320813 -0.207358 False
0.360125 0.319683 -0.208175 False
0.355447 0.322533 -0.208317 False
0.352903 0.322661 -0.208564 False
0.352367 0.322357 -0.209237 False
0.351737 0.322101 -0.209863 False
0.350176 0.321401 -0.210501 False
0.349615 0.321061 -0.211161 False
0.349385 0.321696 -0.211724 False
0.348825 0.322199 -0.212120 False
0.348029 0.321909 -0.212300 False
0.347375 0.322219 -0.212564 False
0.346122 0.321784 -0.212724 False
0.346428 0.322873 -0.212938 False
0.346803 0.323795 -0.213010 False
0.346965 0.323247 -0.212398 False
0.346226 0.321778 -0.211698 False
0.345875 0.321063 -0.211366 False
0.345881 0.321836 -0.211158 False
0.346182 0.322719 -0.210989 False
0.345804 0.322264 -0.210455 False
0.345830 0.322434 -0.210294 False
0.345995 0.322821 -0.210196 False
0.345654 0.322251 -0.210066 False
0.345855 0.322004 -0.210035 False
0.346735 0.320852 -0.210089 False
0.350256 0.317639 -0.210156 False
0.360377 0.312235 -0.210342 False
0.367872 0.307685 -0.209419 False
0.374621 0.304697 -0.208007 False
0.382917 0.303361 -0.206887 False
0.394276 0.305179 -0.206439 False
0.407121 0.309655 -0.206972 False
0.422896 0.310658 -0.209615 False
0.442675 0.305064 -0.217210 False
0.456353 0.305609 -0.203848 False
0.467403 0.304342 -0.204135 False
0.482757 0.300925 -0.218029 False
0.493438 0.297235 -0.222905 False
0.504472 0.293263 -0.226415 False
0.507030 0.294100 -0.225017 False
0.510781 0.290884 -0.228760 False
0.513069 0.286980 -0.231315 False
0.515205 0.280075 -0.231219 False
0.515118 0.270469 -0.228419 False
0.515769 0.261856 -0.229291 False
0.516652 0.256569 -0.234273 False
0.516073 0.252248 -0.232788 False
0.519663 0.246094 -0.231758 False
0.522761 0.237283 -0.220135 False
0.523584 0.229908 -0.217023 False
0.520631 0.230376 -0.221414 False
0.522659 0.230134 -0.220082 False
0.520475 0.235126 -0.213046 False
0.491610 0.258713 -0.199465 False
0.417045 0.304524 -0.221835 False
0.402080 0.312818 -0.225144 False
0.399259 0.308930 -0.216993 False
0.394061 0.309591 -0.207917 False
0.382780 0.307046 -0.196882 False
0.371249 0.301365 -0.198285 False
0.364193 0.296870 -0.204885 False
0.366341 0.293658 -0.209692 False
0.372838 0.292094 -0.208430 False
0.384356 0.297743 -0.212548 False
0.383404 0.301177 -0.210895 False
0.379569 0.298084 -0.209814 False
0.387167 0.297241 -0.204616 False
0.407420 0.292967 -0.190058 False
0.455050 0.298388 -0.140629 False
0.407830 0.294806 -0.178996 False
0.382498 0.296371 -0.192834 False
0.377382 0.295564 -0.198735 False
0.398374 0.287205 -0.200236 False
0.401182 0.285897 -0.201931 False
0.400471 0.278328 -0.196146 False
0.403332 0.279387 -0.192192 False
0.403352 0.283400 -0.188011 False
0.400593 0.284933 -0.185481 False
0.410494 0.287814 -0.191540 False
0.413644 0.303586 -0.194259 False
0.414325 0.307635 -0.185120 False
0.405524 0.302850 -0.172057 False
0.393390 0.304247 -0.165461 False
0.386306 0.305946 -0.161696 False
0.390142 0.307007 -0.160375 False
0.422381 0.314235 -0.165965 False
0.478681 0.321395 -0.174823 False
0.538885 0.331366 -0.196026 False
0.611104 0.330174 -0.225930 False
0.679125 0.316320 -0.253486 False
0.721963 0.300588 -0.265344 False
0.738974 0.265953 -0.257094 False
0.769733 0.232096 -0.245113 False
0.781809 0.208774 -0.245840 False
0.784584 0.197973 -0.252868 False
0.778334 0.191130 -0.266552 False
0.785659 0.189641 -0.257116 False
0.787479 0.189169 -0.251820 False
0.780796 0.191950 -0.250046 False
0.734355 0.197705 -0.242621 False
0.585156 0.166233 -0.215772 False
0.450556 0.094024 -0.192009 False
0.401143 0.067640 -0.190785 False
0.397952 0.054515 -0.192554 True
0.405168 0.035622 -0.188569 True
0.404474 0.023308 -0.180921 True
0.399349 0.020956 -0.182314 True
0.383160 0.028580 -0.191390 True
0.362533 0.037519 -0.204386 True
0.347343 0.039135 -0.214252 True
0.333102 0.037803 -0.226270 True
0.322434 0.027952 -0.233014 True
0.322200 0.030784 -0.233584 True
0.330735 0.046838 -0.220615 True
0.329576 0.065962 -0.190339 False
0.320780 0.078191 -0.151246 False
0.305073 0.079155 -0.109037 False
0.291785 0.078100 -0.081334 False
0.285463 0.075745 -0.069319 False
0.289620 0.071122 -0.073901 False
0.302788 0.071051 -0.103481 False
0.314760 0.075301 -0.153910 False
0.330195 0.057056 -0.203406 True
0.331841 0.070013 -0.206059 False
0.326744 0.090622 -0.161786 False
0.310542 0.089543 -0.107060 False
0.295808 0.082237 -0.053936 False
0.290208 0.078042 -0.033857 False
0.293582 0.076707 -0.033996 False
0.295396 0.077293 -0.035010 False
0.293834 0.077108 -0.034263 False
0.288955 0.077954 -0.032654 False
0.285879 0.080465 -0.034346 False
0.284904 0.081794 -0.038056 False
0.288801 0.085936 -0.045737 False
0.297958 0.084151 -0.067687 False
0.315489 0.085472 -0.117283 False
0.333536 0.080987 -0.167328 False
0.333977 0.064660 -0.203469 False
0.329073 0.050049 -0.222303 True
0.332252 0.040274 -0.229815 True
0.334077 0.034888 -0.231758 True
0.332789 0.048397 -0.230546 True
0.323045 0.128453 -0.242128 False
0.293909 0.192714 -0.262835 False
0.263300 0.216293 -0.274216 False
0.252236 0.216018 -0.269929 False
0.271747 0.225392 -0.237703 False
0.354246 0.272681 -0.128290 False
0.260576 0.213716 -0.236201 False
0.240931 0.216689 -0.268230 False
0.257699 0.255805 -0.272315 False
0.294717 0.286822 -0.254734 False
0.263806 0.262997 -0.291019 False
0.252652 0.266211 -0.300428 False
0.260564 0.262507 -0.289160 False
0.295088 0.281835 -0.264975 False
0.405363 0.316280 -0.142893 False
0.284966 0.238261 -0.239912 False
0.253405 0.220438 -0.270883 False
0.244341 0.221115 -0.277639 False
0.238718 0.210116 -0.277323 False
0.233417 0.191592 -0.276829 False
0.219584 0.155529 -0.277533 False
0.217560 0.151969 -0.278652 False
0.214021 0.142372 -0.279972 False
0.210879 0.140381 -0.279161 False
0.202628 0.146723 -0.280290 False
0.200860 0.146321 -0.280075 False
0.199162 0.145507 -0.280230 False
0.199697 0.147861 -0.280196 False
0.204084 0.160443 -0.279004 False
0.224380 0.202784 -0.273970 False
0.206307 0.172746 -0.278832 False
0.213721 0.198892 -0.280738 False
0.224386 0.214074 -0.282174 False
0.217069 0.191349 -0.277938 False
0.216002 0.190028 -0.273696 False
0.204950 0.179940 -0.273584 False
0.204594 0.177591 -0.273707 False
0.236965 0.192186 -0.272131 False
0.260848 0.202129 -0.273302 False
0.275834 0.211529 -0.265404 False
0.272312 0.252249 -0.250936 False
0.289898 0.285404 -0.231352 False
0.295382 0.301038 -0.217955 False
0.299460 0.291815 -0.207366 False
0.306205 0.253699 -0.189492 False
0.314563 0.228195 -0.175329 False
0.315641 0.239288 -0.179199 False
0.311635 0.290241 -0.166734 False
0.311635 0.354098 -0.138356 False
0.309372 0.367725 -0.129252 False
0.298469 0.308600 -0.145174 False
0.290834 0.285952 -0.145785 False
0.297488 0.322336 -0.126589 False
0.290579 0.287261 -0.132317 False
0.289166 0.304714 -0.125883 False
0.292444 0.317116 -0.125596 False
0.287981 0.274705 -0.138838 False
0.288009 0.309597 -0.131932 False
0.283644 0.285172 -0.146956 False
0.283300 0.291253 -0.153003 False
0.292997 0.317108 -0.146102 False
0.292473 0.285115 -0.148762 False
0.296007 0.311124 -0.133716 False
0.291365 0.291954 -0.138667 False
0.294642 0.285528 -0.134944 False
0.301599 0.311417 -0.124822 False
0.303687 0.284041 -0.137285 False
0.312761 0.265816 -0.146242 False
0.323341 0.275222 -0.157674 False
0.327111 0.281893 -0.165986 False
0.318588 0.279501 -0.161841 False
0.307856 0.273599 -0.160630 False
0.294443 0.265822 -0.169086 False
0.281035 0.259152 -0.184487 False
0.288290 0.249416 -0.201329 False
0.339385 0.229698 -0.191691 False
0.448309 0.192710 -0.159319 False
0.565842 0.171344 -0.118397 False
0.630143 0.156094 -0.091315 False
0.702891 0.128422 -0.076196 False
0.757495 0.093121 -0.076595 False
0.785979 0.068437 -0.081862 False
0.799636 0.050174 -0.085317 True
0.799535 0.039279 -0.085425 True
0.794886 0.034870 -0.077426 True
0.794182 0.040105 -0.073904 True
0.796351 0.055291 -0.071132 False
0.783889 0.096346 -0.066779 False
0.741903 0.159388 -0.061029 False
0.681869 0.208423 -0.065334 False
0.609814 0.232240 -0.084272 False
0.529185 0.243486 -0.124231 False
0.481783 0.277677 -0.203652 False
0.424127 0.299490 -0.216298 False
0.358965 0.281254 -0.226082 False
0.306965 0.204467 -0.229191 False
0.269382 0.195221 -0.243854 False
0.240917 0.200001 -0.249653 False
0.226558 0.212701 -0.247877 False
0.222197 0.215311 -0.239205 False
0.227413 0.209904 -0.233415 False
0.233054 0.203119 -0.232845 False
0.243976 0.198593 -0.233263 False
0.252797 0.192957 -0.234456 False
0.259874 0.190841 -0.233025 False
0.264510 0.186042 -0.225544 False
0.268838 0.186096 -0.213500 False
0.277492 0.194794 -0.198592 False
0.304012 0.197327 -0.207982 False
0.300756 0.193171 -0.219604 False
0.287269 0.189386 -0.226320 False
0.284945 0.181666 -0.227126 False
0.294406 0.191787 -0.219603 False
0.311100 0.203465 -0.187523 False
0.311023 0.202680 -0.180699 False
0.284902 0.182141 -0.207603 False
0.275853 0.192101 -0.220270 False
0.274501 0.241487 -0.235941 False
0.277696 0.222125 -0.212060 False
0.300544 0.218630 -0.201274 False
0.314467 0.202624 -0.209323 False
0.296478 0.184194 -0.210806 False
0.293162 0.183581 -0.202140 False
0.295874 0.202624 -0.193906 False
0.302636 0.249308 -0.194661 False
0.359805 0.248925 -0.138482 False
0.392648 0.237604 -0.127011 False
0.408080 0.227008 -0.121763 False
0.419831 0.219174 -0.115418 False
0.441926 0.216881 -0.108112 False
0.507189 0.224565 -0.095238 False
0.594094 0.241032 -0.098891 False
0.670854 0.240204 -0.095982 False
0.723405 0.237590 -0.114932 False
0.773537 0.192927 -0.135611 False
0.794424 0.136545 -0.143148 False
0.798779 0.061209 -0.130947 False
0.765031 0.020019 -0.120741 True
0.754160 0.028930 -0.117746 True
0.722711 0.095212 -0.117418 False
0.583916 0.154524 -0.110039 False
0.450318 0.135352 -0.078846 False
0.348110 0.068055 -0.043557 False
0.317445 0.035035 -0.033070 True
0.314914 0.024254 -0.032726 True
0.317728 0.020487 -0.032252 True
0.318472 0.019315 -0.032405 True
0.317666 0.019828 -0.033485 True
0.316175 0.020579 -0.034290 True
0.315132 0.021656 -0.031528 True
0.313970 0.022400 -0.030029 False
0.312808 0.023145 -0.028531 False
0.311646 0.023890 -0.027032 False
0.310485 0.024634 -0.025534 False
0.309323 0.025379 -0.024035 False
0.308161 0.026124 -0.022537 False
0.306999 0.026869 -0.021038 False
0.305838 0.027613 -0.019540 False
0.304676 0.028358 -0.018041 False
0.303514 0.029103 -0.016542 False
