0.407084 0.048334 -0.425583 False
0.407662 0.048436 -0.425575 False
0.408078 0.047984 -0.425217 False
0.409028 0.049234 -0.425178 False
0.407931 0.049533 -0.424906 False
0.407668 0.049496 -0.424909 False
0.407513 0.051037 -0.425612 False
0.407408 0.051044 -0.425511 False
0.407083 0.049529 -0.425739 False
0.407097 0.049458 -0.425079 False
0.407374 0.049079 -0.424942 False
0.407748 0.049373 -0.425444 False
0.408756 0.049068 -0.425045 False
0.407642 0.049497 -0.424727 False
0.407095 0.049492 -0.425053 False
0.407244 0.049085 -0.424928 False
0.407426 0.049569 -0.425151 False
0.407340 0.049970 -0.425532 False
0.407177 0.050955 -0.425308 False
0.407372 0.051044 -0.425218 False
0.407346 0.050407 -0.425655 False
0.407369 0.049998 -0.425779 False
0.407318 0.050287 -0.425767 False
0.407348 0.049577 -0.425263 False
0.407814 0.049272 -0.424904 False
0.408725 0.049453 -0.424919 False
0.407385 0.051177 -0.425191 False
0.407055 0.051964 -0.425286 False
0.407244 0.051342 -0.425179 False
0.407160 0.049946 -0.425615 False
0.407111 0.049370 -0.425865 False
0.407423 0.050182 -0.425908 False
0.407719 0.052023 -0.425889 False
0.408900 0.050299 -0.426062 False
0.408191 0.049650 -0.425813 False
0.409233 0.049113 -0.426054 False
0.409374 0.049349 -0.425745 False
0.408362 0.049096 -0.425366 False
0.408966 0.049659 -0.425589 False
0.407653 0.051895 -0.425106 False
0.407070 0.050323 -0.425349 False
0.407236 0.049854 -0.424762 False
0.407420 0.049987 -0.425010 False
0.407386 0.050838 -0.425448 False
0.407500 0.050041 -0.425124 False
0.408285 0.050104 -0.425141 False
0.407203 0.051174 -0.424921 False
0.406948 0.051169 -0.425135 False
0.407051 0.050081 -0.425301 False
0.407039 0.049970 -0.425461 False
0.407050 0.050656 -0.425330 False
0.407175 0.051002 -0.425811 False
0.407173 0.049853 -0.425802 False
0.407325 0.049125 -0.425292 False
0.407067 0.049562 -0.425328 False
0.407415 0.050016 -0.425588 False
0.407729 0.051167 -0.425723 False
0.408832 0.051116 -0.425313 False
0.408194 0.049834 -0.425225 False
0.408982 0.050592 -0.425156 False
0.407663 0.049237 -0.425323 False
0.407345 0.049023 -0.425707 False
0.407380 0.049604 -0.425879 False
0.407450 0.051748 -0.425810 False
0.407364 0.049813 -0.425475 False
0.407404 0.049804 -0.425709 False
0.407275 0.050156 -0.425787 False
0.407455 0.049301 -0.425452 False
0.408613 0.049655 -0.424935 False
0.407564 0.051694 -0.425632 False
0.407176 0.049587 -0.425678 False
0.407244 0.049143 -0.425448 False
0.407359 0.049962 -0.425594 False
0.407345 0.053204 -0.425357 False
0.407343 0.051260 -0.425288 False
0.407421 0.050237 -0.425400 False
0.407311 0.051457 -0.425825 False
0.407300 0.052445 -0.425901 False
0.407293 0.051056 -0.425648 False
0.407271 0.052442 -0.425069 False
0.407204 0.051301 -0.424741 False
0.407039 0.049379 -0.425247 False
0.407622 0.049000 -0.425730 False
0.408555 0.049582 -0.426141 False
0.407754 0.051886 -0.426157 False
0.407382 0.050571 -0.426056 False
0.407207 0.051071 -0.425788 False
0.406892 0.052178 -0.425490 False
0.406799 0.050335 -0.425808 False
0.406855 0.050207 -0.425491 False
0.407178 0.053210 -0.425236 False
0.408232 0.051326 -0.425619 False
0.407263 0.050747 -0.425628 False
0.407159 0.052873 -0.425290 False
0.406832 0.053602 -0.425421 False
0.406873 0.053828 -0.425177 False
0.407187 0.050191 -0.425768 False
0.407303 0.049577 -0.425378 False
0.407397 0.049228 -0.425024 False
0.407729 0.049966 -0.425177 False
0.408854 0.049179 -0.425233 False
0.408145 0.049442 -0.425296 False
0.408941 0.051427 -0.425783 False
0.407799 0.053386 -0.425896 False
0.407555 0.050447 -0.425507 False
0.407876 0.050762 -0.425668 False
0.407463 0.049727 -0.425650 False
0.407326 0.051015 -0.425636 False
0.407314 0.051008 -0.425406 False
0.407319 0.049652 -0.425383 False
0.407363 0.050199 -0.425035 False
0.407635 0.049962 -0.425447 False
0.408533 0.052221 -0.425621 False
0.407611 0.051600 -0.425434 False
0.407365 0.052345 -0.425578 False
0.407343 0.050375 -0.425646 False
0.407587 0.049902 -0.425904 False
0.408699 0.050087 -0.425641 False
0.407565 0.049027 -0.425513 False
0.407443 0.049707 -0.425962 False
0.407330 0.050578 -0.425742 False
0.407270 0.050821 -0.425809 False
0.407292 0.049279 -0.425266 False
0.407313 0.050558 -0.425510 False
0.408294 0.049594 -0.425666 False
0.407352 0.049090 -0.425979 False
0.407097 0.049511 -0.425960 False
0.406768 0.049618 -0.425626 False
0.406877 0.049623 -0.426127 False
0.407246 0.049526 -0.426090 False
0.407517 0.049113 -0.425602 False
0.408691 0.049406 -0.425182 False
0.407617 0.049902 -0.425342 False
0.407176 0.050721 -0.425409 False
0.407084 0.049512 -0.425217 False
0.407313 0.049763 -0.425612 False
0.408613 0.050300 -0.425283 False
0.407568 0.049904 -0.425360 False
0.407435 0.050150 -0.425650 False
0.407356 0.051520 -0.425212 False
0.407534 0.052370 -0.425038 False
0.408798 0.050280 -0.425132 False
0.408193 0.049330 -0.425016 False
0.408854 0.048893 -0.425352 False
0.407726 0.048872 -0.425268 False
0.407394 0.049195 -0.425159 False
0.407322 0.050341 -0.425511 False
0.407311 0.050416 -0.425648 False
0.407296 0.049626 -0.425430 False
0.407251 0.050487 -0.425491 False
0.407769 0.049700 -0.426013 False
0.407294 0.050686 -0.425897 False
0.407318 0.049757 -0.425592 False
0.407316 0.050675 -0.425260 False
0.407247 0.049615 -0.425031 False
0.407002 0.050118 -0.425098 False
0.407234 0.049298 -0.425507 False
0.407238 0.049497 -0.425345 False
0.407015 0.049440 -0.425330 False
0.406848 0.049602 -0.425441 False
0.407589 0.049987 -0.425250 False
0.408637 0.052070 -0.425654 False
0.407281 0.051063 -0.425349 False
0.406882 0.052871 -0.425139 False
0.407001 0.052993 -0.425409 False
0.407133 0.051453 -0.425410 False
0.407263 0.049478 -0.425709 False
0.407038 0.049350 -0.425833 False
0.406818 0.048800 -0.426030 False
0.407526 0.048615 -0.426050 False
0.408993 0.049294 -0.425943 False
0.408745 0.049098 -0.425957 False
0.407475 0.049273 -0.425743 False
0.407118 0.048475 -0.425956 False
0.407322 0.048555 -0.425933 False
0.408753 0.048376 -0.426022 False
0.407902 0.048972 -0.425928 False
0.408808 0.048649 -0.425495 False
0.407575 0.049417 -0.425629 False
0.407440 0.049507 -0.425649 False
0.407432 0.049087 -0.425326 False
0.407251 0.049381 -0.425028 False
0.407289 0.049042 -0.425007 False
0.407261 0.049377 -0.425406 False
0.407245 0.049140 -0.425448 False
0.407171 0.049842 -0.425046 False
0.407744 0.050699 -0.424853 False
0.409217 0.049336 -0.424561 False
0.409167 0.048938 -0.424687 False
0.407812 0.048911 -0.424862 False
0.407109 0.049330 -0.425172 False
0.406750 0.048962 -0.424926 False
0.407060 0.048867 -0.424988 False
0.407235 0.049201 -0.425407 False
0.407180 0.050490 -0.425911 False
0.407294 0.049147 -0.425572 False
0.407099 0.048324 -0.425509 False
0.407455 0.048628 -0.425662 False
0.407747 0.048851 -0.426042 False
0.408962 0.049321 -0.425978 False
0.407846 0.048803 -0.425946 False
0.407308 0.048309 -0.425892 False
0.407151 0.048221 -0.425737 False
0.407402 0.048079 -0.425546 False
0.407613 0.048231 -0.425701 False
0.408910 0.048294 -0.425854 False
0.407746 0.048386 -0.425755 False
0.407534 0.048676 -0.425300 False
0.407490 0.048738 -0.425731 False
0.407475 0.048666 -0.425886 False
0.407411 0.048351 -0.425855 False
0.407205 0.048199 -0.425741 False
0.407410 0.048263 -0.425663 False
0.407525 0.048639 -0.425352 False
0.407790 0.048744 -0.425327 False
0.408985 0.048747 -0.425739 False
0.407924 0.048661 -0.426063 False
0.407540 0.048356 -0.425974 False
0.407407 0.048501 -0.425902 False
0.407229 0.048219 -0.425937 False
0.407178 0.048151 -0.425931 False
0.407674 0.048545 -0.425897 False
0.408863 0.048442 -0.425756 False
0.407597 0.049227 -0.425544 False
0.407463 0.048890 -0.425570 False
0.407302 0.048759 -0.425190 False
0.407234 0.048751 -0.425338 False
0.406932 0.048752 -0.424727 False
0.406793 0.048733 -0.424818 False
0.406797 0.048625 -0.424725 False
0.406915 0.048247 -0.424559 False
0.406949 0.048478 -0.424756 False
0.406800 0.048167 -0.425090 False
0.406592 0.048262 -0.425039 False
0.406765 0.048833 -0.425141 False
0.406817 0.048689 -0.424950 False
0.406823 0.048219 -0.424820 False
0.406802 0.048125 -0.424603 False
0.406743 0.048066 -0.424679 False
0.407130 0.048139 -0.424495 False
0.407023 0.048610 -0.424534 False
0.406823 0.048712 -0.424845 False
0.407002 0.048602 -0.424917 False
0.407031 0.048235 -0.424834 False
0.407008 0.048344 -0.424833 False
0.407609 0.048645 -0.424911 False
0.408545 0.048724 -0.424932 False
0.407245 0.048823 -0.425247 False
0.406938 0.048953 -0.425076 False
0.407194 0.049215 -0.425221 False
0.407236 0.048927 -0.425335 False
0.407224 0.048786 -0.425593 False
0.407700 0.048754 -0.425379 False
0.408837 0.048752 -0.425335 False
0.407770 0.048747 -0.425416 False
0.407486 0.048700 -0.425091 False
0.407313 0.048325 -0.424857 False
0.407158 0.048665 -0.425006 False
0.407492 0.048622 -0.425719 False
0.408702 0.048306 -0.425892 False
0.407690 0.048676 -0.425833 False
0.407183 0.048724 -0.425510 False
0.407025 0.048632 -0.425745 False
0.406891 0.049292 -0.425547 False
0.406543 0.049056 -0.425351 False
0.406800 0.049411 -0.425358 False
0.407471 0.049126 -0.425617 False
0.408927 0.049359 -0.425459 False
0.408929 0.048901 -0.425093 False
0.407527 0.048945 -0.425116 False
0.407452 0.049674 -0.425523 False
0.407346 0.051460 -0.425362 False
0.407327 0.049553 -0.425313 False
0.407247 0.049181 -0.425097 False
0.407072 0.048849 -0.425327 False
0.407405 0.048657 -0.425734 False
0.408718 0.048422 -0.425704 False
0.407562 0.049321 -0.425505 False
0.407178 0.051340 -0.425843 False
0.407032 0.049445 -0.425294 False
0.407108 0.049018 -0.425532 False
0.407510 0.048060 -0.425344 False
0.408875 0.049224 -0.425380 False
0.407751 0.054644 -0.425787 False
0.407226 0.074360 -0.425885 False
0.406971 0.077877 -0.425798 False
0.406841 0.076131 -0.425783 False
0.406617 0.074800 -0.425874 False
0.407343 0.069102 -0.425818 False
0.407387 0.069149 -0.425619 False
0.406462 0.068624 -0.425827 False
0.406339 0.069978 -0.425832 False
0.406895 0.078291 -0.425001 False
0.407592 0.080227 -0.424943 False
0.408795 0.058018 -0.425040 False
0.407600 0.050232 -0.425492 False
0.407232 0.049177 -0.425928 False
0.407065 0.049296 -0.425458 False
0.407117 0.049506 -0.425301 False
0.407291 0.049626 -0.425390 False
0.407514 0.049673 -0.425355 False
0.407269 0.049661 -0.425506 False
0.407032 0.049535 -0.425298 False
0.407123 0.049100 -0.425599 False
0.407182 0.049503 -0.425318 False
0.407257 0.049501 -0.425326 False
0.407414 0.049091 -0.425370 False
0.407464 0.049503 -0.425220 False
0.407399 0.049575 -0.425325 False
0.407110 0.049486 -0.425291 False
0.406981 0.050737 -0.425534 False
0.406949 0.050019 -0.425755 False
0.407261 0.049925 -0.425950 False
0.407083 0.050346 -0.425379 False
0.407167 0.049823 -0.425216 False
0.406934 0.049589 -0.425195 False
0.406891 0.049349 -0.425217 False
0.407146 0.050547 -0.424845 False
0.407787 0.049647 -0.425012 False
0.409247 0.049352 -0.425085 False
0.409185 0.050331 -0.425169 False
0.407512 0.056012 -0.425106 False
0.407168 0.076405 -0.424764 False
0.407051 0.077559 -0.424603 False
0.406649 0.072754 -0.424655 False
0.406969 0.067548 -0.425164 False
0.407071 0.063332 -0.425405 False
0.406623 0.067231 -0.425445 False
0.406886 0.071335 -0.425062 False
0.407177 0.079833 -0.425800 False
0.407159 0.056483 -0.426071 False
0.407255 0.049732 -0.425183 False
0.407170 0.048366 -0.425361 False
0.407137 0.048244 -0.424869 False
0.407122 0.048020 -0.424788 False
0.407554 0.048565 -0.424965 False
0.406942 0.048741 -0.425034 False
0.407128 0.049168 -0.424830 False
0.407053 0.049155 -0.424780 False
0.407045 0.048900 -0.424876 False
0.407296 0.052135 -0.424514 False
0.407925 0.065841 -0.422278 False
0.409187 0.120283 -0.414048 False
0.407418 0.128504 -0.420672 False
0.406617 0.127253 -0.417514 False
0.418014 0.148204 -0.388620 False
0.469516 0.155427 -0.368532 False
0.636595 0.187766 -0.273228 False
0.469513 0.139215 -0.384995 False
0.417938 0.118804 -0.418492 False
0.406025 0.080901 -0.426150 False
0.404949 0.071375 -0.426746 False
0.405818 0.071778 -0.426346 False
0.406504 0.071054 -0.425447 False
0.406906 0.070901 -0.424951 False
0.407407 0.071253 -0.425015 False
0.408660 0.071418 -0.425461 False
0.407340 0.071583 -0.425302 False
0.407102 0.072320 -0.425373 False
0.407302 0.071535 -0.425540 False
0.408645 0.070926 -0.425380 False
0.407930 0.071469 -0.425307 False
0.409204 0.072385 -0.425210 False
0.409388 0.071932 -0.425198 False
0.408743 0.070952 -0.425296 False
0.407286 0.071056 -0.425677 False
0.406917 0.071224 -0.425656 False
0.406967 0.071319 -0.425484 False
0.407006 0.071413 -0.425481 False
0.407052 0.071388 -0.424980 False
0.407205 0.071503 -0.424744 False
0.407282 0.071676 -0.424472 False
0.408703 0.070840 -0.424551 False
0.408030 0.070924 -0.424612 False
0.408856 0.070993 -0.424605 False
0.407225 0.071072 -0.424766 False
0.406915 0.070609 -0.425218 False
0.406591 0.070552 -0.424825 False
0.406637 0.071089 -0.424730 False
0.407251 0.071864 -0.424697 False
0.409414 0.071839 -0.424734 False
0.410198 0.070833 -0.424656 False
0.409809 0.070549 -0.424743 False
0.407705 0.070531 -0.424956 False
0.407095 0.070767 -0.424671 False
0.406882 0.070691 -0.424442 False
0.406798 0.071743 -0.424811 False
0.407556 0.071808 -0.425199 False
0.409695 0.070975 -0.425185 False
0.409769 0.070615 -0.424762 False
0.407607 0.070671 -0.424758 False
0.406909 0.071238 -0.424759 False
0.407553 0.071282 -0.425143 False
0.409464 0.070816 -0.425035 False
0.410169 0.070028 -0.424768 False
0.409889 0.070482 -0.424998 False
0.408219 0.071011 -0.424769 False
0.408908 0.070633 -0.424688 False
0.407424 0.070504 -0.424603 False
0.407046 0.070430 -0.425345 False
0.406963 0.070267 -0.425540 False
0.406985 0.070303 -0.425000 False
0.406987 0.070236 -0.425231 False
0.406945 0.070334 -0.425511 False
0.406917 0.070433 -0.425125 False
0.406993 0.071111 -0.424977 False
0.406938 0.070774 -0.425557 False
0.406873 0.070565 -0.425701 False
0.406965 0.070470 -0.425146 False
0.407035 0.070383 -0.424849 False
0.407030 0.070359 -0.424869 False
0.406927 0.070359 -0.425271 False
0.406642 0.070402 -0.425065 False
0.406673 0.070613 -0.424910 False
0.406937 0.071150 -0.425513 False
0.407042 0.071327 -0.425656 False
0.407073 0.071379 -0.425601 False
0.407052 0.071168 -0.425570 False
0.407023 0.070643 -0.425596 False
0.407025 0.070515 -0.425689 False
0.407062 0.070474 -0.425623 False
0.407117 0.070468 -0.425368 False
0.407131 0.070406 -0.425400 False
0.406987 0.070491 -0.425569 False
0.406798 0.070687 -0.425291 False
0.407157 0.070214 -0.425482 False
0.407440 0.068845 -0.425536 False
0.407524 0.068572 -0.425571 False
0.406442 0.073903 -0.425562 False
0.400328 0.106213 -0.425474 False
0.377896 0.223451 -0.425206 False
0.374326 0.234222 -0.425278 False
0.375613 0.219860 -0.424717 False
0.377198 0.206580 -0.424706 False
0.378717 0.202628 -0.424848 False
0.379245 0.202473 -0.425564 False
0.379512 0.203831 -0.427428 False
0.378268 0.204186 -0.427340 False
0.377697 0.203318 -0.426271 False
0.378301 0.197903 -0.426928 False
0.380761 0.201372 -0.429448 False
0.381733 0.202628 -0.430531 False
0.382396 0.204391 -0.427578 False
0.382752 0.198284 -0.425732 False
0.382273 0.191323 -0.425170 False
0.383059 0.195575 -0.425199 False
0.383510 0.190594 -0.425638 False
0.382526 0.180709 -0.425061 False
0.381544 0.174189 -0.425462 False
0.379252 0.171862 -0.425276 False
0.380084 0.171099 -0.424303 False
0.378959 0.169503 -0.424830 False
0.377808 0.171980 -0.425695 False
0.376159 0.182388 -0.425321 False
0.376702 0.188955 -0.425031 False
0.376472 0.189198 -0.425349 False
0.375907 0.189784 -0.425469 False
0.375633 0.187410 -0.425708 False
0.375724 0.186402 -0.425452 False
0.374927 0.186090 -0.425769 False
0.375254 0.184657 -0.426046 False
0.374803 0.182906 -0.425743 False
0.374850 0.177674 -0.425345 False
0.375708 0.176216 -0.425665 False
0.375458 0.176124 -0.425755 False
0.375134 0.174300 -0.425708 False
0.376030 0.176081 -0.425180 False
0.375845 0.177996 -0.425859 False
0.375620 0.182777 -0.425547 False
0.374122 0.185159 -0.424734 False
0.372945 0.178994 -0.425003 False
0.372777 0.171168 -0.425139 False
0.373702 0.170434 -0.425040 False
0.373070 0.177902 -0.425486 False
0.373012 0.179041 -0.425280 False
0.372830 0.181383 -0.425476 False
0.373427 0.187812 -0.425522 False
0.376586 0.193767 -0.425493 False
0.394584 0.195559 -0.425659 False
0.388350 0.201056 -0.425798 False
0.377793 0.197227 -0.426132 False
0.394371 0.193612 -0.425459 False
0.394719 0.202082 -0.425884 False
0.372463 0.222238 -0.425740 False
0.371209 0.235200 -0.425574 False
0.381933 0.213531 -0.424941 False
0.401352 0.104740 -0.424864 False
0.406606 0.074126 -0.425204 False
0.407482 0.068262 -0.425471 False
0.407393 0.068434 -0.425399 False
0.407190 0.069435 -0.424909 False
0.407079 0.070008 -0.424831 False
0.407032 0.070318 -0.425104 False
0.407018 0.070490 -0.425471 False
0.407020 0.070944 -0.425271 False
0.407044 0.070839 -0.425484 False
0.407049 0.071990 -0.425544 False
0.407042 0.070794 -0.425585 False
0.407016 0.070481 -0.425694 False
0.407000 0.070947 -0.425740 False
0.407044 0.070678 -0.425683 False
0.407024 0.071064 -0.425558 False
0.407027 0.071046 -0.425354 False
0.407010 0.070566 -0.424766 False
0.407092 0.070316 -0.424751 False
0.407137 0.070489 -0.425260 False
0.407370 0.070763 -0.424798 False
0.407254 0.070642 -0.424690 False
0.407375 0.071193 -0.425288 False
0.407161 0.072087 -0.424791 False
0.407192 0.070916 -0.424902 False
0.407109 0.070969 -0.425511 False
0.407091 0.071105 -0.424745 False
0.407104 0.071011 -0.424376 False
0.407088 0.070969 -0.424465 False
0.407083 0.070886 -0.424524 False
0.407082 0.070617 -0.424560 False
0.407080 0.070763 -0.424533 False
0.407076 0.070510 -0.424538 False
0.407070 0.070560 -0.424540 False
0.407138 0.071270 -0.424552 False
0.407306 0.072225 -0.424671 False
0.407137 0.071351 -0.424694 False
0.407069 0.071130 -0.424621 False
0.407082 0.070909 -0.424767 False
0.407114 0.070591 -0.424635 False
0.407209 0.070543 -0.424634 False
0.407122 0.070793 -0.424861 False
0.407104 0.070662 -0.424696 False
0.407051 0.070833 -0.425286 False
0.407030 0.070690 -0.424990 False
0.407070 0.070891 -0.425330 False
0.407104 0.070595 -0.424885 False
0.407201 0.070490 -0.424819 False
0.407225 0.070520 -0.424715 False
0.407571 0.070715 -0.425327 False
0.407153 0.071980 -0.425311 False
0.406790 0.070905 -0.424622 False
0.406971 0.070536 -0.424539 False
0.407051 0.070477 -0.424512 False
0.407060 0.070423 -0.424512 False
0.407091 0.070268 -0.425004 False
0.407052 0.070459 -0.425615 False
0.407047 0.070857 -0.425831 False
0.407150 0.072431 -0.425743 False
0.407383 0.072515 -0.425635 False
0.407259 0.071335 -0.425646 False
0.407112 0.072047 -0.425460 False
0.407047 0.070886 -0.425132 False
0.407090 0.071491 -0.425551 False
0.407091 0.072647 -0.425071 False
0.407068 0.072790 -0.424542 False
0.407167 0.072126 -0.424679 False
0.407503 0.071405 -0.424103 False
0.407776 0.071217 -0.424472 False
0.407754 0.071186 -0.424807 False
0.407709 0.071188 -0.425271 False
0.407603 0.071201 -0.425458 False
0.407690 0.071265 -0.424875 False
0.407674 0.071519 -0.424994 False
0.407642 0.072312 -0.424955 False
0.407328 0.071339 -0.425241 False
0.407485 0.070592 -0.424857 False
0.407547 0.070502 -0.425009 False
0.407165 0.070963 -0.424769 False
0.407122 0.072816 -0.424653 False
0.406819 0.074309 -0.424606 False
0.407039 0.074116 -0.424562 False
0.407511 0.072037 -0.424362 False
0.408843 0.072203 -0.425238 False
0.407585 0.070952 -0.425621 False
0.407240 0.071004 -0.425093 False
0.407040 0.070987 -0.424792 False
0.406898 0.071106 -0.424774 False
0.407402 0.071224 -0.424958 False
0.407195 0.071423 -0.424879 False
0.407209 0.071655 -0.425142 False
0.407474 0.072287 -0.424803 False
0.407134 0.071360 -0.424575 False
0.407117 0.071457 -0.424808 False
0.407057 0.072830 -0.425169 False
0.407044 0.073697 -0.425515 False
0.407042 0.071836 -0.425103 False
0.407042 0.071771 -0.424747 False
0.407041 0.071245 -0.424878 False
0.407041 0.071146 -0.425055 False
0.407048 0.072856 -0.425550 False
0.407092 0.074357 -0.425633 False
0.407191 0.074391 -0.425298 False
0.407564 0.073026 -0.424944 False
0.407191 0.071711 -0.425067 False
0.407116 0.071247 -0.424942 False
0.407144 0.070819 -0.425245 False
0.407065 0.071572 -0.425192 False
0.407729 0.072839 -0.425066 False
0.409245 0.073548 -0.424928 False
0.407566 0.072680 -0.424838 False
0.407064 0.071260 -0.424904 False
0.406470 0.071027 -0.425230 False
0.405052 0.071984 -0.425947 False
0.402861 0.069746 -0.427282 False
0.401655 0.073217 -0.428167 False
0.412781 0.091042 -0.421042 False
0.475179 0.156179 -0.380389 False
0.705325 0.208525 -0.232080 False
0.767797 0.222791 -0.192887 False
0.779403 0.223954 -0.190838 False
0.779067 0.222668 -0.207999 False
0.778368 0.223495 -0.197336 False
0.774617 0.225346 -0.209918 False
0.766981 0.225387 -0.198457 False
0.704998 0.218415 -0.234023 False
0.474555 0.194356 -0.384020 False
0.411252 0.184350 -0.421630 False
0.401179 0.080458 -0.428019 False
0.402677 0.052050 -0.427423 False
0.405160 0.046679 -0.426607 False
0.406527 0.047216 -0.425567 False
0.406922 0.048532 -0.425379 False
0.406951 0.048743 -0.425377 False
0.406790 0.049261 -0.425020 False
0.406819 0.048900 -0.425630 False
0.407015 0.048946 -0.425553 False
0.407063 0.049517 -0.424939 False
0.407053 0.049678 -0.424805 False
0.407081 0.049693 -0.424813 False
0.407222 0.049605 -0.424952 False
0.407613 0.049279 -0.425178 False
0.407280 0.049038 -0.425485 False
0.407071 0.049501 -0.425082 False
0.406877 0.049484 -0.424919 False
0.406813 0.048921 -0.424750 False
0.406918 0.048790 -0.424770 False
0.407443 0.048904 -0.424809 False
0.407483 0.049404 -0.424931 False
0.407653 0.049226 -0.425373 False
0.407674 0.049034 -0.425579 False
0.407615 0.049533 -0.425270 False
0.407509 0.049675 -0.425113 False
0.407522 0.049676 -0.425009 False
0.407175 0.049542 -0.425402 False
0.407189 0.049078 -0.425320 False
0.407456 0.049381 -0.425490 False
0.407687 0.049083 -0.425541 False
0.407832 0.049519 -0.425050 False
0.407715 0.049495 -0.425073 False
0.407312 0.048928 -0.424862 False
0.407491 0.048768 -0.424832 False
0.407230 0.048740 -0.424875 False
0.407065 0.048755 -0.424821 False
0.406932 0.048814 -0.424933 False
0.407112 0.048792 -0.425370 False
0.407170 0.048907 -0.425503 False
0.407198 0.049340 -0.425707 False
0.407266 0.048936 -0.425697 False
0.407487 0.048936 -0.425461 False
0.407242 0.049340 -0.425171 False
0.407419 0.048904 -0.425377 False
0.407528 0.048774 -0.425094 False
0.407365 0.048751 -0.425211 False
0.407127 0.048769 -0.425602 False
0.407120 0.048827 -0.425596 False
0.407246 0.048764 -0.425450 False
0.407280 0.048676 -0.425323 False
0.407245 0.048207 -0.425518 False
0.407102 0.048476 -0.425172 False
0.407197 0.048366 -0.425434 False
0.407414 0.048018 -0.425719 False
0.407455 0.047910 -0.425719 False
0.407372 0.050313 -0.425468 False
0.406894 0.061702 -0.425837 False
0.405112 0.105214 -0.427047 False
0.403053 0.113788 -0.428541 False
0.403402 0.118435 -0.427358 False
0.416785 0.122309 -0.418867 False
0.480524 0.139302 -0.377983 False
0.699687 0.201064 -0.237130 False
0.699666 0.204922 -0.236153 False
0.480737 0.141639 -0.378121 False
0.416932 0.118308 -0.419014 False
0.403863 0.081361 -0.427788 False
0.403712 0.072032 -0.427575 False
0.405291 0.069671 -0.426752 False
0.406389 0.070593 -0.425932 False
0.406839 0.071592 -0.425554 False
0.406958 0.071493 -0.425299 False
0.407042 0.072256 -0.425212 False
0.407186 0.072411 -0.425159 False
0.407833 0.072342 -0.424542 False
0.409156 0.071557 -0.424501 False
0.409282 0.071356 -0.424741 False
0.408417 0.071189 -0.424943 False
0.408991 0.070926 -0.424835 False
0.407703 0.071269 -0.424694 False
0.407309 0.071635 -0.424413 False
0.407228 0.072039 -0.424595 False
0.407221 0.071498 -0.424927 False
0.407164 0.070781 -0.425222 False
0.407376 0.071037 -0.424502 False
0.407227 0.071194 -0.424385 False
0.407090 0.071451 -0.424691 False
0.407077 0.071016 -0.424573 False
0.407088 0.072050 -0.424465 False
0.407195 0.071834 -0.425170 False
0.407170 0.071984 -0.425256 False
0.406942 0.071352 -0.424862 False
0.407268 0.073044 -0.424821 False
0.407545 0.071275 -0.424706 False
0.407354 0.070614 -0.425134 False
0.407271 0.070736 -0.425501 False
0.407282 0.070891 -0.424875 False
0.407535 0.070489 -0.424646 False
0.407377 0.070429 -0.424796 False
0.407556 0.070714 -0.425058 False
0.407250 0.070916 -0.425680 False
0.407045 0.070503 -0.425754 False
0.406280 0.070198 -0.426185 False
0.405909 0.069294 -0.427172 False
0.404376 0.068516 -0.428129 False
0.412209 0.076230 -0.423151 False
0.458210 0.123806 -0.390812 False
0.624717 0.297125 -0.269702 False
0.664391 0.347622 -0.203895 False
0.671118 0.332703 -0.196545 False
0.613826 0.262217 -0.214665 False
0.454939 0.114381 -0.375758 False
0.411249 0.075029 -0.419983 False
0.403829 0.068436 -0.428378 False
0.404375 0.068121 -0.428064 False
0.405635 0.069185 -0.426296 False
0.406442 0.069646 -0.425697 False
0.406823 0.069635 -0.425108 False
0.407028 0.070091 -0.425189 False
0.407093 0.070787 -0.425365 False
0.407000 0.074680 -0.424652 False
0.406941 0.080575 -0.424776 False
0.406882 0.074495 -0.424920 False
0.406918 0.075705 -0.425034 False
0.406915 0.078282 -0.425021 False
0.406866 0.082053 -0.424845 False
0.407087 0.076663 -0.425120 False
0.406929 0.073262 -0.425419 False
0.407100 0.072192 -0.425033 False
0.407194 0.071444 -0.424817 False
0.407528 0.072662 -0.424715 False
0.409125 0.072479 -0.424723 False
0.407674 0.072140 -0.424737 False
0.406977 0.071085 -0.424773 False
0.406824 0.070616 -0.424899 False
0.406880 0.071664 -0.424731 False
0.407027 0.071274 -0.424583 False
0.406838 0.072595 -0.424835 False
0.406716 0.074131 -0.425452 False
0.407101 0.072866 -0.425325 False
0.408272 0.071559 -0.425458 False
0.407143 0.071856 -0.425204 False
0.406825 0.071439 -0.425017 False
0.406564 0.072623 -0.424708 False
0.406559 0.074301 -0.424657 False
0.407131 0.073746 -0.424804 False
0.408772 0.073682 -0.425375 False
0.407180 0.070901 -0.426516 False
0.406678 0.070572 -0.427769 False
0.406491 0.070694 -0.427915 False
0.408346 0.076253 -0.423120 False
0.415796 0.115658 -0.394002 False
0.441938 0.268258 -0.286587 False
0.432552 0.325175 -0.248889 False
0.419047 0.334025 -0.225264 False
0.419521 0.327855 -0.188572 False
0.400291 0.316812 -0.205102 False
0.394243 0.318051 -0.208679 False
0.390316 0.314609 -0.210488 False
0.390068 0.312220 -0.209755 False
0.390707 0.310483 -0.208521 False
0.391052 0.317199 -0.206176 False
0.392882 0.325528 -0.202048 False
0.393356 0.342748 -0.202946 False
0.393609 0.343344 -0.202398 False
0.393351 0.329287 -0.201788 False
0.393522 0.326507 -0.203386 False
0.395726 0.327598 -0.203067 False
0.397919 0.330627 -0.205160 False
0.399145 0.329977 -0.205301 False
0.400198 0.334622 -0.204329 False
0.400884 0.338975 -0.201567 False
0.401522 0.335913 -0.198977 False
0.402958 0.338032 -0.197796 False
0.403546 0.347764 -0.197545 False
0.403863 0.342961 -0.197693 False
0.404641 0.341750 -0.197260 False
0.404135 0.346431 -0.197022 False
0.405444 0.354750 -0.193005 False
0.404950 0.348964 -0.192057 False
0.404351 0.350765 -0.191210 False
0.403274 0.353636 -0.191033 False
0.403442 0.353569 -0.189836 False
0.403449 0.350501 -0.189254 False
0.403298 0.349813 -0.188671 False
0.404407 0.350251 -0.188681 False
0.404635 0.350096 -0.188735 False
0.404961 0.353404 -0.189658 False
0.403691 0.361481 -0.188936 False
0.402853 0.354439 -0.188402 False
0.404398 0.352910 -0.188303 False
0.405219 0.352449 -0.188546 False
0.405358 0.354231 -0.187650 False
0.405128 0.350682 -0.188957 False
0.405047 0.347081 -0.192065 False
0.405234 0.341259 -0.203353 False
0.405622 0.333171 -0.205145 False
0.406619 0.326862 -0.208403 False
0.411008 0.322833 -0.207538 False
0.414635 0.326040 -0.206533 False
0.421038 0.324036 -0.206590 False
0.424511 0.322711 -0.215966 False
0.422613 0.282187 -0.255423 False
0.412723 0.124285 -0.382611 False
0.413542 0.125803 -0.382460 False
0.434331 0.286351 -0.257795 False
0.447013 0.330881 -0.223275 False
0.455861 0.337400 -0.219865 False
0.464054 0.336389 -0.227507 False
0.467946 0.336112 -0.233433 False
0.471318 0.329878 -0.242491 False
0.475396 0.325377 -0.241226 False
0.476091 0.318586 -0.235273 False
0.477378 0.308294 -0.233286 False
0.476341 0.295275 -0.241036 False
0.464853 0.254293 -0.275600 False
0.420167 0.111832 -0.391251 False
0.408178 0.073491 -0.422238 False
0.405777 0.067702 -0.427211 False
0.405851 0.070499 -0.427275 False
0.406148 0.069128 -0.426645 False
0.406543 0.069424 -0.425574 False
0.408968 0.078408 -0.418218 False
0.418324 0.116484 -0.385981 False
0.448993 0.239853 -0.281852 False
0.418370 0.117047 -0.385637 False
0.408829 0.080992 -0.417765 False
0.406912 0.071556 -0.424981 False
0.406634 0.073347 -0.425906 False
0.406785 0.074453 -0.425095 False
0.406902 0.073979 -0.424517 False
0.406923 0.072580 -0.424220 False
0.406807 0.071928 -0.423920 False
0.406835 0.073247 -0.424275 False
0.406980 0.071742 -0.424183 False
0.407144 0.071520 -0.424237 False
0.407045 0.071287 -0.424413 False
0.407090 0.070487 -0.424099 False
0.407130 0.070760 -0.424338 False
0.407087 0.070675 -0.424615 False
0.406802 0.070446 -0.424629 False
0.406653 0.070503 -0.424504 False
0.406882 0.070947 -0.424600 False
0.406857 0.070725 -0.424269 False
0.407057 0.071416 -0.424138 False
0.407235 0.071913 -0.424594 False
0.407189 0.073470 -0.424604 False
0.407173 0.071782 -0.424345 False
0.406922 0.070954 -0.424587 False
0.407025 0.070612 -0.424595 False
0.406893 0.071606 -0.424460 False
0.406962 0.070409 -0.424735 False
0.406484 0.070233 -0.425061 False
0.405907 0.070410 -0.425654 False
0.405363 0.069285 -0.426233 False
0.406088 0.070501 -0.425838 False
0.414868 0.078426 -0.416029 False
0.453049 0.117106 -0.376041 False
0.576272 0.242457 -0.246737 False
0.453218 0.117830 -0.376025 False
0.415233 0.078137 -0.416008 False
0.406340 0.069105 -0.425106 False
0.405587 0.069239 -0.425609 False
0.406226 0.070655 -0.425651 False
0.406710 0.072875 -0.425098 False
0.406774 0.071659 -0.424823 False
0.407043 0.071750 -0.424492 False
0.407123 0.071197 -0.424418 False
0.407129 0.071214 -0.424368 False
0.407085 0.071781 -0.424189 False
0.407132 0.071580 -0.424184 False
0.407135 0.071134 -0.424433 False
0.407014 0.070974 -0.424935 False
0.406990 0.070849 -0.425096 False
0.406950 0.070432 -0.424585 False
0.406966 0.070296 -0.424679 False
0.406924 0.070881 -0.425465 False
0.406907 0.070864 -0.425902 False
0.407110 0.070955 -0.425367 False
0.407522 0.070530 -0.425021 False
0.408672 0.070227 -0.425222 False
0.408062 0.070360 -0.425003 False
0.408839 0.070629 -0.424807 False
0.407490 0.071208 -0.424790 False
0.407095 0.070769 -0.425052 False
0.407062 0.071085 -0.425827 False
0.407312 0.071844 -0.425486 False
0.408682 0.073905 -0.425085 False
0.407358 0.071747 -0.425131 False
0.407094 0.071085 -0.425112 False
0.407028 0.072817 -0.425826 False
0.406764 0.075263 -0.426181 False
0.406730 0.078252 -0.425949 False
0.406911 0.075926 -0.425652 False
0.406809 0.073439 -0.425553 False
0.406733 0.072633 -0.426057 False
0.406740 0.071566 -0.425772 False
0.406957 0.071160 -0.425242 False
0.407253 0.070560 -0.425613 False
0.408530 0.070668 -0.425202 False
0.407235 0.070816 -0.424919 False
0.406924 0.071597 -0.424708 False
0.407220 0.073174 -0.424827 False
0.408420 0.071481 -0.424854 False
0.407407 0.071949 -0.425034 False
0.407063 0.070732 -0.425637 False
0.407033 0.070407 -0.425420 False
0.407073 0.070453 -0.425128 False
0.407312 0.071194 -0.425311 False
0.408862 0.070586 -0.425566 False
0.408448 0.070392 -0.425330 False
0.407306 0.070338 -0.425468 False
0.406752 0.070297 -0.425155 False
0.406650 0.070236 -0.424927 False
0.406831 0.070339 -0.425346 False
0.407344 0.071039 -0.424824 False
0.408403 0.073931 -0.424741 False
0.407487 0.074631 -0.424877 False
0.407367 0.074260 -0.424877 False
0.407048 0.072350 -0.424727 False
0.407023 0.071784 -0.424732 False
0.407032 0.070758 -0.425019 False
0.407026 0.070846 -0.424766 False
0.407162 0.070551 -0.424658 False
0.407586 0.070907 -0.424681 False
0.408809 0.072387 -0.424797 False
0.407561 0.071241 -0.425251 False
0.407228 0.070116 -0.424831 False
0.407184 0.070270 -0.424699 False
0.407082 0.070597 -0.424777 False
0.407100 0.070824 -0.424827 False
0.407048 0.070284 -0.424754 False
0.407034 0.070320 -0.424696 False
0.407108 0.070481 -0.424782 False
0.407106 0.071119 -0.424851 False
0.407290 0.072962 -0.424704 False
0.408666 0.070704 -0.424731 False
0.407460 0.070997 -0.424775 False
0.407078 0.071995 -0.424768 False
0.406984 0.077040 -0.424764 False
0.407133 0.078671 -0.424762 False
0.407440 0.079221 -0.424758 False
0.407404 0.072389 -0.424706 False
0.406937 0.070055 -0.424818 False
0.406955 0.069758 -0.424848 False
0.406972 0.069939 -0.424868 False
0.406772 0.070119 -0.424827 False
0.406809 0.069850 -0.424799 False
0.407135 0.070225 -0.424812 False
0.407037 0.070222 -0.424863 False
0.407043 0.070393 -0.424869 False
0.407044 0.070321 -0.424819 False
0.407045 0.070343 -0.424817 False
0.407048 0.070313 -0.424822 False
0.407062 0.070338 -0.424867 False
0.407106 0.070317 -0.425016 False
0.407059 0.070380 -0.424866 False
0.407041 0.070493 -0.424814 False
0.407096 0.070741 -0.424802 False
0.407022 0.070338 -0.424750 False
0.406991 0.070165 -0.424688 False
0.407033 0.070247 -0.424785 False
0.407149 0.070315 -0.424808 False
0.407244 0.070424 -0.424817 False
0.407097 0.070905 -0.424831 False
0.407046 0.072867 -0.424814 False
0.407017 0.071720 -0.424805 False
0.407029 0.071959 -0.424821 False
0.407093 0.071777 -0.424887 False
0.407029 0.070826 -0.424876 False
0.407009 0.070769 -0.424778 False
0.407007 0.070412 -0.424846 False
0.407018 0.071534 -0.424830 False
0.406999 0.074905 -0.424874 False
0.407025 0.076078 -0.424823 False
0.407191 0.071357 -0.424820 False
0.407566 0.070076 -0.424700 False
0.408721 0.070952 -0.424819 False
0.407758 0.073744 -0.425209 False
0.407301 0.073827 -0.425387 False
0.407096 0.071351 -0.425276 False
0.407088 0.071354 -0.424809 False
0.407007 0.071133 -0.424789 False
0.406986 0.073105 -0.424849 False
0.406941 0.071246 -0.425054 False
0.406738 0.071068 -0.425056 False
0.407045 0.070613 -0.424900 False
0.407518 0.070918 -0.425352 False
0.408918 0.071017 -0.424880 False
0.407706 0.071561 -0.424699 False
0.407245 0.072738 -0.424708 False
0.407256 0.072147 -0.424647 False
0.407289 0.070766 -0.424662 False
0.407277 0.070324 -0.424793 False
0.407150 0.070348 -0.425252 False
0.407269 0.070551 -0.424856 False
0.407276 0.073105 -0.424699 False
0.407146 0.072023 -0.424735 False
0.407248 0.074000 -0.424658 False
0.407278 0.073826 -0.424641 False
0.407267 0.071135 -0.424655 False
0.407124 0.070525 -0.424735 False
0.407083 0.070709 -0.424669 False
0.407083 0.071721 -0.424689 False
0.407118 0.070950 -0.424633 False
0.407226 0.070176 -0.424704 False
0.407089 0.070994 -0.424760 False
0.407210 0.071938 -0.424709 False
0.407264 0.071535 -0.424654 False
0.407166 0.070767 -0.424668 False
0.407345 0.070862 -0.424667 False
0.407508 0.072138 -0.424747 False
0.407201 0.072508 -0.424657 False
0.407148 0.071281 -0.424636 False
0.407265 0.072077 -0.424662 False
0.407153 0.072085 -0.424778 False
0.407264 0.071243 -0.424779 False
0.407131 0.072076 -0.424716 False
0.407104 0.072330 -0.424718 False
0.407213 0.072116 -0.424655 False
0.407094 0.071127 -0.424681 False
0.407074 0.071760 -0.424833 False
0.407046 0.070964 -0.424785 False
0.407031 0.071408 -0.424683 False
0.407006 0.070606 -0.424709 False
0.407071 0.070346 -0.424673 False
0.407189 0.070339 -0.424644 False
0.407089 0.070360 -0.424682 False
0.407087 0.070351 -0.424720 False
0.407126 0.070387 -0.424864 False
0.407391 0.070594 -0.424949 False
0.407146 0.071009 -0.425288 False
0.407027 0.071336 -0.424839 False
0.407030 0.073843 -0.424747 False
0.407124 0.071737 -0.424791 False
0.407524 0.072311 -0.424792 False
0.408753 0.071132 -0.424759 False
0.407582 0.071679 -0.424682 False
0.407408 0.071344 -0.424817 False
0.407144 0.071318 -0.425383 False
0.407063 0.070542 -0.425329 False
0.406979 0.070228 -0.424934 False
0.406801 0.069914 -0.424799 False
0.406850 0.070642 -0.424730 False
0.407184 0.072136 -0.424909 False
0.407057 0.072403 -0.424691 False
0.406985 0.071996 -0.424598 False
0.406860 0.072302 -0.424630 False
0.406782 0.072082 -0.424738 False
0.406696 0.072942 -0.425105 False
0.406769 0.074311 -0.424797 False
0.406790 0.072663 -0.424911 False
0.406785 0.071058 -0.425025 False
0.406770 0.072061 -0.424665 False
0.406762 0.072048 -0.424784 False
0.407084 0.072066 -0.424880 False
0.407481 0.070926 -0.424895 False
0.408582 0.071521 -0.424534 False
0.407461 0.072176 -0.424989 False
0.407241 0.072114 -0.424940 False
0.407483 0.071079 -0.425246 False
0.407580 0.072095 -0.424595 False
0.407451 0.072819 -0.424679 False
0.407022 0.079014 -0.424799 False
0.407028 0.077260 -0.425256 False
0.407063 0.071995 -0.424751 False
0.407047 0.071009 -0.424614 False
0.407039 0.072281 -0.424640 False
0.407026 0.072656 -0.424868 False
0.407061 0.070606 -0.424857 False
0.407050 0.070322 -0.424715 False
0.407052 0.071598 -0.424866 False
0.407076 0.070526 -0.424916 False
