0.000128 0.000089 0.000012 False
0.043743 0.011530 0.059768 False
0.087244 0.022942 0.119362 False
0.130630 0.034324 0.178796 False
0.173901 0.045677 0.238068 False
0.217057 0.057000 0.297179 False
0.260099 0.068293 0.356129 False
0.303025 0.079558 0.414917 False
0.345837 0.090792 0.473544 False
0.388534 0.101998 0.532010 False
0.431116 0.113173 0.590314 False
0.473583 0.124320 0.648457 False
0.515936 0.135436 0.706439 False
0.558173 0.146524 0.764259 False
0.600295 0.157581 0.821918 False
0.642303 0.168609 0.879416 False
0.684195 0.179608 0.936752 False
0.725972 0.190577 0.993926 False
0.767635 0.201517 1.050939 False
0.809182 0.212427 1.107791 False
0.850615 0.223307 1.164481 False
0.891932 0.234158 1.221009 False
0.933134 0.244980 1.277376 False
0.974221 0.255772 1.333581 False
1.015193 0.266534 1.389624 False
1.056050 0.277267 1.445506 False
1.096792 0.287970 1.501226 False
1.137419 0.298644 1.556784 False
1.177930 0.309288 1.612181 False
1.218326 0.319903 1.667416 False
1.258608 0.330487 1.722489 False
1.298773 0.341043 1.777401 False
1.338824 0.351569 1.832150 False
1.378760 0.362065 1.886738 False
1.418580 0.372531 1.941163 False
1.458285 0.382968 1.995427 False
1.497874 0.393376 2.049529 False
1.537349 0.403754 2.103469 False
1.576708 0.414102 2.157248 False
1.615951 0.424421 2.210864 False
1.655080 0.434710 2.264318 False
1.694093 0.444969 2.317610 False
1.732990 0.455199 2.370740 False
1.771772 0.465399 2.423708 False
1.810439 0.475569 2.476514 False
1.848991 0.485710 2.529158 False
1.887427 0.495821 2.581639 False
1.925747 0.505903 2.633959 False
1.963952 0.515955 2.686116 False
2.002042 0.525977 2.738111 False
2.040016 0.535970 2.789944 False
2.077874 0.545933 2.841615 False
2.115617 0.555866 2.893123 False
2.153244 0.565770 2.944469 False
2.190756 0.575644 2.995653 False
2.228152 0.585488 3.046675 False
2.265433 0.595303 3.097534 False
2.302598 0.605088 3.148230 False
2.339648 0.614843 3.198765 False
2.376581 0.624569 3.249137 False
2.413400 0.634265 3.299346 False
2.450102 0.643931 3.349393 False
2.486689 0.653567 3.399278 False
2.523160 0.663174 3.449000 False
2.559515 0.672751 3.498559 False
2.595755 0.682299 3.547956 False
2.631879 0.691817 3.597191 False
2.667887 0.701305 3.646262 False
2.703779 0.710763 3.695171 False
2.739555 0.720191 3.743918 False
2.775216 0.729590 3.792502 False
2.810761 0.738959 3.840923 False
2.846190 0.748299 3.889181 False
2.881503 0.757608 3.937277 False
2.916700 0.766888 3.985210 False
2.951782 0.776138 4.032980 False
2.986747 0.785358 4.080587 False
3.021597 0.794549 4.128032 False
3.056331 0.803710 4.175314 False
3.090948 0.812841 4.222432 False
3.125450 0.821942 4.269388 False
3.159836 0.831014 4.316181 False
3.194105 0.840056 4.362812 False
3.228259 0.849068 4.409279 False
3.262297 0.858050 4.455583 False
3.296218 0.867002 4.501724 False
3.330024 0.875925 4.547702 False
3.363713 0.884818 4.593517 False
3.397287 0.893681 4.639169 False
3.430744 0.902514 4.684658 False
3.464085 0.911317 4.729984 False
3.497310 0.920091 4.775147 False
3.530419 0.928835 4.820146 False
3.563412 0.937549 4.864983 False
3.596288 0.946233 4.909656 False
3.629049 0.954887 4.954166 False
3.661693 0.963512 4.998513 False
3.694221 0.972107 5.042696 False
3.726632 0.980672 5.086716 False
3.758928 0.989207 5.130573 False
3.791107 0.997712 5.174267 False
3.823170 1.006187 5.217797 False
3.855116 1.014633 5.261164 False
3.886946 1.023048 5.304367 False
3.918660 1.031434 5.347407 False
3.950257 1.039790 5.390284 False
3.981739 1.048116 5.432997 False
4.013103 1.056412 5.475546 False
4.044352 1.064678 5.517932 False
4.075483 1.072915 5.560155 False
4.106499 1.081121 5.602214 False
4.137398 1.089298 5.644109 False
4.168180 1.097445 5.685841 False
4.198846 1.105562 5.727410 False
4.229396 1.113649 5.768814 False
4.259829 1.121706 5.810055 False
4.290146 1.129733 5.851132 False
4.320346 1.137730 5.892046 False
4.350429 1.145698 5.932795 False
4.380396 1.153635 5.973382 False
4.410246 1.161542 6.013804 False
4.439980 1.169420 6.054062 False
4.469597 1.177268 6.094157 False
4.499097 1.185085 6.134088 False
4.528481 1.192873 6.173855 False
4.557748 1.200631 6.213458 False
4.586898 1.208359 6.252897 False
4.615932 1.216057 6.292172 False
4.644849 1.223725 6.331283 False
4.673649 1.231363 6.370230 False
4.702333 1.238971 6.409014 False
4.730900 1.246549 6.447633 False
4.759350 1.254098 6.486088 False
4.787683 1.261616 6.524379 False
4.815899 1.269104 6.562506 False
4.843999 1.276562 6.600469 False
4.871981 1.283991 6.638268 False
4.899847 1.291389 6.675903 False
4.927596 1.298757 6.713373 False
4.955228 1.306095 6.750680 False
4.982744 1.313404 6.787822 False
5.010142 1.320682 6.824800 False
5.037423 1.327930 6.861613 False
5.064588 1.335149 6.898263 False
5.091635 1.342337 6.934748 False
5.118566 1.349495 6.971068 False
5.145379 1.356624 7.007225 False
5.172076 1.363722 7.043216 False
5.198655 1.370790 7.079044 False
5.225118 1.377828 7.114707 False
5.251463 1.384836 7.150206 False
5.277691 1.391814 7.185540 False
5.303803 1.398763 7.220710 False
5.329797 1.405681 7.255715 False
5.355674 1.412569 7.290556 False
5.381434 1.419426 7.325232 False
5.407076 1.426254 7.359743 False
5.432602 1.433052 7.394090 False
5.458010 1.439820 7.428273 False
5.483301 1.446558 7.462290 False
5.508475 1.453265 7.496143 False
5.533532 1.459943 7.529832 False
5.558472 1.466590 7.563355 False
5.583294 1.473207 7.596714 False
5.607999 1.479795 7.629909 False
5.632587 1.486352 7.662938 False
5.657057 1.492879 7.695803 False
5.681410 1.499376 7.728502 False
5.705646 1.505843 7.761037 False
5.729764 1.512280 7.793407 False
5.753765 1.518686 7.825613 False
5.777649 1.525063 7.857653 False
5.801415 1.531409 7.889528 False
5.825064 1.537726 7.921239 False
5.848596 1.544012 7.952784 False
5.872010 1.550268 7.984164 False
5.895306 1.556494 8.015380 False
5.918485 1.562690 8.046430 False
5.941547 1.568855 8.077316 False
5.964491 1.574991 8.108036 False
5.987317 1.581096 8.138591 False
6.010026 1.587171 8.168981 False
6.032618 1.593216 8.199206 False
6.055092 1.599231 8.229265 False
6.077448 1.605216 8.259160 False
6.099687 1.611170 8.288889 False
6.121808 1.617095 8.318453 False
6.143811 1.622989 8.347852 False
6.165697 1.628853 8.377085 False
6.187465 1.634687 8.406154 False
6.209116 1.640490 8.435056 False
6.230649 1.646264 8.463794 False
6.252064 1.652007 8.492366 False
6.273361 1.657720 8.520773 False
6.294541 1.663403 8.549014 False
6.315603 1.669056 8.577090 False
6.336547 1.674678 8.605000 False
6.357373 1.680270 8.632745 False
6.378082 1.685832 8.660325 False
6.398673 1.691364 8.687739 False
6.419146 1.696866 8.714987 False
6.439501 1.702337 8.742070 False
6.459738 1.707778 8.768987 False
6.479857 1.713189 8.795738 False
6.499859 1.718570 8.822324 False
6.519742 1.723920 8.848745 False
6.539508 1.729240 8.874999 False
6.559155 1.734530 8.901088 False
6.578685 1.739790 8.927011 False
6.598097 1.745019 8.952768 False
6.617391 1.750218 8.978360 False
6.636566 1.755387 9.003786 False
6.655624 1.760525 9.029046 False
6.674564 1.765634 9.054140 False
6.693386 1.770712 9.079068 False
6.712089 1.775759 9.103831 False
6.730675 1.780777 9.128427 False
6.749142 1.785764 9.152858 False
6.767491 1.790721 9.177122 False
6.785723 1.795647 9.201221 False
6.803836 1.800544 9.225154 False
6.821831 1.805409 9.248920 False
6.839707 1.810245 9.272521 False
6.857466 1.815050 9.295955 False
6.875106 1.819825 9.319224 False
6.892628 1.824570 9.342326 False
6.910032 1.829284 9.365262 False
6.927318 1.833968 9.388033 False
6.944485 1.838622 9.410636 False
6.961534 1.843245 9.433074 False
6.978465 1.847839 9.455346 False
6.995278 1.852401 9.477451 False
7.011972 1.856933 9.499390 False
7.028548 1.861435 9.521163 False
7.045005 1.865907 9.542769 False
7.061344 1.870348 9.564209 False
7.077565 1.874759 9.585483 False
7.093667 1.879140 9.606590 False
7.109651 1.883490 9.627531 False
7.125517 1.887810 9.648306 False
7.141264 1.892099 9.668914 False
7.156892 1.896358 9.689355 False
7.172402 1.900587 9.709631 False
7.187794 1.904785 9.729739 False
7.203067 1.908953 9.749681 False
7.218222 1.913090 9.769457 False
7.233258 1.917197 9.789066 False
7.248175 1.921274 9.808508 False
7.262974 1.925320 9.827784 False
7.277654 1.929336 9.846893 False
7.292216 1.933321 9.865836 False
7.306659 1.937276 9.884612 False
7.320983 1.941201 9.903221 False
7.335189 1.945095 9.921663 False
7.349276 1.948959 9.939939 False
7.363244 1.952792 9.958048 False
7.377094 1.956595 9.975990 False
7.390825 1.960367 9.993765 False
7.404437 1.964109 10.011373 False
7.417931 1.967821 10.028815 False
7.431306 1.971502 10.046089 False
7.444562 1.975152 10.063197 False
7.457699 1.978772 10.080138 False
7.470717 1.982362 10.096912 False
7.483617 1.985921 10.113519 False
7.496398 1.989450 10.129959 False
7.509059 1.992948 10.146232 False
7.521602 1.996416 10.162338 False
7.534027 1.999853 10.178276 False
7.546332 2.003260 10.194048 False
7.558518 2.006636 10.209653 False
7.570586 2.009982 10.225090 False
7.582534 2.013297 10.240361 False
7.594363 2.016582 10.255464 False
7.606074 2.019836 10.270400 False
7.617665 2.023060 10.285169 False
7.629138 2.026253 10.299770 False
7.640491 2.029416 10.314204 False
7.651726 2.032548 10.328471 False
7.662841 2.035650 10.342571 False
7.673837 2.038721 10.356503 False
7.684715 2.041761 10.370268 False
7.695473 2.044771 10.383866 False
7.706112 2.047751 10.397296 False
7.716632 2.050700 10.410559 False
7.727032 2.053618 10.423655 False
7.737314 2.056506 10.436583 False
7.747476 2.059363 10.449343 False
7.757520 2.062190 10.461936 False
7.767444 2.064986 10.474361 False
7.777248 2.067752 10.486619 False
7.786934 2.070487 10.498710 False
7.796500 2.073191 10.510632 False
7.805947 2.075865 10.522387 False
7.815275 2.078508 10.533975 False
7.824483 2.081121 10.545395 False
7.833572 2.083703 10.556647 False
7.842542 2.086255 10.567731 False
7.851392 2.088775 10.578648 False
7.860123 2.091266 10.589397 False
7.868735 2.093725 10.599978 False
7.877227 2.096155 10.610391 False
7.885600 2.098553 10.620637 False
7.893853 2.100921 10.630715 False
7.901987 2.103258 10.640625 False
7.910002 2.105565 10.650367 False
7.917897 2.107841 10.659941 False
7.925673 2.110086 10.669347 False
7.933329 2.112301 10.678585 False
7.940865 2.114485 10.687655 False
7.948282 2.116638 10.696557 False
7.955580 2.118761 10.705292 False
7.962757 2.120853 10.713858 False
7.969816 2.122914 10.722256 False
7.976754 2.124945 10.730486 False
7.983573 2.126945 10.738548 False
7.990273 2.128915 10.746442 False
7.996853 2.130853 10.754168 False
8.003313 2.132761 10.761725 False
8.009653 2.134639 10.769114 False
8.015874 2.136486 10.776336 False
8.021975 2.138302 10.783388 False
8.027957 2.140087 10.790273 False
8.033818 2.141842 10.796989 False
8.039560 2.143565 10.803537 False
8.045182 2.145259 10.809917 False
8.050684 2.146921 10.816128 False
8.056067 2.148553 10.822171 False
8.061330 2.150154 10.828046 False
8.066472 2.151725 10.833752 False
8.071495 2.153264 10.839290 False
8.076399 2.154773 10.844659 False
8.081182 2.156251 10.849860 False
8.085845 2.157699 10.854892 False
8.090389 2.159116 10.859756 False
8.094812 2.160502 10.864451 False
8.099116 2.161857 10.868978 False
8.103300 2.163181 10.873336 False
8.107363 2.164475 10.877526 False
8.111307 2.165738 10.881546 False
8.115131 2.166970 10.885399 False
8.118834 2.168172 10.889082 False
8.122418 2.169342 10.892597 False
8.125882 2.170482 10.895943 False
8.129225 2.171591 10.899120 False
8.132449 2.172670 10.902129 False
8.135552 2.173717 10.904969 False
8.138535 2.174734 10.907640 False
8.141399 2.175720 10.910142 False
8.144142 2.176675 10.912475 False
8.146764 2.177600 10.914639 False
8.149267 2.178493 10.916635 False
8.151650 2.179356 10.918461 False
8.153912 2.180188 10.920119 False
8.156054 2.180989 10.921607 False
8.158076 2.181760 10.922927 False
8.159977 2.182499 10.924078 False
8.161759 2.183208 10.925059 False
8.163420 2.183886 10.925872 False
8.164961 2.184533 10.926515 False
8.166381 2.185149 10.926990 False
8.167681 2.185734 10.927295 False
8.168861 2.186289 10.927431 False
8.169920 2.186812 10.927398 False
8.170859 2.187305 10.927196 False
8.171678 2.187767 10.926824 False
8.172376 2.188198 10.926283 False
8.172954 2.188598 10.925573 False
8.173411 2.188968 10.924694 False
8.173748 2.189306 10.923646 False
8.173965 2.189614 10.922428 False
8.174061 2.189891 10.921040 False
8.174036 2.190137 10.919484 False
8.173891 2.190351 10.917758 False
8.173626 2.190536 10.915862 False
8.173240 2.190689 10.913798 False
8.172733 2.190811 10.911563 False
8.172106 2.190902 10.909159 False
8.171358 2.190963 10.906586 False
8.170490 2.190992 10.903843 False
8.169501 2.190991 10.900931 False
8.168391 2.190959 10.897849 False
8.167161 2.190896 10.894598 False
8.165810 2.190801 10.891177 False
8.164338 2.190676 10.887586 False
8.162746 2.190520 10.883825 False
8.161032 2.190333 10.879895 False
8.159199 2.190116 10.875795 False
8.157244 2.189867 10.871526 False
8.155169 2.189587 10.867087 False
8.152973 2.189276 10.862478 False
8.150656 2.188935 10.857699 False
8.148218 2.188562 10.852750 False
8.145660 2.188158 10.847632 False
8.142980 2.187724 10.842343 False
8.140180 2.187258 10.836885 False
8.137259 2.186762 10.831257 False
8.134217 2.186234 10.825459 False
8.131054 2.185676 10.819491 False
8.127770 2.185086 10.813353 False
8.124366 2.184466 10.807045 False
8.120840 2.183815 10.800567 False
8.117193 2.183132 10.793919 False
8.113426 2.182419 10.787101 False
8.109537 2.181674 10.780113 False
8.105527 2.180899 10.772955 False
8.101397 2.180092 10.765627 False
8.097145 2.179255 10.758128 False
8.092772 2.178386 10.750460 False
8.088279 2.177487 10.742621 False
8.083664 2.176556 10.734612 False
8.078928 2.175595 10.726432 False
8.074071 2.174602 10.718083 False
8.069092 2.173578 10.709563 False
8.063993 2.172524 10.700873 False
8.058773 2.171438 10.692013 False
8.053431 2.170321 10.682982 False
8.047968 2.169173 10.673781 False
8.042384 2.167994 10.664409 False
8.036678 2.166784 10.654867 False
8.030852 2.165543 10.645155 False
8.024904 2.164271 10.635272 False
8.018835 2.162968 10.625219 False
8.012644 2.161634 10.614995 False
8.006333 2.160268 10.604600 False
7.999900 2.158872 10.594036 False
7.993345 2.157444 10.583300 False
7.986670 2.155986 10.572394 False
7.979872 2.154496 10.561317 False
7.972954 2.152975 10.550070 False
7.965914 2.151423 10.538652 False
7.958753 2.149840 10.527064 False
7.951470 2.148226 10.515304 False
7.944066 2.146581 10.503374 False
7.936540 2.144904 10.491273 False
7.928893 2.143197 10.479002 False
7.921125 2.141458 10.466560 False
7.913235 2.139688 10.453946 False
7.905223 2.137887 10.441162 False
7.897090 2.136055 10.428208 False
7.888835 2.134192 10.415082 False
7.880459 2.132298 10.401785 False
7.871961 2.130372 10.388318 False
7.863342 2.128415 10.374679 False
7.854601 2.126428 10.360870 False
7.845738 2.124409 10.346889 False
7.836754 2.122358 10.332738 False
7.827648 2.120277 10.318415 False
7.818420 2.118165 10.303922 False
7.809071 2.116021 10.289257 False
7.799600 2.113846 10.274422 False
7.790007 2.111640 10.259415 False
7.780292 2.109403 10.244237 False
7.770456 2.107134 10.228888 False
7.760498 2.104835 10.213367 False
7.750418 2.102504 10.197676 False
7.740217 2.100142 10.181813 False
7.729893 2.097749 10.165779 False
7.719448 2.095324 10.149574 False
7.708881 2.092869 10.133197 False
7.698192 2.090382 10.116649 False
7.687381 2.087864 10.099930 False
7.676448 2.085314 10.083039 False
7.665394 2.082734 10.065977 False
7.654217 2.080122 10.048744 False
7.642918 2.077479 10.031339 False
7.631498 2.074805 10.013763 False
7.619956 2.072099 9.996015 False
7.608291 2.069362 9.978096 False
7.596505 2.066594 9.960005 False
7.584596 2.063795 9.941742 False
7.572566 2.060964 9.923309 False
7.560413 2.058103 9.904703 False
7.548139 2.055210 9.885926 False
7.535742 2.052285 9.866977 False
7.523223 2.049330 9.847857 False
7.510582 2.046343 9.828565 False
7.497819 2.043324 9.809101 False
7.484934 2.040275 9.789465 False
7.471927 2.037194 9.769658 False
7.458797 2.034082 9.749679 False
7.445546 2.030939 9.729528 False
7.432172 2.027764 9.709206 False
7.418676 2.024558 9.688711 False
7.405057 2.021321 9.668045 False
7.391317 2.018052 9.647207 False
7.377454 2.014752 9.626197 False
7.363469 2.011421 9.605015 False
7.349362 2.008058 9.583661 False
7.335132 2.004664 9.562135 False
7.320780 2.001239 9.540437 False
7.306305 1.997782 9.518567 False
7.291709 1.994294 9.496525 False
7.276990 1.990775 9.474311 False
7.262148 1.987224 9.451925 False
7.247184 1.983642 9.429367 False
7.232098 1.980029 9.406637 False
7.216889 1.976384 9.383734 False
7.201558 1.972708 9.360660 False
7.186104 1.969001 9.337413 False
7.170528 1.965262 9.313994 False
7.154829 1.961492 9.290403 False
7.139008 1.957690 9.266639 False
7.123064 1.953857 9.242704 False
7.106998 1.949993 9.218596 False
7.090809 1.946097 9.194315 False
7.074498 1.942170 9.169863 False
7.058064 1.938212 9.145237 False
7.041507 1.934222 9.120440 False
7.024828 1.930200 9.095470 False
7.008026 1.926147 9.070328 False
6.991102 1.922063 9.045013 False
6.974055 1.917948 9.019526 False
6.956885 1.913801 8.993866 False
6.939592 1.909622 8.968034 False
6.922177 1.905412 8.942029 False
6.904639 1.901171 8.915852 False
6.886978 1.896898 8.889502 False
6.869195 1.892594 8.862979 False
6.851288 1.888258 8.836284 False
6.833259 1.883891 8.809416 False
6.815108 1.879493 8.782376 False
6.796833 1.875063 8.755163 False
6.778435 1.870601 8.727777 False
6.759915 1.866108 8.700218 False
6.741272 1.861584 8.672487 False
6.722505 1.857028 8.644583 False
6.703616 1.852441 8.616506 False
6.684604 1.847822 8.588256 False
6.665470 1.843172 8.559833 False
6.646212 1.838490 8.531237 False
6.626831 1.833777 8.502469 False
6.607327 1.829032 8.473528 False
6.587700 1.824255 8.444413 False
6.567951 1.819448 8.415126 False
6.548078 1.814608 8.385666 False
6.528082 1.809738 8.356032 False
6.507963 1.804835 8.326226 False
6.487721 1.799901 8.296247 False
6.467356 1.794936 8.266094 False
6.446868 1.789939 8.235769 False
6.426256 1.784911 8.205270 False
6.405522 1.779851 8.174598 False
6.384664 1.774759 8.143753 False
6.363684 1.769636 8.112735 False
6.342580 1.764482 8.081544 False
6.321353 1.759296 8.050179 False
6.300002 1.754078 8.018641 False
6.278529 1.748829 7.986930 False
6.256932 1.743548 7.955046 False
6.235212 1.738236 7.922988 False
6.213369 1.732892 7.890757 False
6.191402 1.727516 7.858353 False
6.169312 1.722109 7.825775 False
6.147099 1.716670 7.793024 False
6.124762 1.711200 7.760099 False
6.102302 1.705698 7.727001 False
6.079719 1.700165 7.693729 False
6.057012 1.694600 7.660284 False
6.034182 1.689003 7.626666 False
6.011229 1.683375 7.592873 False
5.988152 1.677715 7.558908 False
5.964951 1.672024 7.524768 False
5.941628 1.666301 7.490456 False
5.918180 1.660546 7.455969 False
5.894610 1.654760 7.421309 False
5.870915 1.648942 7.386475 False
5.847097 1.643092 7.351467 False
5.823156 1.637211 7.316286 False
5.799091 1.631298 7.280931 False
5.774903 1.625354 7.245402 False
5.750591 1.619378 7.209700 False
5.726155 1.613370 7.173823 False
5.701596 1.607331 7.137773 False
5.676913 1.601260 7.101549 False
5.652106 1.595157 7.065151 False
5.627176 1.589023 7.028580 False
5.602122 1.582857 6.991834 False
5.576945 1.576659 6.954914 False
5.551643 1.570429 6.917820 False
5.526218 1.564168 6.880553 False
5.500670 1.557876 6.843111 False
5.474997 1.551551 6.805496 False
5.449201 1.545195 6.767706 False
5.423281 1.538807 6.729742 False
5.397237 1.532388 6.691604 False
5.371069 1.525936 6.653292 False
5.344778 1.519454 6.614806 False
5.318363 1.512939 6.576146 False
5.291823 1.506393 6.537311 False
5.265160 1.499814 6.498303 False
5.238373 1.493205 6.459120 False
5.211462 1.486563 6.419763 False
5.184428 1.479890 6.380231 False
5.157269 1.473185 6.340525 False
5.129986 1.466448 6.300645 False
5.102579 1.459680 6.260591 False
5.075049 1.452880 6.220362 False
5.047394 1.446048 6.179959 False
5.019615 1.439184 6.139382 False
4.991713 1.432288 6.098630 False
4.963686 1.425361 6.057703 False
4.935535 1.418402 6.016602 False
4.907260 1.411412 5.975327 False
4.878861 1.404389 5.933877 False
4.850338 1.397335 5.892253 False
4.821691 1.390249 5.850454 False
4.792919 1.383131 5.808480 False
4.764024 1.375981 5.766332 False
4.735004 1.368800 5.724009 False
4.705860 1.361587 5.681511 False
4.676592 1.354341 5.638839 False
4.647200 1.347065 5.595992 False
4.617683 1.339756 5.552971 False
4.588042 1.332416 5.509775 False
4.558277 1.325043 5.466403 False
4.528388 1.317639 5.422858 False
4.498374 1.310203 5.379137 False
4.468236 1.302736 5.335241 False
4.437974 1.295236 5.291171 False
4.407587 1.287705 5.246926 False
4.377076 1.280142 5.202506 False
4.346441 1.272547 5.157911 False
4.315681 1.264920 5.113141 False
4.284797 1.257261 5.068196 False
4.253789 1.249570 5.023076 False
4.222656 1.241848 4.977781 False
4.191398 1.234094 4.932311 False
4.160016 1.226307 4.886666 False
4.128510 1.218489 4.840846 False
4.096879 1.210639 4.794851 False
4.065123 1.202758 4.748681 False
4.033243 1.194844 4.702335 False
4.001239 1.186898 4.655815 False
3.969110 1.178921 4.609119 False
3.936856 1.170912 4.562248 False
3.904478 1.162871 4.515202 False
3.871975 1.154797 4.467980 False
3.839348 1.146692 4.420584 False
3.806596 1.138555 4.373012 False
3.773719 1.130387 4.325264 False
3.740717 1.122186 4.277342 False
3.707591 1.113953 4.229244 False
3.674340 1.105689 4.180970 False
3.640965 1.097392 4.132522 False
3.607465 1.089064 4.083897 False
3.573840 1.080703 4.035098 False
3.540090 1.072311 3.986123 False
3.506215 1.063887 3.936972 False
3.472216 1.055431 3.887646 False
3.438092 1.046943 3.838144 False
3.403843 1.038423 3.788467 False
3.369469 1.029871 3.738614 False
3.334970 1.021287 3.688585 False
3.300347 1.012671 3.638381 False
3.265598 1.004023 3.588002 False
3.230725 0.995343 3.537446 False
3.195727 0.986631 3.486715 False
3.160604 0.977887 3.435808 False
3.125355 0.969111 3.384726 False
3.089982 0.960304 3.333468 False
3.054484 0.951464 3.282033 False
3.018861 0.942592 3.230424 False
2.983113 0.933688 3.178638 False
2.947240 0.924752 3.126676 False
2.911242 0.915785 3.074539 False
2.875119 0.906785 3.022225 False
2.838870 0.897753 2.969736 False
2.802497 0.888689 2.917071 False
2.765999 0.879593 2.864230 False
2.729375 0.870466 2.811213 False
2.692626 0.861306 2.758020 False
2.655752 0.852114 2.704650 False
2.618753 0.842890 2.651105 False
2.581629 0.833634 2.597384 False
2.544380 0.824346 2.543487 False
2.507005 0.815026 2.489413 False
2.469505 0.805674 2.435164 False
2.431880 0.796289 2.380738 False
2.394130 0.786873 2.326136 False
2.356254 0.777425 2.271358 False
2.318253 0.767945 2.216403 False
2.280127 0.758432 2.161273 False
2.241876 0.748888 2.105966 False
2.203499 0.739311 2.050482 False
2.164996 0.729702 1.994823 False
2.126369 0.720062 1.938987 False
2.087616 0.710389 1.882975 False
2.048738 0.700684 1.826786 False
2.009734 0.690947 1.770421 False
1.970605 0.681178 1.713880 False
1.931350 0.671376 1.657162 False
1.891970 0.661543 1.600268 False
1.852464 0.651678 1.543197 False
1.812833 0.641780 1.485949 False
1.773076 0.631850 1.428525 False
1.733194 0.621889 1.370925 False
1.693187 0.611895 1.313148 False
1.653054 0.601869 1.255194 False
1.612795 0.591810 1.197064 False
1.572410 0.581720 1.138757 False
1.531900 0.571598 1.080274 False
1.491265 0.561443 1.021613 False
1.450504 0.551256 0.962776 False
1.409617 0.541037 0.903763 False
1.368604 0.530786 0.844572 False
1.327466 0.520503 0.785205 False
1.286202 0.510187 0.725661 False
1.244813 0.499840 0.665940 False
1.203297 0.489460 0.606042 False
1.161656 0.479048 0.545967 False
1.119889 0.468604 0.485716 False
1.077997 0.458128 0.425288 False
1.035978 0.447619 0.364682 False
0.993834 0.437079 0.303900 False
0.951564 0.426506 0.242941 False
0.909169 0.415901 0.181804 False
0.866647 0.405263 0.120491 False
0.823999 0.394594 0.059001 False
0.781226 0.383892 -0.002667 False
0.738327 0.373158 -0.064511 False
0.695301 0.362392 -0.126533 False
0.652150 0.351594 -0.188732 False
0.607073 0.336210 -0.240140 False
0.561133 0.301684 -0.226438 False
0.544449 0.277194 -0.168642 False
0.511519 0.261373 -0.211104 False
0.515533 0.250818 -0.206157 False
0.518400 0.244292 -0.205923 False
0.520122 0.241798 -0.210402 False
0.513747 0.240034 -0.214412 False
0.474577 0.226446 -0.198502 False
0.435967 0.213063 -0.182807 False
0.397917 0.199883 -0.167328 False
0.360428 0.186906 -0.152064 False
0.323499 0.174134 -0.137016 False
0.287131 0.161565 -0.122184 False
0.251324 0.149200 -0.107567 False
0.216077 0.137039 -0.093166 False
0.181390 0.125082 -0.078981 False
0.147265 0.113329 -0.065011 False
0.113700 0.101780 -0.051257 False
0.080696 0.090435 -0.037719 False
0.048254 0.079294 -0.024396 False
0.016372 0.068357 -0.011289 False
-0.014948 0.057624 0.001602 False
-0.045708 0.047096 0.014276 False
-0.075905 0.036771 0.026736 False
-0.105542 0.026650 0.038979 False
-0.134617 0.016734 0.051006 False
-0.163131 0.007022 0.062817 False
-0.191083 -0.002486 0.074412 False
-0.218473 -0.011790 0.085791 False
-0.245302 -0.020889 0.096955 False
-0.271569 -0.029784 0.107902 False
-0.297274 -0.038475 0.118632 False
-0.322417 -0.046961 0.129147 False
-0.346998 -0.055243 0.139446 False
-0.371017 -0.063321 0.149528 False
-0.394474 -0.071194 0.159394 False
-0.417369 -0.078863 0.169044 False
-0.439702 -0.086327 0.178477 False
-0.461472 -0.093586 0.187695 False
-0.482679 -0.100641 0.196696 False
-0.503324 -0.107492 0.205480 False
-0.523407 -0.114138 0.214048 False
-0.542927 -0.120579 0.222400 False
-0.561884 -0.126816 0.230535 False
-0.580279 -0.132848 0.238454 False
-0.598110 -0.138675 0.246156 False
-0.615379 -0.144298 0.253641 False
-0.632085 -0.149716 0.260910 False
-0.648227 -0.154929 0.267963 False
-0.663807 -0.159937 0.274799 False
-0.678823 -0.164741 0.281418 False
-0.693276 -0.169339 0.287820 False
-0.707166 -0.173733 0.294006 False
-0.720492 -0.177922 0.299975 False
-0.733255 -0.181905 0.305727 False
-0.745454 -0.185684 0.311262 False
-0.757089 -0.189258 0.316581 False
-0.768161 -0.192627 0.321683 False
-0.778669 -0.195791 0.326567 False
-0.788614 -0.198750 0.331235 False
-0.797994 -0.201504 0.335686 False
-0.806810 -0.204052 0.339920 False
-0.815063 -0.206396 0.343937 False
-0.822751 -0.208534 0.347737 False
-0.829875 -0.210467 0.351320 False
-0.836434 -0.212195 0.354686 False
-0.842430 -0.213718 0.357835 False
-0.847861 -0.215035 0.360766 False
-0.852727 -0.216147 0.363480 False
-0.857029 -0.217054 0.365978 False
-0.860766 -0.217755 0.368258 False
-0.863939 -0.218251 0.370320 False
-0.866547 -0.218542 0.372166 False
-0.868590 -0.218627 0.373794 False
-0.870068 -0.218507 0.375204 False
-0.870981 -0.218181 0.376398 False
-0.871329 -0.217650 0.377374 False
-0.871112 -0.216913 0.378132 False
-0.870330 -0.215971 0.378674 False
-0.868982 -0.214823 0.378997 False
-0.867069 -0.213470 0.379103 False
-0.864591 -0.211910 0.378992 False
-0.861547 -0.210146 0.378663 False
-0.857938 -0.208175 0.378116 False
-0.853763 -0.205999 0.377352 False
-0.849022 -0.203617 0.376370 False
-0.843716 -0.201029 0.375171 False
-0.837844 -0.198236 0.373753 False
-0.831406 -0.195237 0.372118 False
-0.824402 -0.192032 0.370266 False
-0.816831 -0.188621 0.368195 False
-0.808695 -0.185004 0.365907 False
-0.799993 -0.181181 0.363401 False
-0.790724 -0.177152 0.360677 False
-0.780889 -0.172917 0.357735 False
-0.770488 -0.168477 0.354575 False
-0.759520 -0.163830 0.351197 False
-0.747986 -0.158977 0.347601 False
-0.735885 -0.153918 0.343787 False
-0.723217 -0.148653 0.339755 False
-0.709982 -0.143182 0.335505 False
-0.696181 -0.137505 0.331037 False
-0.681813 -0.131622 0.326351 False
-0.666878 -0.125532 0.321446 False
-0.651376 -0.119236 0.316324 False
-0.635306 -0.112734 0.310983 False
-0.618670 -0.106026 0.305424 False
-0.601466 -0.099111 0.299646 False
-0.583695 -0.091990 0.293651 False
-0.565357 -0.084663 0.287437 False
-0.546451 -0.077129 0.281005 False
-0.526978 -0.069389 0.274354 False
-0.506937 -0.061442 0.267485 False
-0.486328 -0.053289 0.260397 False
-0.465152 -0.044929 0.253091 False
-0.443407 -0.036363 0.245567 False
-0.421095 -0.027591 0.237823 False
-0.398215 -0.018611 0.229862 False
-0.374767 -0.009426 0.221682 False
-0.350751 -0.000033 0.213283 False
-0.326166 0.009566 0.204665 False
-0.301014 0.019372 0.195829 False
-0.275293 0.029384 0.186774 False
-0.249004 0.039603 0.177501 False
-0.222146 0.050029 0.168009 False
-0.194720 0.060662 0.158297 False
-0.166725 0.071501 0.148368 False
-0.138161 0.082548 0.138219 False
-0.109029 0.093801 0.127851 False
-0.079328 0.105261 0.117265 False
-0.049058 0.116928 0.106459 False
-0.018219 0.128802 0.095435 False
0.013189 0.140882 0.084192 False
0.045166 0.153170 0.072729 False
0.077712 0.165665 0.061048 False
0.110828 0.178367 0.049147 False
0.144513 0.191276 0.037028 False
0.178767 0.204392 0.024689 False
0.213590 0.217715 0.012131 False
0.248983 0.231245 -0.000646 False
0.284946 0.244983 -0.013642 False
0.321479 0.258927 -0.026857 False
0.358581 0.273079 -0.040292 False
0.396252 0.287438 -0.053946 False
0.434494 0.302005 -0.067819 False
0.473306 0.316778 -0.081912 False
0.512688 0.331759 -0.096224 False
0.557479 0.344958 -0.114397 False
0.609410 0.349152 -0.152602 False
0.589724 0.353209 -0.205097 False
0.570037 0.357267 -0.257592 False
0.550350 0.361324 -0.310087 False
0.530664 0.365381 -0.362582 False
0.510977 0.369438 -0.415077 False
0.491291 0.373495 -0.467573 False
0.471604 0.377553 -0.520068 False
0.451918 0.381610 -0.572563 False
0.432231 0.385667 -0.625058 False
0.412544 0.389724 -0.677553 False
0.392858 0.393781 -0.730048 False
0.373171 0.397839 -0.782543 False
0.353485 0.401896 -0.835038 False
0.333798 0.405953 -0.887533 False
0.314112 0.410010 -0.940028 False
0.294425 0.414067 -0.992523 False
0.274738 0.418125 -1.045018 False
0.255052 0.422182 -1.097513 False
0.235365 0.426239 -1.150008 False
0.215679 0.430296 -1.202503 False
0.195992 0.434353 -1.254998 False
0.176306 0.438411 -1.307493 False
0.156619 0.442468 -1.359988 False
0.136932 0.446525 -1.412483 False
0.117246 0.450582 -1.464979 False
0.097559 0.454639 -1.517474 False
0.077873 0.458696 -1.569969 False
0.058186 0.462754 -1.622464 False
0.038500 0.466811 -1.674959 False
0.018813 0.470868 -1.727454 False
-0.000874 0.474925 -1.779949 False
-0.020560 0.478982 -1.832444 False
-0.040247 0.483040 -1.884939 False
-0.059933 0.487097 -1.937434 False
-0.079620 0.491154 -1.989929 False
-0.099307 0.495211 -2.042424 False
-0.118993 0.499268 -2.094919 False
-0.138680 0.503326 -2.147414 False
-0.158366 0.507383 -2.199909 False
-0.178053 0.511440 -2.252404 False
-0.197739 0.515497 -2.304899 False
-0.217426 0.519554 -2.357394 False
-0.237113 0.523612 -2.409889 False
-0.256799 0.527669 -2.462384 False
-0.276486 0.531726 -2.514880 False
-0.296172 0.535783 -2.567375 False
-0.315859 0.539840 -2.619870 False
-0.335545 0.543897 -2.672365 False
-0.355232 0.547955 -2.724860 False
-0.374919 0.552012 -2.777355 False
-0.394605 0.556069 -2.829850 False
-0.414292 0.560126 -2.882345 False
-0.433978 0.564183 -2.934840 False
-0.453665 0.568241 -2.987335 False
-0.473351 0.572298 -3.039830 False
-0.493038 0.576355 -3.092325 False
-0.512725 0.580412 -3.144820 False
-0.532411 0.584469 -3.197315 False
-0.552098 0.588527 -3.249810 False
-0.571784 0.592584 -3.302305 False
-0.591471 0.596641 -3.354800 False
-0.611157 0.600698 -3.407295 False
-0.630844 0.604755 -3.459790 False
-0.650531 0.608813 -3.512286 False
-0.670217 0.612870 -3.564781 False
-0.689904 0.616927 -3.617276 False
-0.709590 0.620984 -3.669771 False
-0.729277 0.625041 -3.722266 False
-0.748963 0.629099 -3.774761 False
-0.768650 0.633156 -3.827256 False
-0.788337 0.637213 -3.879751 False
-0.808023 0.641270 -3.932246 False
-0.827710 0.645327 -3.984741 False
-0.847396 0.649384 -4.037236 False
-0.867083 0.653442 -4.089731 False
-0.886770 0.657499 -4.142226 False
-0.906456 0.661556 -4.194721 False
-0.926143 0.665613 -4.247216 False
-0.945829 0.669670 -4.299711 False
-0.965516 0.673728 -4.352206 False
-0.985202 0.677785 -4.404701 False
-1.004889 0.681842 -4.457196 False
-1.024576 0.685899 -4.509692 False
-1.044262 0.689956 -4.562187 False
-1.063949 0.694014 -4.614682 False
-1.083635 0.698071 -4.667177 False
-1.103322 0.702128 -4.719672 False
-1.123008 0.706185 -4.772167 False
-1.142695 0.710242 -4.824662 False
-1.162382 0.714300 -4.877157 False
-1.182068 0.718357 -4.929652 False
-1.201755 0.722414 -4.982147 False
-1.221441 0.726471 -5.034642 False
-1.241128 0.730528 -5.087137 False
-1.260814 0.734586 -5.139632 False
-1.280501 0.738643 -5.192127 False
-1.300188 0.742700 -5.244622 False
-1.319874 0.746757 -5.297117 False
-1.339561 0.750814 -5.349612 False
-1.359247 0.754871 -5.402107 False
-1.378934 0.758929 -5.454602 False
-1.398620 0.762986 -5.507097 False
-1.418307 0.767043 -5.559593 False
-1.437994 0.771100 -5.612088 False
-1.457680 0.775157 -5.664583 False
-1.477367 0.779215 -5.717078 False
-1.497053 0.783272 -5.769573 False
-1.516740 0.787329 -5.822068 False
-1.536426 0.791386 -5.874563 False
-1.556113 0.795443 -5.927058 False
-1.575800 0.799501 -5.979553 False
-1.595486 0.803558 -6.032048 False
-1.615173 0.807615 -6.084543 False
-1.634859 0.811672 -6.137038 False
-1.654546 0.815729 -6.189533 False
-1.674232 0.819787 -6.242028 False
-1.693919 0.823844 -6.294523 False
-1.713606 0.827901 -6.347018 False
-1.733292 0.831958 -6.399513 False
-1.752979 0.836015 -6.452008 False
-1.772665 0.840072 -6.504503 False
-1.792352 0.844130 -6.556999 False
-1.812039 0.848187 -6.609494 False
-1.831725 0.852244 -6.661989 False
-1.851412 0.856301 -6.714484 False
-1.871098 0.860358 -6.766979 False
-1.890785 0.864416 -6.819474 False
-1.910471 0.868473 -6.871969 False
-1.930158 0.872530 -6.924464 False
-1.949845 0.876587 -6.976959 False
-1.969531 0.880644 -7.029454 False
-1.989218 0.884702 -7.081949 False
-2.008904 0.888759 -7.134444 False
-2.028591 0.892816 -7.186939 False
-2.048277 0.896873 -7.239434 False
-2.067964 0.900930 -7.291929 False
-2.087651 0.904988 -7.344424 False
-2.107337 0.909045 -7.396919 False
-2.127024 0.913102 -7.449414 False
-2.146710 0.917159 -7.501909 False
-2.166397 0.921216 -7.554404 False
-2.186083 0.925274 -7.606900 False
-2.205770 0.929331 -7.659395 False
-2.225457 0.933388 -7.711890 False
-2.245143 0.937445 -7.764385 False
-2.264830 0.941502 -7.816880 False
-2.284516 0.945559 -7.869375 False
-2.304203 0.949617 -7.921870 False
-2.323889 0.953674 -7.974365 False
-2.343576 0.957731 -8.026860 False
-2.363263 0.961788 -8.079355 False
-2.382949 0.965845 -8.131850 False
-2.402636 0.969903 -8.184345 False
-2.422322 0.973960 -8.236840 False
-2.442009 0.978017 -8.289335 False
-2.461695 0.982074 -8.341830 False
-2.481382 0.986131 -8.394325 False
-2.501069 0.990189 -8.446820 False
-2.520755 0.994246 -8.499315 False
-2.540442 0.998303 -8.551810 False
-2.560128 1.002360 -8.604306 False
-2.579815 1.006417 -8.656801 False
-2.599501 1.010475 -8.709296 False
-2.619188 1.014532 -8.761791 False
-2.638875 1.018589 -8.814286 False
-2.658561 1.022646 -8.866781 False
-2.678248 1.026703 -8.919276 False
-2.697934 1.030760 -8.971771 False
-2.717621 1.034818 -9.024266 False
-2.737308 1.038875 -9.076761 False
-2.756994 1.042932 -9.129256 False
-2.776681 1.046989 -9.181751 False
-2.796367 1.051046 -9.234246 False
-2.816054 1.055104 -9.286741 False
-2.835740 1.059161 -9.339236 False
-2.855427 1.063218 -9.391731 False
-2.875114 1.067275 -9.444226 False
-2.894800 1.071332 -9.496721 False
-2.914487 1.075390 -9.549216 False
-2.934173 1.079447 -9.601712 False
-2.953860 1.083504 -9.654207 False
-2.973546 1.087561 -9.706702 False
-2.993233 1.091618 -9.759197 False
-3.012920 1.095676 -9.811692 False
-3.032606 1.099733 -9.864187 False
-3.052293 1.103790 -9.916682 False
-3.071979 1.107847 -9.969177 False
-3.091666 1.111904 -10.021672 False
-3.111352 1.115962 -10.074167 False
-3.131039 1.120019 -10.126662 False
-3.150726 1.124076 -10.179157 False
-3.170412 1.128133 -10.231652 False
-3.190099 1.132190 -10.284147 False
-3.209785 1.136247 -10.336642 False
-3.229472 1.140305 -10.389137 False
-3.249158 1.144362 -10.441632 False
-3.268845 1.148419 -10.494127 False
-3.288532 1.152476 -10.546622 False
-3.308218 1.156533 -10.599117 False
-3.327905 1.160591 -10.651613 False
-3.347591 1.164648 -10.704108 False
-3.367278 1.168705 -10.756603 False
-3.386964 1.172762 -10.809098 False
-3.406651 1.176819 -10.861593 False
-3.426338 1.180877 -10.914088 False
-3.446024 1.184934 -10.966583 False
-3.465711 1.188991 -11.019078 False
-3.485397 1.193048 -11.071573 False
-3.505084 1.197105 -11.124068 False
-3.524770 1.201163 -11.176563 False
-3.544457 1.205220 -11.229058 False
-3.564144 1.209277 -11.281553 False
-3.583830 1.213334 -11.334048 False
-3.603517 1.217391 -11.386543 False
