0.361923 0.238031 -0.296499
0.361191 0.237977 -0.294967
0.361826 0.237932 -0.295966
0.361530 0.239310 -0.295582
0.361596 0.239059 -0.295202
0.360957 0.238197 -0.295032
0.360966 0.238521 -0.293612
0.361052 0.238788 -0.294509
0.361712 0.237353 -0.294203
0.361164 0.236000 -0.294441
0.360956 0.234896 -0.294336
0.361099 0.236521 -0.293651
0.361642 0.237022 -0.294016
0.361553 0.236683 -0.293560
0.361616 0.237132 -0.294670
0.362056 0.237280 -0.294775
0.362023 0.237909 -0.294036
0.361748 0.238007 -0.292803
0.362176 0.237307 -0.294261
0.361774 0.237280 -0.294833
0.361007 0.237651 -0.295555
0.361404 0.236939 -0.295499
0.361678 0.236838 -0.295537
0.361368 0.237165 -0.295146
0.360900 0.236869 -0.294826
0.361064 0.237083 -0.294960
0.361071 0.237612 -0.294203
0.361395 0.237383 -0.292388
0.362031 0.238465 -0.292923
0.360676 0.240854 -0.293627
0.360665 0.238882 -0.294906
0.360992 0.238364 -0.295776
0.361563 0.238472 -0.296037
0.360828 0.239068 -0.296289
0.360132 0.238785 -0.295480
0.360923 0.237136 -0.293746
0.361523 0.236223 -0.294862
0.361111 0.237912 -0.295215
0.361064 0.238792 -0.294458
0.361197 0.238228 -0.295909
0.360940 0.238172 -0.296336
0.360828 0.237910 -0.296334
0.360193 0.237571 -0.295996
0.359410 0.237851 -0.295857
0.360592 0.237859 -0.295264
0.359768 0.237598 -0.295742
0.359576 0.237870 -0.295824
0.360381 0.237935 -0.294957
0.361107 0.237933 -0.295871
0.360793 0.237951 -0.296802
0.360633 0.238202 -0.296465
0.360927 0.240451 -0.295755
0.361596 0.237739 -0.296636
0.361524 0.237091 -0.296695
0.360794 0.237090 -0.296426
0.360924 0.236991 -0.296080
0.359862 0.238005 -0.296734
0.359603 0.239059 -0.296039
0.361300 0.238501 -0.296818
0.360583 0.238110 -0.296421
0.360855 0.237307 -0.295545
0.360362 0.237000 -0.295098
0.360021 0.236888 -0.295478
0.360196 0.236768 -0.295576
0.360743 0.236327 -0.295662
0.360976 0.236004 -0.296254
0.360410 0.236855 -0.296086
0.361073 0.238988 -0.294724
0.360645 0.238332 -0.295650
0.361632 0.237099 -0.295903
0.361736 0.236953 -0.296045
0.361835 0.237127 -0.294863
0.361114 0.236939 -0.294728
0.361942 0.236706 -0.294897
0.362359 0.236750 -0.295862
0.362083 0.237367 -0.294525
0.362012 0.239434 -0.294342
0.361995 0.236565 -0.294159
0.361556 0.237617 -0.294470
0.361496 0.236578 -0.295665
0.360605 0.236436 -0.295622
0.360595 0.238193 -0.296779
0.361581 0.236946 -0.296996
0.362444 0.235994 -0.296108
0.361757 0.236545 -0.296543
0.361712 0.236897 -0.296759
0.360938 0.237693 -0.296823
0.361126 0.237513 -0.296344
0.360829 0.237864 -0.295493
0.361433 0.237901 -0.296110
0.361054 0.237792 -0.295782
0.360886 0.237204 -0.295780
0.361094 0.237344 -0.296332
0.361915 0.237725 -0.296644
0.362092 0.237391 -0.297063
0.361255 0.237140 -0.297148
0.361285 0.237023 -0.297064
0.361080 0.237785 -0.296482
0.360654 0.237367 -0.296100
0.360717 0.237981 -0.295699
0.360930 0.237921 -0.296388
0.360734 0.238213 -0.296727
0.360465 0.238143 -0.296635
0.361308 0.237886 -0.296366
0.361426 0.237847 -0.295829
0.360897 0.237262 -0.295908
0.360636 0.237219 -0.296577
0.360901 0.236916 -0.295661
0.361254 0.236782 -0.295798
0.360485 0.236901 -0.295527
0.360050 0.238296 -0.296035
0.360848 0.237804 -0.295573
0.360290 0.237479 -0.296504
0.360705 0.237668 -0.296712
0.360612 0.238805 -0.296171
0.361590 0.237244 -0.296692
0.360730 0.237137 -0.295896
0.360521 0.237883 -0.296109
0.361057 0.237340 -0.296904
0.361500 0.238342 -0.296911
0.361056 0.238172 -0.296150
0.360507 0.237581 -0.296300
0.360461 0.237407 -0.296140
0.360476 0.237423 -0.296055
0.360611 0.237956 -0.296374
0.359824 0.238213 -0.295348
0.360879 0.238476 -0.295341
0.361332 0.241357 -0.296556
0.360830 0.239505 -0.297020
0.360459 0.237972 -0.296623
0.360955 0.238030 -0.296537
0.361388 0.236921 -0.297106
0.361541 0.236750 -0.297198
0.361809 0.236854 -0.296720
0.361670 0.237526 -0.296748
0.361616 0.238536 -0.297222
0.360776 0.238773 -0.297266
0.361211 0.238294 -0.297265
0.360982 0.238448 -0.297246
0.360826 0.236840 -0.297045
0.360578 0.236723 -0.297174
0.360454 0.237791 -0.297275
0.361231 0.237213 -0.297344
0.360661 0.237286 -0.297026
0.360171 0.237837 -0.296284
0.360013 0.238015 -0.296766
0.360969 0.237996 -0.296543
0.361380 0.237384 -0.296643
0.360932 0.237785 -0.297124
0.360295 0.240458 -0.297060
0.361196 0.238087 -0.296272
0.360581 0.238157 -0.295629
0.360701 0.237651 -0.296267
0.360182 0.238178 -0.296789
0.360860 0.237316 -0.296205
0.360524 0.237397 -0.296080
0.359928 0.237555 -0.295614
0.359231 0.238114 -0.296284
0.359474 0.237860 -0.296408
0.359271 0.238070 -0.296545
0.360254 0.238656 -0.296235
0.361294 0.237927 -0.295232
0.361028 0.237447 -0.296707
0.360021 0.237888 -0.296625
0.360003 0.237374 -0.296876
0.360572 0.238250 -0.296756
0.360075 0.238845 -0.296841
0.360202 0.237660 -0.296106
0.359685 0.238070 -0.296346
0.359941 0.238224 -0.295936
0.360746 0.237655 -0.296407
0.360407 0.237665 -0.296613
0.359667 0.238423 -0.295757
0.358941 0.238272 -0.295325
0.359697 0.237598 -0.296083
0.360229 0.237419 -0.295825
0.360240 0.237509 -0.295264
0.359797 0.238229 -0.295674
0.358949 0.238538 -0.295868
0.359904 0.238684 -0.295515
0.360606 0.240534 -0.294735
0.360769 0.239087 -0.295085
0.360177 0.238259 -0.296156
0.360353 0.237911 -0.297050
0.359916 0.237341 -0.297069
0.360607 0.238411 -0.296580
0.360214 0.238001 -0.295913
0.360214 0.238477 -0.295858
0.360465 0.239022 -0.296381
0.360443 0.239306 -0.296217
0.360031 0.239088 -0.296018
0.359129 0.239170 -0.295699
0.359874 0.238683 -0.296039
0.360040 0.238846 -0.295093
0.360243 0.238220 -0.296174
0.360202 0.237150 -0.296286
0.360507 0.237610 -0.295913
0.361054 0.238119 -0.295557
0.360703 0.237526 -0.295453
0.359923 0.237192 -0.295709
0.360429 0.237311 -0.296119
0.361842 0.237595 -0.296206
0.362036 0.237427 -0.297037
0.361551 0.237467 -0.297243
0.361474 0.237304 -0.295415
0.361248 0.238080 -0.295300
0.361115 0.238228 -0.296264
0.361269 0.238257 -0.296348
0.361302 0.238715 -0.295919
0.361248 0.237787 -0.295710
0.361511 0.238232 -0.295799
0.361126 0.238028 -0.296221
0.360275 0.237800 -0.296472
0.360536 0.237817 -0.296720
0.359161 0.238497 -0.295658
0.359140 0.238818 -0.295232
0.361241 0.239336 -0.296050
0.362169 0.238245 -0.295476
0.361251 0.237233 -0.296487
0.361695 0.237203 -0.296349
0.360857 0.237733 -0.295846
0.360651 0.237036 -0.295558
0.360042 0.237981 -0.295702
0.359346 0.238228 -0.295893
0.359408 0.237763 -0.295861
0.359691 0.238225 -0.296398
0.360202 0.239091 -0.296034
0.359181 0.237625 -0.295971
0.359917 0.237291 -0.296064
0.360945 0.237638 -0.297213
0.361045 0.240897 -0.297361
0.355097 0.257124 -0.292506
0.338838 0.266082 -0.260080
0.314484 0.271004 -0.223188
0.282266 0.270488 -0.192544
0.231273 0.249479 -0.183530
0.206034 0.261763 -0.211693
0.177555 0.265686 -0.225120
0.150825 0.269498 -0.237931
0.125804 0.273199 -0.250136
0.102456 0.276789 -0.261749
0.080741 0.280267 -0.272779
0.060622 0.283633 -0.283240
0.042061 0.286887 -0.293142
0.025019 0.290028 -0.302498
0.009459 0.293056 -0.311318
-0.004658 0.295971 -0.319615
-0.017369 0.298772 -0.327400
-0.028714 0.301460 -0.334685
-0.038729 0.304033 -0.341481
-0.047454 0.306492 -0.347801
-0.054925 0.308836 -0.353655
-0.061182 0.311065 -0.359056
-0.066263 0.313179 -0.364014
-0.070205 0.315177 -0.368543
-0.073046 0.317059 -0.372652
-0.074825 0.318824 -0.376355
-0.075580 0.320473 -0.379662
-0.075349 0.322005 -0.382585
-0.074170 0.323420 -0.385136
-0.072081 0.324717 -0.387327
-0.069120 0.325896 -0.389169
-0.065326 0.326957 -0.390674
-0.060736 0.327899 -0.391853
-0.055389 0.328723 -0.392718
-0.049322 0.329428 -0.393281
-0.042574 0.330013 -0.393553
-0.035183 0.330478 -0.393547
-0.027187 0.330824 -0.393273
-0.018625 0.331049 -0.392743
-0.009533 0.331153 -0.391969
0.000050 0.331137 -0.390963
0.010085 0.330999 -0.389736
0.020534 0.330740 -0.388299
0.031360 0.330358 -0.386666
0.042524 0.329855 -0.384846
0.053988 0.329229 -0.382852
0.065715 0.328480 -0.380696
0.077665 0.327608 -0.378388
0.089801 0.326612 -0.375942
0.102085 0.325493 -0.373367
0.114478 0.324250 -0.370677
0.126943 0.322882 -0.367882
0.139442 0.321390 -0.364995
0.151935 0.319773 -0.362026
0.164386 0.318030 -0.358988
0.176756 0.316162 -0.355892
0.189007 0.314168 -0.352750
0.201101 0.312048 -0.349574
0.213000 0.309801 -0.346374
0.224665 0.307427 -0.343163
0.236059 0.304926 -0.339953
0.247144 0.302298 -0.336755
0.257880 0.299542 -0.333580
0.268231 0.296658 -0.330441
0.278158 0.293645 -0.327348
0.287624 0.290504 -0.324314
0.296589 0.287234 -0.321351
0.305015 0.283834 -0.318469
0.312866 0.280305 -0.315681
0.320102 0.276646 -0.312998
0.326686 0.272857 -0.310432
0.332579 0.268937 -0.307994
0.337744 0.264886 -0.305696
0.342141 0.260704 -0.303550
0.345734 0.256390 -0.301567
0.348390 0.251752 -0.299780
0.350306 0.247273 -0.298149
0.351586 0.243243 -0.296655
0.352334 0.239953 -0.295282
0.352653 0.237693 -0.294009
0.352541 0.236889 -0.292186
0.352527 0.239027 -0.292013
0.352911 0.238234 -0.294105
0.351431 0.238280 -0.293423
0.351065 0.238478 -0.293400
0.352015 0.238841 -0.292185
0.351921 0.238583 -0.293242
0.352101 0.239216 -0.293431
0.351931 0.238591 -0.294436
0.351633 0.238486 -0.294446
0.351675 0.239213 -0.293923
0.351664 0.238812 -0.294284
0.352129 0.239875 -0.294180
0.352164 0.238842 -0.294147
0.352397 0.239363 -0.294387
0.352477 0.239022 -0.294177
0.351428 0.238212 -0.293700
0.352490 0.238346 -0.293721
0.352061 0.239054 -0.294711
0.351964 0.239365 -0.294559
0.352496 0.239392 -0.294124
0.351883 0.239133 -0.294741
0.352377 0.237510 -0.295164
0.353146 0.238276 -0.295480
0.352907 0.239942 -0.294458
0.352332 0.239416 -0.293443
0.352827 0.238616 -0.293941
0.352792 0.238348 -0.294707
0.352435 0.238047 -0.294377
0.352813 0.238160 -0.294915
0.352721 0.238269 -0.294515
0.351578 0.239117 -0.294130
0.353186 0.238232 -0.294199
0.353626 0.237333 -0.293931
0.353240 0.237694 -0.294165
0.352654 0.237811 -0.293338
0.353317 0.239737 -0.294078
0.352550 0.239814 -0.294314
0.351904 0.238644 -0.293915
0.352130 0.239317 -0.293522
0.353514 0.239075 -0.293205
0.352908 0.238507 -0.291815
0.353286 0.238973 -0.293894
0.353517 0.238475 -0.294104
0.352736 0.239019 -0.293852
0.352578 0.239857 -0.293822
0.352846 0.239528 -0.292789
0.352688 0.239460 -0.293722
0.351646 0.239582 -0.293460
0.351429 0.239578 -0.293443
0.351771 0.239292 -0.294163
0.352090 0.238062 -0.292800
0.352359 0.237353 -0.291593
0.352402 0.238050 -0.292731
0.352329 0.238622 -0.293551
0.352294 0.238448 -0.293241
0.352702 0.238279 -0.292354
0.351983 0.238354 -0.293068
0.351668 0.238968 -0.291905
0.351913 0.238380 -0.293168
0.352325 0.238785 -0.293905
0.352147 0.237655 -0.294145
0.352860 0.238106 -0.293499
0.352479 0.239279 -0.292518
0.352468 0.240003 -0.293414
0.351753 0.239439 -0.293364
0.351531 0.239305 -0.293813
0.351451 0.238861 -0.293696
0.351675 0.238243 -0.294327
0.351946 0.237601 -0.294522
0.351862 0.238987 -0.293908
0.351916 0.239384 -0.292831
0.352002 0.239555 -0.294102
0.351609 0.239457 -0.293439
0.352150 0.239389 -0.293607
0.353792 0.238735 -0.293256
0.353190 0.238914 -0.294069
0.352717 0.238005 -0.293743
0.353293 0.239335 -0.293644
0.353640 0.238037 -0.294266
0.353409 0.238958 -0.293694
0.353325 0.238237 -0.292153
0.352694 0.238307 -0.293906
0.353478 0.238329 -0.294519
0.353555 0.239450 -0.294942
0.352823 0.239860 -0.294406
0.352680 0.238483 -0.294163
0.352804 0.237185 -0.293080
0.353273 0.237277 -0.294119
0.353334 0.237257 -0.293513
0.352479 0.237683 -0.292310
0.354198 0.238691 -0.293912
0.353172 0.237756 -0.294389
0.352288 0.238431 -0.294236
0.352663 0.239193 -0.292741
0.352543 0.238783 -0.293755
0.351941 0.239236 -0.293686
0.352893 0.238798 -0.294001
0.352854 0.239788 -0.293522
0.353196 0.238490 -0.291530
0.352204 0.238775 -0.291160
0.352162 0.239556 -0.292802
0.352136 0.240033 -0.292453
0.352429 0.239914 -0.293313
0.352204 0.240329 -0.293404
0.352054 0.239855 -0.292121
0.351660 0.239700 -0.293404
0.352216 0.239787 -0.293286
0.352669 0.240237 -0.293401
0.352002 0.240189 -0.293063
0.352232 0.239459 -0.294046
0.351798 0.238469 -0.293915
0.352851 0.239154 -0.293179
0.351985 0.239365 -0.291583
0.352581 0.239409 -0.292752
0.352117 0.238815 -0.291706
0.352323 0.239469 -0.292180
0.352035 0.240334 -0.292494
0.352094 0.240018 -0.293638
0.352831 0.238555 -0.292671
0.353048 0.238397 -0.292587
0.352330 0.239008 -0.293336
0.353069 0.238751 -0.293390
0.352163 0.239419 -0.293695
0.351984 0.239596 -0.292795
0.352585 0.239481 -0.292930
0.352474 0.239547 -0.292061
0.352909 0.239440 -0.292174
0.352771 0.238839 -0.293464
0.351860 0.239577 -0.292488
0.352453 0.240159 -0.291629
0.352809 0.240185 -0.292919
0.352724 0.239580 -0.293371
0.352177 0.239499 -0.292778
0.352257 0.239576 -0.292638
0.352493 0.239370 -0.293081
0.353341 0.238663 -0.293454
0.352490 0.239343 -0.292391
0.352644 0.239883 -0.290813
0.352491 0.239258 -0.292056
0.351285 0.238258 -0.292024
0.351533 0.238110 -0.291728
0.352254 0.241215 -0.292258
0.352659 0.239887 -0.291351
0.352075 0.238710 -0.292441
0.352451 0.238681 -0.291421
0.352917 0.238376 -0.291458
0.352664 0.239444 -0.291544
0.351809 0.240021 -0.293215
0.352350 0.239361 -0.293088
0.352567 0.238564 -0.292350
0.353215 0.239058 -0.292223
0.353705 0.238857 -0.293970
0.352761 0.239741 -0.293555
0.351313 0.239202 -0.292370
0.351089 0.237429 -0.292052
0.350573 0.238930 -0.292324
0.352055 0.238662 -0.293326
0.352766 0.238936 -0.293584
0.353027 0.238611 -0.292381
0.352749 0.239398 -0.293351
0.352237 0.239460 -0.293500
0.351957 0.239561 -0.293645
0.351788 0.239421 -0.294703
0.352045 0.239142 -0.294687
0.353070 0.238076 -0.292088
0.352846 0.237348 -0.291901
0.352253 0.237954 -0.293085
0.352757 0.238584 -0.293760
0.352291 0.237969 -0.294485
0.352875 0.236605 -0.294530
0.352711 0.237025 -0.293473
0.351974 0.237790 -0.293496
0.351635 0.237397 -0.293744
0.352968 0.238035 -0.293699
0.352907 0.238004 -0.293301
0.352683 0.237193 -0.294267
0.353120 0.236957 -0.293586
0.353164 0.236817 -0.292731
0.352852 0.236543 -0.292437
0.352838 0.237809 -0.293156
0.353429 0.238692 -0.293464
0.352382 0.238371 -0.292880
0.352725 0.239023 -0.292338
0.352755 0.238676 -0.293861
0.352737 0.239390 -0.292707
0.352403 0.239029 -0.293423
0.353046 0.237413 -0.293295
0.353510 0.237015 -0.292327
0.353464 0.236488 -0.293449
0.353563 0.236560 -0.293370
0.354229 0.237618 -0.291914
0.353165 0.237163 -0.293486
0.352801 0.237114 -0.293956
0.353468 0.237141 -0.293226
0.353946 0.237910 -0.292525
0.353780 0.238281 -0.293263
0.353638 0.238053 -0.293944
0.352881 0.237537 -0.293436
0.353051 0.238139 -0.291969
0.352770 0.238130 -0.291653
0.353184 0.237854 -0.292593
0.353434 0.236824 -0.293187
0.353254 0.237539 -0.292865
0.352659 0.237009 -0.293253
0.352876 0.238901 -0.293057
0.352888 0.239330 -0.292882
0.353537 0.239059 -0.290762
0.352727 0.237694 -0.291198
0.352866 0.237846 -0.292295
0.353873 0.237923 -0.292209
0.353497 0.237948 -0.291769
0.353424 0.237927 -0.292790
0.353694 0.237791 -0.292943
0.353060 0.237332 -0.292184
0.353011 0.238015 -0.292919
0.352605 0.238225 -0.293658
0.353314 0.239179 -0.294375
0.353285 0.239440 -0.293386
0.352436 0.239539 -0.292873
0.352609 0.239161 -0.294077
0.352859 0.237992 -0.293754
0.353201 0.237173 -0.293672
0.353478 0.238494 -0.293236
0.353356 0.237492 -0.293947
0.352607 0.237864 -0.293760
0.353044 0.238103 -0.294401
0.353959 0.238021 -0.292465
0.353175 0.238166 -0.293529
0.353235 0.238808 -0.294365
0.353439 0.238235 -0.294693
0.353536 0.237659 -0.293992
0.353629 0.238167 -0.293853
0.353862 0.237992 -0.293288
0.353862 0.237787 -0.292240
0.353760 0.237164 -0.293549
0.353008 0.237236 -0.293518
0.352928 0.237828 -0.292993
0.353570 0.238111 -0.291400
0.353161 0.238088 -0.291082
0.353464 0.238502 -0.292620
0.353300 0.239529 -0.293766
0.353567 0.238467 -0.292055
0.353746 0.238572 -0.291708
0.353937 0.237914 -0.293200
0.353290 0.237290 -0.293158
0.353303 0.237807 -0.293821
0.353918 0.238201 -0.294128
0.353455 0.239210 -0.292915
0.353219 0.239180 -0.292813
0.352199 0.238217 -0.292914
0.352344 0.237792 -0.293949
0.352931 0.236443 -0.293682
0.352451 0.237133 -0.294060
0.353149 0.238055 -0.293792
0.353175 0.238507 -0.292524
0.353072 0.238561 -0.294114
0.352989 0.239393 -0.294465
0.351933 0.239206 -0.294227
0.352783 0.237747 -0.294371
0.352454 0.238684 -0.294470
0.352243 0.240004 -0.294004
0.352702 0.239220 -0.292803
0.352439 0.238420 -0.293691
0.352459 0.237007 -0.294319
0.352612 0.237448 -0.293817
0.352278 0.238821 -0.294541
0.352860 0.238196 -0.294287
0.353527 0.237297 -0.294474
0.353288 0.237000 -0.294840
0.354173 0.238263 -0.294367
0.353340 0.239123 -0.293681
0.352620 0.238585 -0.292801
0.353701 0.239467 -0.293611
0.353402 0.239512 -0.292509
0.353207 0.238979 -0.291988
0.352893 0.239263 -0.294110
0.353419 0.238534 -0.293528
0.352528 0.237464 -0.294338
0.353502 0.238081 -0.294950
0.353028 0.239049 -0.294382
0.353427 0.238530 -0.292701
0.353288 0.239297 -0.293073
0.352453 0.239611 -0.293769
0.352828 0.238011 -0.294811
0.353052 0.238803 -0.295881
0.352155 0.239286 -0.295288
0.352333 0.239505 -0.295344
0.352214 0.239052 -0.295594
0.353088 0.238224 -0.294933
0.353112 0.238427 -0.293070
0.352646 0.239416 -0.294090
0.352050 0.239493 -0.292858
0.352214 0.239494 -0.294803
0.352310 0.239110 -0.295216
0.351994 0.239827 -0.294089
0.352359 0.240884 -0.293990
0.352219 0.239735 -0.293024
0.351782 0.239791 -0.293362
0.352167 0.238758 -0.294245
0.353416 0.238893 -0.293860
0.352658 0.238357 -0.293385
0.352347 0.238059 -0.293608
0.352006 0.238488 -0.293737
0.351264 0.239864 -0.293500
0.351945 0.241677 -0.293200
0.351679 0.240097 -0.293696
0.352056 0.239434 -0.293304
0.352071 0.238305 -0.293758
0.351917 0.238431 -0.293306
0.351981 0.238807 -0.293629
0.352754 0.237930 -0.293554
0.352760 0.239905 -0.294467
0.352256 0.240936 -0.294746
0.353255 0.239783 -0.295283
0.353253 0.240027 -0.295246
0.353574 0.239762 -0.295305
0.353878 0.239389 -0.295256
0.354090 0.238970 -0.295058
0.354136 0.238567 -0.294669
0.353940 0.238243 -0.294048
0.352781 0.238102 -0.292712
0.353057 0.238014 -0.291969
0.353510 0.238166 -0.292462
0.353660 0.239136 -0.291945
0.352942 0.239973 -0.292778
0.353124 0.240030 -0.294315
0.353615 0.240927 -0.294539
0.352927 0.239744 -0.294927
0.353142 0.238839 -0.295048
0.353436 0.239136 -0.293027
0.354090 0.238236 -0.292003
0.354140 0.237538 -0.292433
0.353736 0.238076 -0.293316
0.353734 0.239056 -0.291962
0.354278 0.238469 -0.292300
0.353946 0.238273 -0.293188
0.353027 0.239187 -0.293767
0.351291 0.240055 -0.293360
0.351706 0.239766 -0.294199
0.352230 0.239363 -0.294487
0.351829 0.238200 -0.294557
0.351932 0.237773 -0.295359
0.352738 0.237190 -0.294596
0.353146 0.237956 -0.292902
0.353989 0.238027 -0.293356
0.352866 0.238298 -0.293928
0.353087 0.238874 -0.294726
0.352897 0.238417 -0.294488
0.352636 0.238212 -0.294393
0.351968 0.237870 -0.294080
0.352900 0.237483 -0.294479
0.353100 0.238531 -0.294302
0.352927 0.238022 -0.294503
0.353366 0.237581 -0.294421
0.352989 0.237426 -0.293976
0.352367 0.238085 -0.294346
0.351307 0.239032 -0.294450
0.352575 0.238215 -0.295593
0.351717 0.237981 -0.295309
0.351575 0.237961 -0.294850
0.352600 0.238102 -0.295165
0.352610 0.238632 -0.295582
0.352334 0.238126 -0.294705
0.352305 0.238158 -0.294208
0.352494 0.238863 -0.294333
0.352318 0.239100 -0.294904
0.353141 0.238819 -0.294595
0.352738 0.238103 -0.295384
0.352847 0.237838 -0.295347
0.352868 0.237862 -0.294652
0.352515 0.237638 -0.294185
0.352358 0.236989 -0.294445
0.352348 0.237668 -0.294776
0.352781 0.237734 -0.294723
0.353498 0.238267 -0.294428
0.353006 0.238593 -0.294617
0.352772 0.237488 -0.293603
0.352219 0.237811 -0.294133
0.352728 0.237929 -0.294501
0.353605 0.238043 -0.294129
0.352985 0.238636 -0.293130
0.353340 0.238113 -0.293269
0.353165 0.237930 -0.294290
0.353578 0.237772 -0.295838
0.353597 0.237913 -0.295499
0.353683 0.238006 -0.294739
0.353500 0.238212 -0.294555
0.352723 0.238161 -0.293598
0.352386 0.237837 -0.291929
0.352293 0.237293 -0.294167
0.352827 0.237812 -0.294158
0.353937 0.238151 -0.293032
0.353347 0.238949 -0.293207
0.353424 0.238457 -0.293772
0.352625 0.239116 -0.294229
0.353086 0.238203 -0.294126
0.352579 0.237987 -0.293843
0.352816 0.238135 -0.293649
0.352539 0.238901 -0.293934
0.352128 0.239089 -0.294594
0.352479 0.238393 -0.294127
0.353050 0.238963 -0.295051
0.353162 0.239296 -0.293921
0.353035 0.239241 -0.293775
0.352762 0.239033 -0.293812
0.352403 0.238740 -0.293949
0.352019 0.238429 -0.294101
0.351670 0.238169 -0.294183
0.351415 0.238028 -0.294110
0.350835 0.238217 -0.293359
0.352918 0.238322 -0.293431
0.352525 0.238325 -0.293699
0.351663 0.239424 -0.293663
0.352503 0.239873 -0.294339
0.352918 0.239065 -0.294700
0.352769 0.238558 -0.294157
0.351769 0.238604 -0.294294
0.352410 0.239160 -0.293595
0.352365 0.238279 -0.293604
0.351723 0.238267 -0.293489
0.352302 0.238051 -0.293858
0.351601 0.238716 -0.294248
0.352975 0.238497 -0.293828
0.352994 0.239015 -0.294375
0.354070 0.239305 -0.294122
0.353843 0.239115 -0.293743
0.352794 0.238114 -0.293960
0.352936 0.238122 -0.293705
0.354060 0.238934 -0.294505
0.353058 0.239824 -0.293448
0.353171 0.239386 -0.293961
0.354205 0.239539 -0.294011
0.354493 0.238052 -0.293581
0.353123 0.239838 -0.293878
0.353420 0.240593 -0.293404
0.353598 0.241620 -0.292957
0.354657 0.239772 -0.293379
0.354796 0.239334 -0.294030
0.354832 0.238986 -0.294385
0.353798 0.238961 -0.294499
0.354153 0.238783 -0.293570
0.353296 0.238533 -0.293865
0.353917 0.240098 -0.293366
0.353144 0.240902 -0.292939
0.352626 0.239604 -0.293653
0.353911 0.239416 -0.293935
0.353106 0.240269 -0.294301
0.352677 0.239918 -0.293900
0.352747 0.238380 -0.293860
0.353117 0.238331 -0.293700
0.354150 0.239616 -0.292443
0.353665 0.239242 -0.293406
0.353423 0.239287 -0.291815
0.354145 0.239943 -0.291089
0.354137 0.239614 -0.292677
0.353378 0.239898 -0.293058
0.354090 0.240657 -0.293147
0.354143 0.239094 -0.292797
0.354519 0.239792 -0.294427
0.353622 0.239246 -0.294889
0.353526 0.238200 -0.295094
0.353600 0.237959 -0.294382
0.353534 0.237949 -0.294226
0.354192 0.238012 -0.294127
0.354680 0.237544 -0.293939
0.354455 0.238363 -0.293395
0.354575 0.239459 -0.293735
0.353317 0.238182 -0.293606
0.352212 0.237999 -0.293653
0.351517 0.238610 -0.292381
0.352086 0.238233 -0.293464
0.352562 0.238590 -0.293632
0.353248 0.237933 -0.293648
0.351811 0.239979 -0.294061
0.351046 0.240067 -0.294108
0.351688 0.239124 -0.292787
0.351980 0.238638 -0.293537
0.351356 0.239226 -0.294119
0.351532 0.240464 -0.293945
0.350393 0.242261 -0.294028
0.350173 0.242190 -0.294694
0.351047 0.240178 -0.294288
0.351192 0.239594 -0.294497
0.352212 0.239460 -0.294292
0.351536 0.239872 -0.293637
0.351002 0.240972 -0.293961
0.351320 0.239737 -0.293217
0.351883 0.239339 -0.293903
0.352208 0.239701 -0.293908
0.353109 0.238501 -0.293702
0.352956 0.238908 -0.293933
0.352713 0.239042 -0.294160
0.352670 0.238837 -0.293727
0.352582 0.239671 -0.293621
0.352502 0.238106 -0.293543
0.352454 0.239557 -0.294257
0.351905 0.242250 -0.294419
0.351758 0.240217 -0.294486
0.353668 0.239322 -0.294105
0.353518 0.238380 -0.293885
0.352864 0.238103 -0.293807
0.352990 0.237942 -0.293678
0.353808 0.237918 -0.293599
0.352375 0.237977 -0.293973
0.351843 0.238321 -0.294168
0.351938 0.239618 -0.294338
0.352174 0.239223 -0.293367
0.352322 0.238129 -0.293668
0.352791 0.237798 -0.293453
0.352870 0.239445 -0.293571
0.353269 0.238674 -0.293815
0.352253 0.238608 -0.293802
0.352226 0.240264 -0.293820
0.351485 0.238658 -0.293842
0.351749 0.238932 -0.294619
0.351973 0.239439 -0.293940
0.353761 0.239515 -0.294039
0.353607 0.239733 -0.293679
0.353933 0.238733 -0.293573
0.353664 0.239149 -0.293350
0.353369 0.238610 -0.293081
0.352955 0.239834 -0.292408
0.351508 0.238903 -0.292989
0.351147 0.239368 -0.293651
0.352421 0.239227 -0.293949
0.352359 0.238663 -0.293619
0.352687 0.238750 -0.293578
0.351213 0.239975 -0.293494
0.351327 0.240467 -0.293787
0.350580 0.240215 -0.293714
0.351243 0.239798 -0.293276
0.352408 0.239853 -0.293879
0.352573 0.238969 -0.293754
0.351640 0.239492 -0.294117
0.352569 0.238138 -0.293886
0.352116 0.238337 -0.293089
0.352150 0.238618 -0.294076
0.352384 0.239054 -0.294202
0.352032 0.239190 -0.293814
0.351602 0.239985 -0.293982
0.351540 0.239967 -0.293427
0.352022 0.239271 -0.294056
0.352423 0.239242 -0.294428
0.351362 0.239990 -0.294724
0.351539 0.239969 -0.294063
0.352986 0.239082 -0.293424
0.353810 0.238687 -0.292376
0.352520 0.239150 -0.292449
0.353308 0.238551 -0.293104
0.354131 0.238970 -0.294360
0.352416 0.239434 -0.294100
0.352548 0.239471 -0.294346
0.352920 0.239731 -0.293529
0.353355 0.240279 -0.291987
0.353422 0.239747 -0.294066
0.351902 0.239591 -0.294558
0.351961 0.239575 -0.295196
0.353234 0.240094 -0.295155
0.351651 0.239780 -0.295001
0.351855 0.239772 -0.294092
0.353731 0.238697 -0.294728
0.353322 0.238746 -0.295119
0.351948 0.238699 -0.294624
0.351058 0.239984 -0.294609
0.351643 0.239999 -0.294700
0.351709 0.240262 -0.294181
0.353203 0.240096 -0.293893
0.351959 0.239709 -0.294073
0.351734 0.239729 -0.294293
0.352008 0.240143 -0.294740
0.351571 0.239668 -0.294113
0.351322 0.239758 -0.294114
0.351776 0.238602 -0.294150
0.352511 0.238591 -0.293814
0.352681 0.238681 -0.294071
0.352740 0.238491 -0.294224
0.352405 0.239190 -0.294261
0.353148 0.239846 -0.293668
0.353858 0.239340 -0.293423
0.353200 0.239221 -0.291801
0.352258 0.239912 -0.293396
0.351466 0.239369 -0.294514
0.351596 0.239199 -0.294366
0.351986 0.239043 -0.294096
0.352087 0.238537 -0.295055
0.352490 0.238511 -0.294737
0.352994 0.239202 -0.294313
0.352501 0.238425 -0.294220
0.351821 0.238961 -0.295021
0.350543 0.239105 -0.294766
0.351576 0.239064 -0.294218
0.351642 0.239596 -0.294170
0.350779 0.239983 -0.294712
0.351447 0.239844 -0.295414
0.351194 0.241612 -0.294704
0.350960 0.240163 -0.294180
0.351931 0.239994 -0.294153
0.352983 0.239378 -0.295043
0.352763 0.239438 -0.294397
0.353137 0.239735 -0.294695
0.352253 0.239127 -0.294805
0.351667 0.239983 -0.295025
0.351694 0.240279 -0.294609
0.351530 0.240235 -0.294954
0.353020 0.240255 -0.295156
0.352636 0.240534 -0.294987
0.350568 0.241289 -0.294913
0.351873 0.240090 -0.295390
0.352607 0.240221 -0.295568
0.352948 0.240434 -0.294786
0.352508 0.239716 -0.294474
0.353477 0.239501 -0.294550
0.352377 0.240341 -0.293919
0.351037 0.240294 -0.294379
0.350594 0.241662 -0.294525
0.351972 0.239092 -0.293600
0.352829 0.237462 -0.293631
0.352629 0.237618 -0.291707
0.353253 0.237351 -0.292861
0.352741 0.238261 -0.292158
0.351754 0.238068 -0.291705
0.353384 0.238273 -0.293227
0.352946 0.239398 -0.293711
0.352481 0.239715 -0.294397
0.352710 0.238514 -0.294472
0.352887 0.238092 -0.293131
0.352958 0.238553 -0.292787
0.352986 0.239545 -0.292701
0.352973 0.240977 -0.292817
0.352921 0.242759 -0.293079
0.352832 0.244802 -0.293428
0.352710 0.246971 -0.293776
0.352555 0.249288 -0.294151
0.352367 0.251732 -0.294547
0.352148 0.254281 -0.294960
0.351899 0.256914 -0.295384
0.351620 0.259608 -0.295815
0.351313 0.262342 -0.296247
0.350979 0.265094 -0.296675
0.350618 0.267842 -0.297095
0.350233 0.270564 -0.297500
0.349822 0.273239 -0.297886
0.349388 0.275845 -0.298248
0.348932 0.278360 -0.298581
0.348455 0.280762 -0.298879
0.347957 0.283030 -0.299138
0.347440 0.285140 -0.299352
0.346904 0.287073 -0.299516
0.346351 0.288806 -0.299626
0.345782 0.290317 -0.299676
0.345197 0.291584 -0.299660
0.344597 0.292586 -0.299575
0.343984 0.293300 -0.299414
0.343359 0.293706 -0.299173
0.342722 0.293780 -0.298846
0.342075 0.293502 -0.298429
0.341419 0.292850 -0.297916
0.340753 0.291801 -0.297302
0.340081 0.290334 -0.296582
0.339402 0.288428 -0.295752
0.338717 0.286059 -0.294805
0.338028 0.283208 -0.293737
0.337335 0.279851 -0.292543
0.336640 0.275967 -0.291217
0.335943 0.271534 -0.289755
0.335246 0.266530 -0.288151
0.334549 0.260934 -0.286401
0.333812 0.254231 -0.284371
0.333140 0.247634 -0.282377
0.332598 0.241866 -0.280605
0.332249 0.237647 -0.279243
0.332267 0.236934 -0.278566
0.332420 0.236967 -0.278995
0.332900 0.237778 -0.279062
0.332145 0.237867 -0.278948
0.333399 0.236627 -0.279162
0.332289 0.236663 -0.279108
0.332732 0.236089 -0.279046
0.332883 0.236916 -0.279096
0.332799 0.236968 -0.279024
0.332483 0.237020 -0.278837
0.332864 0.236998 -0.279169
0.333632 0.236309 -0.278818
0.332699 0.236313 -0.278647
0.332150 0.236455 -0.278796
0.332378 0.236387 -0.279070
0.332858 0.236548 -0.279099
0.333150 0.236375 -0.278817
0.334025 0.236604 -0.278905
0.334239 0.238213 -0.279072
0.333021 0.237154 -0.278954
0.332996 0.237238 -0.279031
0.333592 0.237319 -0.278983
0.332190 0.237057 -0.278875
0.332072 0.237878 -0.279074
0.331735 0.240147 -0.278998
0.332230 0.238466 -0.279016
0.332715 0.237513 -0.278999
0.332675 0.237458 -0.278624
0.332810 0.237728 -0.278803
0.332151 0.236502 -0.278853
0.332164 0.236521 -0.279160
0.332730 0.237564 -0.279306
0.332488 0.237381 -0.279135
0.332010 0.237201 -0.278900
0.332019 0.237559 -0.278778
0.331671 0.238486 -0.278816
0.331827 0.237155 -0.279060
0.331227 0.236465 -0.279053
0.331666 0.236193 -0.278683
0.332095 0.236304 -0.279315
0.332293 0.236477 -0.279144
0.332650 0.236241 -0.278840
0.332316 0.236247 -0.278991
0.332333 0.236350 -0.278146
0.332631 0.236545 -0.278502
0.332895 0.236264 -0.278413
0.332829 0.236267 -0.279502
0.332322 0.236237 -0.279697
0.332315 0.236323 -0.279051
0.332644 0.236603 -0.278883
0.332243 0.237700 -0.278372
0.332276 0.236657 -0.278328
0.332500 0.236621 -0.278518
0.332536 0.236455 -0.278718
0.332440 0.236364 -0.279122
0.332015 0.236503 -0.278823
0.332156 0.236417 -0.279331
0.332184 0.236946 -0.279107
0.332155 0.237158 -0.279099
0.332075 0.236878 -0.279353
0.331952 0.236742 -0.279216
0.332297 0.236326 -0.279036
0.332755 0.236312 -0.278614
0.332522 0.236838 -0.278755
0.332088 0.236780 -0.278842
0.331670 0.236832 -0.279336
0.332233 0.237804 -0.279202
0.331957 0.237227 -0.278979
0.332107 0.236498 -0.278924
0.332089 0.236431 -0.279042
0.332328 0.236813 -0.279050
0.331878 0.236414 -0.278924
0.331987 0.236400 -0.278687
0.332625 0.237122 -0.278365
0.332410 0.237063 -0.278975
0.332804 0.236524 -0.278777
0.332531 0.236915 -0.278772
0.332263 0.237280 -0.277647
0.332456 0.238037 -0.278074
0.332381 0.237776 -0.278545
0.332420 0.237371 -0.279448
0.332037 0.237247 -0.279055
0.331890 0.237580 -0.279328
0.333006 0.237445 -0.279160
0.332221 0.237844 -0.279112
0.332056 0.237690 -0.278742
0.332143 0.236645 -0.278096
0.332264 0.236871 -0.278374
0.332267 0.236360 -0.278709
0.332405 0.236272 -0.278361
0.332407 0.236458 -0.278620
0.332566 0.236275 -0.278433
0.332619 0.236796 -0.278039
0.332920 0.236278 -0.278216
0.333091 0.236382 -0.278239
0.332588 0.237671 -0.278808
0.332438 0.236833 -0.278534
0.332093 0.237075 -0.278450
0.332659 0.237032 -0.277545
0.332606 0.237310 -0.277857
0.332402 0.237835 -0.278495
0.332108 0.237272 -0.278653
0.332342 0.236915 -0.278390
0.332298 0.236285 -0.278205
0.332222 0.236471 -0.278726
0.331819 0.237131 -0.279083
0.331205 0.238217 -0.279467
0.330404 0.239691 -0.279872
0.329434 0.241517 -0.280295
0.328319 0.243657 -0.280731
0.327080 0.246074 -0.281174
0.325736 0.248730 -0.281621
0.324311 0.251587 -0.282067
0.322825 0.254609 -0.282507
0.321300 0.257758 -0.282936
0.319756 0.260997 -0.283351
0.318215 0.264288 -0.283745
0.316698 0.267594 -0.284115
0.315227 0.270878 -0.284457
0.313823 0.274101 -0.284764
0.312507 0.277228 -0.285033
0.311301 0.280220 -0.285259
0.310225 0.283040 -0.285438
0.309301 0.285650 -0.285564
0.308550 0.288014 -0.285634
0.307994 0.290093 -0.285642
0.307654 0.291851 -0.285584
0.307551 0.293250 -0.285455
0.307707 0.294253 -0.285251
0.308142 0.294823 -0.284967
0.308878 0.294921 -0.284598
0.309936 0.294510 -0.284139
0.311338 0.293554 -0.283587
0.313105 0.292015 -0.282936
0.315257 0.289855 -0.282182
0.317818 0.287037 -0.281320
0.320806 0.283524 -0.280346
0.324245 0.279279 -0.279254
0.328155 0.274263 -0.278041
0.332558 0.268439 -0.276701
0.337474 0.261771 -0.275230
0.342925 0.254220 -0.273624
0.349216 0.243044 -0.272725
0.357503 0.237932 -0.268000
0.359943 0.235823 -0.265192
0.360234 0.236079 -0.265272
0.360541 0.235820 -0.266470
0.360363 0.235882 -0.266038
0.359489 0.236448 -0.265952
0.359753 0.236581 -0.265727
0.360041 0.236564 -0.265691
0.360032 0.236601 -0.266072
0.360107 0.236625 -0.266231
0.359087 0.236794 -0.266208
0.360283 0.236429 -0.265864
0.360054 0.236450 -0.266184
0.360490 0.235909 -0.266216
0.359926 0.236300 -0.266134
0.359756 0.235963 -0.266093
0.359141 0.236241 -0.265592
0.359290 0.236547 -0.266263
0.359507 0.236500 -0.265848
0.359451 0.237124 -0.265557
0.359297 0.236411 -0.265929
0.359265 0.236471 -0.265736
0.359226 0.235857 -0.265795
0.359576 0.236183 -0.266453
0.359704 0.236460 -0.266174
0.359415 0.236287 -0.266464
0.359236 0.236261 -0.266605
0.359874 0.236230 -0.266851
0.360019 0.236696 -0.266784
0.359970 0.237388 -0.266907
0.359626 0.237335 -0.267427
0.359643 0.236494 -0.266962
0.359430 0.236809 -0.266530
0.359314 0.236640 -0.266379
0.359088 0.236639 -0.266665
0.359968 0.237294 -0.265794
0.360246 0.236517 -0.266351
0.359881 0.236593 -0.266984
0.359892 0.236948 -0.267373
0.359293 0.238266 -0.267265
0.360431 0.238215 -0.265914
0.359662 0.237243 -0.266075
0.359847 0.237024 -0.266107
0.359426 0.236998 -0.266405
0.359450 0.237229 -0.266726
0.359552 0.237362 -0.267409
0.359239 0.237677 -0.266096
0.359658 0.238088 -0.265792
0.359180 0.237001 -0.266437
0.359142 0.236864 -0.265837
0.359519 0.237431 -0.265992
0.359251 0.237577 -0.266783
0.359458 0.237049 -0.265660
0.358927 0.236886 -0.266461
0.359174 0.237633 -0.266115
0.359195 0.237977 -0.266195
0.358779 0.237047 -0.265912
0.358703 0.236623 -0.266881
0.359016 0.237257 -0.266628
0.358817 0.237131 -0.265969
0.359078 0.237540 -0.266183
0.359489 0.236957 -0.265572
0.359665 0.237258 -0.265819
0.361168 0.236747 -0.266894
0.359396 0.236721 -0.267394
0.358491 0.237220 -0.268182
0.358679 0.237461 -0.266999
0.359101 0.236804 -0.266475
0.359147 0.237554 -0.267769
0.359245 0.237636 -0.268443
0.358700 0.237650 -0.267992
0.358307 0.237124 -0.267873
0.359025 0.236866 -0.267246
0.358904 0.236742 -0.266369
0.358410 0.236998 -0.263689
0.358755 0.237667 -0.265648
0.359028 0.237851 -0.266537
0.359571 0.237730 -0.267183
0.359248 0.237263 -0.267356
0.359391 0.236783 -0.266224
0.358999 0.237022 -0.267356
0.359012 0.237909 -0.266673
0.359020 0.237358 -0.265830
0.359427 0.236798 -0.266588
0.359422 0.236618 -0.265530
0.359696 0.236567 -0.265377
0.359209 0.236313 -0.266965
0.359197 0.236592 -0.266935
0.359089 0.236719 -0.266720
0.359403 0.237097 -0.266376
0.359276 0.236837 -0.266633
0.359871 0.236643 -0.266853
0.360199 0.236640 -0.266667
0.359831 0.236711 -0.266524
0.359929 0.237261 -0.266877
0.360130 0.238646 -0.266772
0.360685 0.237164 -0.266885
0.360093 0.236814 -0.266464
0.359669 0.236708 -0.266409
0.359878 0.236792 -0.266711
0.359545 0.236702 -0.266874
0.359942 0.236846 -0.267173
0.359756 0.236737 -0.266553
0.359297 0.236996 -0.267362
0.359484 0.236876 -0.267581
0.359112 0.237408 -0.267817
0.359000 0.236800 -0.267485
0.359469 0.236747 -0.267330
0.359136 0.236890 -0.267205
0.358984 0.237828 -0.266229
0.359194 0.237263 -0.267001
0.359082 0.237816 -0.266358
0.359101 0.237002 -0.265962
0.359277 0.238100 -0.266117
0.359484 0.238168 -0.266237
0.359386 0.237408 -0.266695
0.359088 0.236864 -0.266351
0.359035 0.236443 -0.266672
0.360080 0.236613 -0.266915
0.359852 0.236932 -0.267174
0.359255 0.236976 -0.266223
0.359832 0.236870 -0.265998
0.360708 0.236887 -0.265671
0.360360 0.237786 -0.265548
0.359740 0.238414 -0.266184
0.359913 0.237292 -0.266001
0.359423 0.236797 -0.265710
0.359422 0.236577 -0.265850
0.359410 0.237482 -0.266365
0.359322 0.237449 -0.266697
0.359358 0.237085 -0.266787
0.359668 0.236859 -0.265807
0.359620 0.236721 -0.266370
0.359975 0.237045 -0.266867
0.360221 0.237545 -0.265862
0.359406 0.238175 -0.266007
0.359031 0.237574 -0.265745
0.359288 0.237736 -0.265369
0.359679 0.238746 -0.265344
0.359282 0.237238 -0.266514
0.359476 0.236463 -0.266225
0.358948 0.237048 -0.266288
0.359239 0.237041 -0.265527
0.359070 0.237992 -0.265350
0.358443 0.237769 -0.265846
0.359187 0.237139 -0.265964
0.359674 0.237895 -0.265241
0.360345 0.236958 -0.266633
0.360329 0.236792 -0.267524
0.359634 0.237093 -0.267029
0.359216 0.236954 -0.266865
0.360097 0.237309 -0.266754
0.359404 0.237684 -0.267110
0.359376 0.237447 -0.266855
0.359775 0.237557 -0.266709
0.359722 0.237281 -0.266741
0.359761 0.238031 -0.266996
0.359313 0.237712 -0.267066
0.359780 0.236987 -0.266573
0.360623 0.236309 -0.266747
0.360325 0.236931 -0.267310
0.360354 0.237649 -0.266493
0.359644 0.237779 -0.266601
0.359599 0.237280 -0.265936
0.360103 0.237588 -0.266199
0.359930 0.237107 -0.266310
0.360095 0.236914 -0.266356
0.359862 0.237465 -0.266557
0.358424 0.237180 -0.266439
0.358673 0.237717 -0.266926
0.358770 0.237978 -0.265861
0.358898 0.237690 -0.266052
0.359038 0.236774 -0.266926
0.359114 0.236568 -0.266535
0.358999 0.236875 -0.266182
0.359959 0.237927 -0.266417
0.360309 0.237592 -0.266410
0.359815 0.237228 -0.266376
0.359533 0.236674 -0.265952
0.359139 0.236635 -0.266175
0.359113 0.236947 -0.265720
0.359406 0.236488 -0.265930
0.359729 0.236323 -0.266189
0.359942 0.236560 -0.266332
0.360452 0.237655 -0.267206
0.359668 0.238183 -0.266298
0.359798 0.237738 -0.266590
0.359628 0.237390 -0.266356
0.360143 0.236752 -0.265789
0.360727 0.236695 -0.265963
0.360740 0.237263 -0.266878
0.360144 0.237071 -0.266579
0.359509 0.236530 -0.266823
0.359154 0.236091 -0.266216
0.359857 0.236668 -0.265753
0.359972 0.237385 -0.266759
0.360043 0.237712 -0.266971
0.360264 0.238061 -0.266816
0.359559 0.237429 -0.266336
0.359917 0.237477 -0.266102
0.359850 0.237426 -0.266506
0.360486 0.236836 -0.266444
0.360633 0.236761 -0.266245
0.360005 0.237165 -0.266257
0.359641 0.236632 -0.266389
0.360054 0.236611 -0.265790
0.360252 0.236751 -0.266256
0.359819 0.237235 -0.265980
0.358977 0.236907 -0.265660
0.358378 0.236830 -0.266158
0.359137 0.237107 -0.266481
0.358838 0.236201 -0.266830
0.359775 0.236876 -0.266350
0.359574 0.237774 -0.266402
0.358272 0.236874 -0.266983
0.358323 0.236672 -0.266665
0.358399 0.237191 -0.266550
0.358228 0.236943 -0.266529
0.358459 0.237550 -0.266674
0.359676 0.237368 -0.266618
0.359361 0.236690 -0.266240
0.359303 0.236416 -0.266100
0.359447 0.237366 -0.266839
0.359066 0.237125 -0.266718
0.358748 0.237334 -0.266266
0.358148 0.236834 -0.266443
0.357742 0.236745 -0.266515
0.358197 0.236633 -0.266356
0.358348 0.236739 -0.266684
0.358491 0.237324 -0.266444
0.358882 0.237292 -0.265881
0.358514 0.236659 -0.265632
0.358542 0.237390 -0.266289
0.358415 0.236995 -0.266156
0.358793 0.236639 -0.266353
0.358729 0.236574 -0.266036
0.359267 0.236344 -0.266283
0.359428 0.236720 -0.266457
0.358836 0.236704 -0.266116
0.358623 0.236836 -0.265060
0.359052 0.237460 -0.265956
0.359401 0.237727 -0.266388
0.359047 0.237663 -0.266976
0.357753 0.237764 -0.266706
0.358302 0.237730 -0.266350
0.358972 0.237468 -0.267115
0.359255 0.237163 -0.266786
0.359009 0.237445 -0.267161
0.358973 0.237487 -0.266613
0.358504 0.236603 -0.266723
0.358952 0.236555 -0.266932
0.359692 0.237756 -0.266932
0.359667 0.237679 -0.266974
0.359688 0.237886 -0.267115
0.359068 0.237788 -0.266296
0.359697 0.237568 -0.267226
0.359764 0.236860 -0.266948
0.359322 0.237582 -0.267740
0.359393 0.237901 -0.267391
0.359376 0.238381 -0.267307
0.360031 0.237841 -0.266860
0.360683 0.238069 -0.266332
0.359851 0.237478 -0.266229
0.358720 0.236973 -0.266681
0.358977 0.238146 -0.267772
0.359098 0.237787 -0.267432
0.359026 0.237740 -0.266760
0.359189 0.237590 -0.266928
0.359314 0.237704 -0.266992
0.359331 0.237644 -0.267109
0.359034 0.237860 -0.265824
0.358863 0.238121 -0.265902
0.358898 0.237168 -0.266317
0.359796 0.236787 -0.267016
0.359677 0.237168 -0.266681
0.359799 0.236667 -0.266531
0.359799 0.236529 -0.266654
0.359660 0.236543 -0.267097
0.359748 0.237295 -0.266840
0.360206 0.237164 -0.266306
0.359779 0.237460 -0.267436
0.359405 0.237506 -0.267605
0.359153 0.236866 -0.267636
0.359737 0.236979 -0.267015
0.360477 0.237208 -0.267240
0.359997 0.236615 -0.267342
0.359568 0.236714 -0.267654
0.358978 0.236789 -0.267120
0.358551 0.237399 -0.267077
0.358786 0.237653 -0.266543
0.358563 0.237525 -0.266704
0.359137 0.237117 -0.266978
0.359505 0.237458 -0.267431
0.359507 0.237684 -0.267482
0.360197 0.237460 -0.266679
0.360182 0.237121 -0.266321
0.359574 0.237483 -0.266558
0.359740 0.237521 -0.267017
0.359425 0.237548 -0.267279
0.360215 0.237469 -0.267693
0.360260 0.237181 -0.267517
0.359790 0.237600 -0.267229
0.359539 0.238014 -0.267418
0.360110 0.237833 -0.266932
0.359729 0.238194 -0.266736
0.360260 0.237970 -0.267094
0.361307 0.238888 -0.267655
0.360769 0.238022 -0.267514
0.360922 0.238036 -0.267279
0.360081 0.237542 -0.266370
0.360028 0.236951 -0.266942
0.360510 0.237433 -0.267475
0.360179 0.237509 -0.266809
0.359677 0.237533 -0.267574
0.360751 0.237332 -0.267298
0.360370 0.237481 -0.267502
0.360979 0.237660 -0.267594
0.360772 0.238192 -0.267730
0.360681 0.237741 -0.267448
0.360738 0.237550 -0.267204
0.360164 0.237541 -0.267139
0.360360 0.237630 -0.267170
0.360095 0.237397 -0.267399
0.360018 0.236933 -0.267209
0.361070 0.237439 -0.267499
0.360824 0.237522 -0.267250
0.360059 0.237582 -0.266732
0.360065 0.237502 -0.267355
0.360926 0.237419 -0.267134
0.360281 0.237628 -0.266918
0.361043 0.237560 -0.266896
0.360439 0.236842 -0.266999
0.360626 0.236923 -0.266900
0.360387 0.237456 -0.266531
0.360284 0.237542 -0.266092
0.360025 0.237480 -0.266347
0.360721 0.237570 -0.266299
0.361015 0.237596 -0.267262
0.360701 0.237653 -0.267316
0.359960 0.238053 -0.266580
0.359686 0.238977 -0.267059
0.360167 0.237967 -0.266799
0.359660 0.237996 -0.267272
0.359395 0.238460 -0.267115
0.359694 0.238154 -0.266716
0.359482 0.237595 -0.266042
0.360187 0.237604 -0.265832
0.360450 0.237710 -0.266028
0.360455 0.237797 -0.266656
0.360411 0.237896 -0.266688
0.360696 0.238232 -0.267095
0.360816 0.237774 -0.267521
0.360707 0.237792 -0.267083
0.359384 0.238327 -0.267029
0.359437 0.237856 -0.267057
0.358804 0.238330 -0.267478
0.358961 0.238473 -0.267464
0.359275 0.237916 -0.267320
0.359993 0.238180 -0.266251
0.360059 0.238299 -0.266964
0.359368 0.237747 -0.267096
0.360048 0.237514 -0.267036
0.360490 0.237155 -0.267316
0.360439 0.237495 -0.267617
0.359951 0.237700 -0.267330
0.360094 0.238331 -0.267092
0.360018 0.239070 -0.266995
0.359484 0.238443 -0.267557
0.359792 0.237171 -0.267268
0.360077 0.237231 -0.266506
0.360731 0.238273 -0.265934
0.360382 0.237960 -0.267294
0.360498 0.238420 -0.268300
0.360159 0.238169 -0.268032
0.359987 0.237660 -0.267321
0.360212 0.237446 -0.266852
0.359557 0.237282 -0.267147
0.359323 0.238066 -0.266852
0.359739 0.237687 -0.267599
0.359494 0.237776 -0.267026
0.359112 0.238463 -0.266857
0.359838 0.239395 -0.266928
0.359554 0.239745 -0.267144
0.359075 0.237408 -0.266865
0.358642 0.237926 -0.266765
0.358333 0.238197 -0.266799
0.359055 0.238266 -0.266473
0.359331 0.238572 -0.267303
0.359790 0.238209 -0.267564
0.360546 0.237821 -0.267321
0.359857 0.238120 -0.267081
0.359760 0.238265 -0.267054
0.359706 0.238411 -0.266778
0.359823 0.239019 -0.267154
0.359634 0.238618 -0.266690
0.359074 0.238631 -0.266782
0.358693 0.238496 -0.266618
0.359498 0.238998 -0.266766
0.360067 0.238158 -0.266873
0.359987 0.237210 -0.266574
0.359380 0.238099 -0.267181
0.359215 0.238139 -0.267935
0.359199 0.237812 -0.267433
0.359677 0.237647 -0.266970
0.359746 0.237532 -0.266940
0.360129 0.236830 -0.267223
0.359855 0.237420 -0.267305
0.359834 0.237575 -0.267437
0.359851 0.237572 -0.267359
0.360209 0.237717 -0.267252
0.360299 0.237979 -0.267682
0.360768 0.237077 -0.267363
0.360687 0.236767 -0.266842
0.360741 0.236781 -0.267893
0.361193 0.235464 -0.268321
0.361450 0.236341 -0.267700
0.355223 0.245342 -0.257184
0.315774 0.289425 -0.203620
0.268298 0.342020 -0.139371
0.231364 0.383117 -0.088599
0.197443 0.420838 -0.041535
0.166446 0.455285 0.001920
0.138282 0.486558 0.041864
0.112861 0.514759 0.078392
0.090093 0.539988 0.111605
0.069887 0.562347 0.141598
0.052154 0.581936 0.168470
0.036804 0.598856 0.192319
0.023746 0.613209 0.213242
0.012890 0.625095 0.231337
0.004147 0.634615 0.246702
-0.002575 0.641870 0.259434
-0.007364 0.646962 0.269631
-0.010312 0.649990 0.277391
-0.011509 0.651057 0.282811
-0.011044 0.650262 0.285989
-0.009008 0.647707 0.287023
-0.005490 0.643494 0.286011
-0.000581 0.637722 0.283049
0.005628 0.630493 0.278237
0.013049 0.621908 0.271671
0.021590 0.612067 0.263450
0.031161 0.601072 0.253670
0.041673 0.589024 0.242430
0.053035 0.576023 0.229828
0.065158 0.562171 0.215960
0.077950 0.547568 0.200926
0.091323 0.532316 0.184821
0.105185 0.516515 0.167745
0.119447 0.500267 0.149795
0.134018 0.483671 0.131068
0.148808 0.466831 0.111663
0.163728 0.449845 0.091676
0.178687 0.432815 0.071206
0.193595 0.415843 0.050351
0.208362 0.399029 0.029207
0.222897 0.382473 0.007873
0.237111 0.366278 -0.013553
0.250914 0.350544 -0.034975
0.264214 0.335371 -0.056293
0.276923 0.320862 -0.077411
0.288950 0.307116 -0.098231
0.300205 0.294235 -0.118655
0.310598 0.282320 -0.138585
0.320038 0.271471 -0.157925
0.328436 0.261790 -0.176575
0.335702 0.253378 -0.194438
0.341744 0.246335 -0.211417
0.346474 0.240763 -0.227414
0.349801 0.236762 -0.242332
0.351273 0.234659 -0.256390
0.351707 0.233990 -0.268693
0.351560 0.234516 -0.278661
0.351287 0.235997 -0.285717
0.352055 0.239065 -0.287557
0.352045 0.240480 -0.288923
0.351761 0.240289 -0.289357
0.351820 0.238785 -0.289968
0.352222 0.238385 -0.288708
0.351743 0.239564 -0.288404
0.352938 0.238618 -0.287773
0.352324 0.238788 -0.287009
0.352935 0.237602 -0.287286
0.352210 0.238133 -0.287003
0.352659 0.239134 -0.288270
0.352526 0.242056 -0.288590
0.352453 0.241504 -0.287778
0.352829 0.241124 -0.288053
0.351872 0.240616 -0.287931
0.350922 0.238935 -0.287206
0.350373 0.239109 -0.286460
0.352142 0.238910 -0.286830
0.351230 0.240361 -0.287386
0.353265 0.240519 -0.287407
0.353238 0.238903 -0.288628
0.352856 0.239118 -0.287713
0.353284 0.238464 -0.287078
0.353579 0.238287 -0.287103
0.351887 0.238492 -0.286544
0.351194 0.239538 -0.287276
0.351583 0.240559 -0.287649
0.351478 0.239933 -0.287984
0.351581 0.240124 -0.288598
0.353229 0.238709 -0.287868
0.351030 0.238837 -0.287995
0.351613 0.240747 -0.287644
0.352061 0.240968 -0.287351
0.351186 0.238628 -0.286993
0.350703 0.238080 -0.287167
0.352378 0.237410 -0.288133
0.352544 0.238828 -0.288439
