0.002676 0.110597 -0.266612
0.002732 0.104989 -0.269409
0.002859 0.087830 -0.276311
0.002875 0.104953 -0.269156
0.002983 0.110232 -0.265658
0.002994 0.110393 -0.259733
0.003747 0.110407 -0.249876
0.003076 0.111037 -0.262454
0.002829 0.111489 -0.266197
0.002884 0.112683 -0.266638
0.002900 0.112916 -0.266658
0.002953 0.112743 -0.266446
0.002960 0.111782 -0.266008
0.002977 0.111312 -0.265915
0.002954 0.111407 -0.265771
0.002884 0.111294 -0.265739
0.002894 0.110689 -0.265795
0.002876 0.110575 -0.266320
0.002904 0.110599 -0.266458
0.002814 0.110788 -0.266448
0.002868 0.111419 -0.266695
0.002738 0.111136 -0.265751
0.002183 0.110806 -0.265307
0.002144 0.111265 -0.264162
0.002631 0.110393 -0.265233
0.002707 0.110340 -0.265908
0.002852 0.110290 -0.265524
0.003291 0.110377 -0.263996
0.002963 0.110856 -0.263508
0.002471 0.112286 -0.270212
0.000407 0.127676 -0.303673
-0.007168 0.207539 -0.416178
-0.003422 0.162547 -0.366781
0.001908 0.102534 -0.293051
0.002565 0.099489 -0.273162
0.002306 0.084359 -0.282962
0.002786 0.103365 -0.270379
0.002778 0.109335 -0.266631
0.003026 0.110684 -0.265867
0.002954 0.111043 -0.266028
0.002878 0.111360 -0.265757
0.002864 0.110893 -0.266118
0.002890 0.110559 -0.266102
0.002955 0.108896 -0.266319
0.002959 0.104305 -0.270026
0.002876 0.086039 -0.281781
0.002941 0.097463 -0.274430
0.002909 0.079937 -0.284220
0.003000 0.077697 -0.281214
0.002998 0.079928 -0.279769
0.002901 0.096747 -0.272500
0.002919 0.086216 -0.277789
0.002960 0.103697 -0.269588
0.002956 0.102832 -0.270667
0.002894 0.080675 -0.280905
0.002871 0.076058 -0.283868
0.002860 0.081616 -0.281656
0.002756 0.104151 -0.269219
0.002257 0.109392 -0.263786
0.002833 0.105275 -0.268019
0.002855 0.087994 -0.277232
0.002865 0.097304 -0.273440
0.002966 0.079425 -0.282777
0.002897 0.079195 -0.284376
0.002895 0.096172 -0.273675
0.003046 0.085497 -0.280287
0.003316 0.103781 -0.269496
0.002369 0.109684 -0.266457
0.002086 0.110854 -0.263769
0.002668 0.110761 -0.264926
0.002640 0.110637 -0.264595
0.002847 0.110563 -0.265903
0.002684 0.110558 -0.265794
0.002817 0.110507 -0.265807
0.002708 0.110546 -0.264338
0.002943 0.110825 -0.265767
0.002961 0.111681 -0.265673
0.002823 0.111832 -0.265644
0.003065 0.111675 -0.265762
0.003548 0.110872 -0.266205
0.003742 0.110868 -0.265962
0.003811 0.111629 -0.266461
0.003811 0.111593 -0.266504
0.003824 0.110839 -0.266230
0.003830 0.111119 -0.265583
0.003770 0.109947 -0.265316
0.003477 0.111203 -0.264895
0.003662 0.110938 -0.264641
0.003534 0.111446 -0.264795
0.003694 0.110749 -0.265309
0.003570 0.110546 -0.265408
0.003670 0.110512 -0.265442
0.003426 0.110521 -0.265554
0.003566 0.110511 -0.265947
0.003421 0.110225 -0.266008
0.002728 0.109514 -0.265080
0.002839 0.109628 -0.264342
0.003487 0.110818 -0.264904
0.003634 0.109627 -0.264092
0.003613 0.109620 -0.265330
0.003105 0.110709 -0.266116
0.003023 0.112187 -0.266203
0.002999 0.112566 -0.265447
0.002941 0.112549 -0.264813
0.002987 0.111721 -0.265446
0.002961 0.112171 -0.265514
0.003051 0.111354 -0.265568
0.003382 0.111201 -0.265448
0.003085 0.112183 -0.265373
0.002946 0.111521 -0.265006
0.002843 0.111742 -0.265556
0.002890 0.112412 -0.266193
0.003033 0.111535 -0.266204
0.003462 0.110799 -0.266217
0.003656 0.110645 -0.265785
0.003395 0.110669 -0.266225
0.003596 0.109762 -0.266179
0.003474 0.110563 -0.265431
0.003713 0.110042 -0.266101
0.003811 0.109355 -0.265758
0.003848 0.109184 -0.265910
0.003873 0.109203 -0.264846
0.003462 0.109242 -0.264610
0.003580 0.109729 -0.264893
0.003209 0.109421 -0.266106
0.003538 0.109499 -0.266255
0.003282 0.109946 -0.265620
0.002976 0.109337 -0.265316
0.003392 0.109590 -0.266023
0.002899 0.110837 -0.265471
0.003493 0.111400 -0.265054
0.003539 0.111507 -0.265467
0.003406 0.111487 -0.265645
0.003672 0.112086 -0.266107
0.003583 0.111309 -0.265609
0.003428 0.110593 -0.265435
0.003695 0.108732 -0.266071
0.003790 0.108875 -0.265772
0.003786 0.109051 -0.266178
0.003791 0.109435 -0.265699
0.003827 0.110088 -0.265479
0.003792 0.110544 -0.265147
0.003787 0.109457 -0.265365
0.003725 0.109291 -0.264670
0.003775 0.109306 -0.264376
0.003731 0.110064 -0.265169
0.003533 0.110614 -0.264956
0.002895 0.109690 -0.265146
0.003356 0.109703 -0.265368
0.002895 0.110782 -0.265396
0.003365 0.111084 -0.265258
0.003145 0.111139 -0.264749
0.003024 0.111150 -0.264818
0.002989 0.111211 -0.265281
0.002955 0.111431 -0.265366
0.002843 0.111379 -0.264949
0.002715 0.110796 -0.264892
0.003340 0.110835 -0.265322
0.003052 0.110316 -0.265659
0.003055 0.110472 -0.266342
0.003414 0.110683 -0.266338
0.003023 0.111205 -0.265813
0.002859 0.110959 -0.265538
0.002639 0.109533 -0.265584
0.002264 0.109472 -0.265258
0.003281 0.110137 -0.264751
0.003052 0.110658 -0.265171
0.002963 0.111118 -0.265659
0.001628 0.107792 -0.267615
-0.004160 0.096660 -0.275095
-0.010193 0.085235 -0.282774
-0.014310 0.077315 -0.288021
-0.014353 0.076699 -0.288206
-0.000562 0.102629 -0.270303
0.002822 0.110447 -0.266228
0.003651 0.111844 -0.266008
0.003580 0.111577 -0.265805
0.003369 0.111247 -0.265614
0.003362 0.110905 -0.265518
0.003110 0.111054 -0.265451
0.002627 0.111009 -0.265214
0.002587 0.110653 -0.265140
0.002873 0.110597 -0.264788
0.002625 0.110765 -0.265326
0.002840 0.109830 -0.266716
0.003009 0.109471 -0.266526
0.003395 0.108975 -0.267147
0.005339 0.102910 -0.271322
0.011829 0.085331 -0.284338
0.005217 0.103865 -0.270851
0.003254 0.109493 -0.266348
0.002949 0.110660 -0.265730
0.003110 0.110559 -0.266107
0.003557 0.110261 -0.266856
0.002770 0.110256 -0.266322
0.002553 0.110654 -0.266827
0.002568 0.110711 -0.266780
0.002860 0.110434 -0.266732
0.002951 0.109367 -0.266440
0.002630 0.108864 -0.266207
0.002609 0.110262 -0.266550
0.003001 0.110624 -0.266962
0.003050 0.110673 -0.267010
0.003012 0.110579 -0.266853
0.003002 0.110527 -0.266807
0.003192 0.110103 -0.266698
0.003453 0.109695 -0.267382
0.003107 0.110421 -0.267153
0.002922 0.110795 -0.266574
0.002873 0.110995 -0.266521
0.003249 0.110300 -0.267759
0.005171 0.103885 -0.271114
0.012113 0.084618 -0.284974
0.008263 0.096663 -0.276447
0.014162 0.078830 -0.289858
0.014573 0.082212 -0.288898
0.005530 0.115655 -0.273018
0.002767 0.129665 -0.271064
0.001774 0.093070 -0.267813
0.002404 0.083131 -0.267779
0.002501 0.080599 -0.268868
0.002788 0.080187 -0.269755
0.002709 0.084560 -0.272800
0.002793 0.096283 -0.270889
0.002738 0.084183 -0.273923
0.002649 0.082245 -0.274984
0.002312 0.092246 -0.274492
0.003001 0.113943 -0.270092
0.002840 0.111388 -0.274000
0.002745 0.096579 -0.275979
0.002556 0.085676 -0.272626
0.003094 0.084415 -0.273281
0.002750 0.082919 -0.274784
0.002659 0.085836 -0.273505
0.003018 0.084472 -0.272988
0.002886 0.088025 -0.271928
0.002514 0.088839 -0.270004
0.002492 0.087538 -0.272030
0.002305 0.084695 -0.271903
0.002508 0.087395 -0.271487
0.002777 0.086183 -0.270960
0.002715 0.083029 -0.273717
0.002200 0.078294 -0.290095
0.000985 0.084683 -0.296785
0.001542 0.110589 -0.286799
0.006884 0.090101 -0.271679
0.008703 0.082897 -0.268025
0.008400 0.078474 -0.277189
0.007658 0.076064 -0.286984
0.008352 0.079846 -0.271099
0.008914 0.080877 -0.267401
0.008980 0.081335 -0.270235
0.008757 0.084115 -0.265504
0.008574 0.090078 -0.263598
0.008645 0.084565 -0.264807
0.008359 0.084854 -0.264395
0.008278 0.092950 -0.262958
0.008600 0.103191 -0.265069
0.008658 0.103080 -0.265076
0.008420 0.092581 -0.265129
0.008514 0.084296 -0.265436
0.008412 0.085486 -0.265081
0.008843 0.100749 -0.264826
0.008921 0.104850 -0.264358
0.008909 0.102285 -0.262696
0.008724 0.087068 -0.263993
0.008713 0.086260 -0.263912
0.008687 0.096263 -0.265017
0.008748 0.085414 -0.265494
0.009006 0.082567 -0.267634
0.009051 0.080746 -0.271159
0.008958 0.080493 -0.270956
0.008807 0.081056 -0.266703
0.008816 0.080705 -0.265549
0.008706 0.082683 -0.266266
0.008547 0.090456 -0.272665
0.008430 0.123306 -0.270281
0.007976 0.119730 -0.266175
0.009500 0.123341 -0.270006
0.009300 0.117206 -0.274317
0.009321 0.083641 -0.291158
0.009966 0.075681 -0.295370
0.010439 0.080873 -0.287424
0.012209 0.086691 -0.277284
0.014093 0.093448 -0.272985
0.014923 0.104424 -0.268858
0.016236 0.107823 -0.271119
0.016324 0.106751 -0.274979
0.015732 0.106848 -0.273904
0.015690 0.104423 -0.279154
0.016087 0.111411 -0.281570
0.017153 0.119955 -0.282917
0.017883 0.108266 -0.281067
0.017538 0.099058 -0.283232
0.017742 0.104598 -0.285383
0.017847 0.118665 -0.295543
0.018067 0.086984 -0.298951
0.017925 0.082534 -0.296418
0.019887 0.096374 -0.284509
0.018292 0.081406 -0.296379
0.017423 0.075915 -0.300027
0.017583 0.076872 -0.300714
0.017664 0.079273 -0.300772
0.017841 0.077764 -0.300625
0.017947 0.078182 -0.300555
0.018129 0.078573 -0.300362
0.017411 0.080289 -0.299087
0.017677 0.084376 -0.295596
0.019316 0.101802 -0.282507
0.018191 0.083978 -0.296041
0.017777 0.079703 -0.299831
0.017458 0.079608 -0.299021
0.018031 0.086334 -0.293679
0.018656 0.107237 -0.276364
0.018281 0.105973 -0.276743
0.017861 0.083085 -0.294854
0.017331 0.077445 -0.300008
0.017320 0.076479 -0.300741
0.017824 0.076673 -0.299826
0.018056 0.076813 -0.296230
0.017981 0.077384 -0.299027
0.018168 0.083964 -0.294802
0.019708 0.106661 -0.276718
0.019353 0.106369 -0.277227
0.018109 0.084052 -0.294417
0.018160 0.084804 -0.294208
0.018800 0.108406 -0.277572
0.019007 0.112623 -0.273983
0.019139 0.114672 -0.270786
0.019234 0.109602 -0.271211
0.019407 0.099187 -0.276063
0.018055 0.082775 -0.295321
0.017844 0.079857 -0.300509
0.017752 0.079402 -0.301496
0.017812 0.077198 -0.301351
0.017741 0.076016 -0.300885
0.017355 0.073807 -0.300649
0.017884 0.075522 -0.299115
0.017856 0.079171 -0.299656
0.018133 0.085562 -0.295171
0.019206 0.106436 -0.278333
0.019301 0.109797 -0.279057
0.020095 0.134702 -0.276754
0.019032 0.113438 -0.275516
0.020144 0.108686 -0.274182
0.020658 0.105478 -0.273179
0.021106 0.104245 -0.273708
0.020603 0.101634 -0.274016
0.021318 0.096703 -0.275805
0.020291 0.098416 -0.277167
0.021323 0.084592 -0.285429
0.019684 0.099684 -0.274408
0.021964 0.108546 -0.272272
0.022618 0.130663 -0.271385
0.019504 0.126559 -0.269502
0.020315 0.126743 -0.260628
0.023419 0.114108 -0.265038
0.024198 0.107493 -0.268811
0.024161 0.104545 -0.271494
0.024500 0.103598 -0.273135
0.024464 0.099921 -0.276460
0.025503 0.087695 -0.284828
0.027604 0.099623 -0.276938
0.028140 0.102297 -0.276555
0.028507 0.105464 -0.277110
0.028969 0.114274 -0.281985
0.027987 0.112893 -0.286340
0.027343 0.088840 -0.297175
0.027717 0.100766 -0.277558
0.028581 0.092829 -0.279836
0.028576 0.090660 -0.281181
0.028469 0.093456 -0.281615
0.028978 0.100764 -0.282532
0.029361 0.100586 -0.286518
0.030449 0.085391 -0.300381
0.028521 0.096785 -0.291675
0.026929 0.081694 -0.301658
0.027320 0.084149 -0.287324
0.028249 0.087680 -0.282835
0.028587 0.085010 -0.281558
0.028912 0.086425 -0.281636
0.028739 0.092512 -0.281398
0.028087 0.091806 -0.281699
0.028267 0.089607 -0.282426
0.028638 0.088272 -0.282765
0.028239 0.085701 -0.283449
0.028149 0.086866 -0.282733
0.028826 0.089112 -0.282989
0.028661 0.087961 -0.282470
0.028737 0.089359 -0.282048
0.028820 0.086281 -0.282350
0.028993 0.086672 -0.282367
0.028874 0.086201 -0.281748
0.029059 0.087178 -0.281108
0.029075 0.089910 -0.282144
0.029114 0.087594 -0.287063
0.029088 0.076436 -0.305034
0.030201 0.075872 -0.304807
0.028491 0.087125 -0.287756
0.028637 0.088019 -0.282687
0.028047 0.086625 -0.281272
0.028645 0.086886 -0.281998
0.029108 0.089559 -0.282808
0.028461 0.090010 -0.284050
0.028320 0.089427 -0.282483
0.028585 0.095845 -0.282321
0.028230 0.088463 -0.282380
0.028608 0.086452 -0.283885
0.029127 0.087388 -0.283935
0.027862 0.088355 -0.287512
0.027813 0.079916 -0.299913
0.028068 0.086367 -0.287145
0.028238 0.086157 -0.283420
0.028704 0.087359 -0.282699
0.028597 0.089655 -0.281749
0.028244 0.088354 -0.281851
0.028018 0.092340 -0.282285
0.028228 0.100887 -0.284875
0.029117 0.134003 -0.295363
0.030185 0.088746 -0.309490
0.029437 0.077006 -0.308482
0.024218 0.081358 -0.293281
0.024922 0.082663 -0.288956
0.024669 0.082063 -0.288104
0.023345 0.082686 -0.287800
0.024199 0.081470 -0.287422
0.027882 0.080184 -0.287465
0.024616 0.079669 -0.287127
0.024485 0.079761 -0.287401
0.028619 0.079861 -0.288426
0.024671 0.079171 -0.294220
0.026036 0.073630 -0.313629
0.023137 0.075853 -0.315617
0.023808 0.085296 -0.310342
0.029505 0.107801 -0.295651
0.029886 0.119146 -0.291796
0.029864 0.105574 -0.288447
0.033030 0.091688 -0.290491
0.035207 0.096714 -0.292065
0.037547 0.095613 -0.292337
0.038940 0.093946 -0.295323
0.039242 0.091544 -0.295285
0.039110 0.092060 -0.295182
0.038690 0.100357 -0.293354
0.038730 0.093707 -0.286531
0.038704 0.114943 -0.287469
0.039333 0.114939 -0.285084
0.039313 0.114469 -0.284431
0.039220 0.113988 -0.285148
0.038992 0.113804 -0.285000
0.038460 0.113749 -0.283935
0.039022 0.113738 -0.284971
0.039152 0.113738 -0.285213
0.039167 0.113740 -0.283803
0.039237 0.113741 -0.283003
0.039320 0.113740 -0.283537
0.039405 0.113734 -0.284564
0.039644 0.113719 -0.285060
0.039691 0.113684 -0.284905
0.039068 0.113763 -0.285097
0.039037 0.113973 -0.284754
0.038862 0.114630 -0.285154
0.039134 0.114022 -0.285112
0.039245 0.113946 -0.284563
0.039360 0.113778 -0.283844
0.039685 0.113728 -0.284457
0.039425 0.113684 -0.284319
0.039363 0.113708 -0.283214
0.039419 0.113795 -0.283285
0.039487 0.113945 -0.284782
0.039230 0.113856 -0.285212
0.039278 0.112650 -0.285904
0.039493 0.107094 -0.287679
0.039342 0.088792 -0.298924
0.039231 0.107057 -0.288399
0.039182 0.112638 -0.284909
0.039085 0.113864 -0.284822
0.039125 0.114013 -0.284583
0.039010 0.114050 -0.284361
0.039096 0.113791 -0.283793
0.038925 0.113746 -0.284517
0.039017 0.113734 -0.285088
0.038702 0.113742 -0.285103
0.039132 0.113930 -0.284780
0.039150 0.113902 -0.285133
0.039108 0.113788 -0.284015
0.038819 0.113802 -0.284285
0.039077 0.113708 -0.284246
0.039257 0.112672 -0.284448
0.039217 0.108643 -0.284247
0.039039 0.096121 -0.284394
0.038458 0.120534 -0.283850
0.038076 0.123065 -0.284188
0.038629 0.142879 -0.287042
0.040904 0.118238 -0.284835
0.042156 0.106292 -0.286642
0.042809 0.103781 -0.288778
0.042978 0.102074 -0.291346
0.043105 0.098200 -0.294186
0.043403 0.085415 -0.302824
0.044293 0.104227 -0.288541
0.044135 0.120024 -0.291717
0.042500 0.121889 -0.290805
0.041235 0.120492 -0.293133
0.041065 0.133112 -0.294371
0.041509 0.111825 -0.293180
0.043172 0.088727 -0.303904
0.043297 0.099345 -0.293532
0.043927 0.087686 -0.292382
0.043260 0.101346 -0.289141
0.043632 0.093175 -0.289079
0.043641 0.099836 -0.288950
0.043647 0.085837 -0.292165
0.043182 0.079616 -0.303207
0.042878 0.088352 -0.292488
0.041026 0.105930 -0.289135
0.041000 0.106952 -0.288066
0.042790 0.091256 -0.288557
0.043602 0.089865 -0.291555
0.043656 0.080266 -0.301621
0.043334 0.083775 -0.291707
0.043402 0.081508 -0.293040
0.043916 0.075367 -0.308083
0.043229 0.074260 -0.312800
0.043173 0.074300 -0.313197
0.043532 0.075893 -0.307862
0.043127 0.082636 -0.292275
0.042670 0.088054 -0.289340
0.041362 0.105780 -0.288421
0.041080 0.107099 -0.288140
0.042853 0.095483 -0.288162
0.042456 0.104179 -0.288214
0.043181 0.091294 -0.288114
0.044188 0.087758 -0.288963
0.044422 0.084949 -0.289975
0.044269 0.082261 -0.292606
0.043921 0.077020 -0.304883
0.043724 0.081192 -0.296782
0.043455 0.081621 -0.305925
0.042582 0.100407 -0.294268
0.043017 0.089920 -0.294111
0.041693 0.105277 -0.290044
0.042035 0.104851 -0.292747
0.042947 0.088874 -0.305298
0.044040 0.105786 -0.294008
0.044138 0.105915 -0.289989
0.044854 0.087806 -0.288743
0.044234 0.083318 -0.288762
0.044362 0.082039 -0.289280
0.043956 0.080000 -0.292873
0.043734 0.076483 -0.305654
0.043309 0.083002 -0.296551
0.041636 0.104376 -0.290549
0.041702 0.104081 -0.291822
0.043427 0.081646 -0.306704
0.043829 0.075276 -0.310940
0.043831 0.074423 -0.309934
0.043334 0.076574 -0.308433
0.043498 0.084811 -0.292772
0.042770 0.099746 -0.290686
0.044079 0.082929 -0.296268
0.044055 0.084174 -0.292505
0.044525 0.078515 -0.297871
0.044533 0.081700 -0.294644
0.044545 0.078799 -0.302014
0.044581 0.082394 -0.291733
0.044504 0.088052 -0.289011
0.044067 0.090308 -0.288321
0.042405 0.106527 -0.288133
0.041809 0.110895 -0.288289
0.041252 0.111667 -0.288247
0.041091 0.111756 -0.288064
0.041228 0.111711 -0.288084
0.041815 0.110974 -0.288529
0.042406 0.106516 -0.288796
0.044101 0.087780 -0.290210
0.044511 0.082690 -0.292909
0.044446 0.083040 -0.303365
0.044145 0.103850 -0.292353
0.042844 0.106354 -0.289098
0.043540 0.095935 -0.288579
0.041901 0.107561 -0.288350
0.042312 0.111471 -0.288239
0.043606 0.111724 -0.288212
0.042317 0.111455 -0.289840
0.041888 0.110184 -0.290618
0.041870 0.105292 -0.292750
0.043890 0.090455 -0.303926
0.044346 0.116627 -0.294274
0.044204 0.117824 -0.290040
0.042994 0.114998 -0.290450
0.042260 0.107087 -0.288921
0.042403 0.106586 -0.291639
0.041308 0.108049 -0.294053
0.042695 0.103007 -0.295483
0.043417 0.107421 -0.297825
0.043849 0.103179 -0.299561
0.044458 0.111945 -0.302783
0.044988 0.114611 -0.303666
0.044915 0.116740 -0.304213
0.044677 0.109706 -0.299454
0.044715 0.107605 -0.299361
0.045744 0.104634 -0.303011
0.045615 0.114468 -0.303803
0.043039 0.124858 -0.303319
0.042961 0.129326 -0.302967
0.042387 0.132656 -0.307579
0.042875 0.116900 -0.303190
0.043041 0.112333 -0.301825
0.043019 0.110286 -0.301608
0.043058 0.108833 -0.302592
0.042976 0.110181 -0.302277
0.042943 0.110548 -0.301797
0.042946 0.110218 -0.301775
0.042906 0.108905 -0.302160
0.043007 0.110181 -0.301575
0.042981 0.110313 -0.301492
0.042959 0.110506 -0.301875
0.042950 0.110919 -0.302021
0.042937 0.109510 -0.302521
0.042900 0.110560 -0.301646
0.042962 0.109353 -0.301679
0.043057 0.111130 -0.301402
0.043081 0.111666 -0.301768
0.043068 0.111791 -0.301936
0.042956 0.111750 -0.301662
0.042873 0.111332 -0.301888
0.043017 0.109621 -0.302618
0.042991 0.108902 -0.302965
0.042954 0.109634 -0.303035
0.042782 0.101841 -0.307983
0.042015 0.080139 -0.323987
0.040909 0.072749 -0.327111
0.041130 0.078610 -0.323409
0.042430 0.103476 -0.306053
0.042465 0.110715 -0.301348
0.042816 0.111154 -0.301234
0.042486 0.109244 -0.302276
0.042229 0.110489 -0.301415
0.042282 0.110804 -0.301596
0.042568 0.108869 -0.302627
0.042382 0.109944 -0.302233
0.042441 0.109333 -0.302889
0.042763 0.109570 -0.303002
0.042518 0.110438 -0.301825
0.042561 0.109362 -0.302127
0.042963 0.103723 -0.305920
0.042933 0.090996 -0.313770
0.043063 0.105580 -0.304532
0.043092 0.110182 -0.301977
0.043100 0.109699 -0.302200
0.043147 0.110749 -0.301332
0.043562 0.111413 -0.301212
0.043206 0.111173 -0.301193
0.043047 0.111743 -0.301282
0.043089 0.112190 -0.301173
0.043000 0.112116 -0.300911
0.042714 0.111659 -0.301188
0.043105 0.108728 -0.303402
0.043232 0.103275 -0.306802
0.041699 0.077709 -0.324101
0.041331 0.071791 -0.327701
0.041568 0.078102 -0.323773
0.042325 0.102793 -0.306703
0.042995 0.108346 -0.302707
0.043562 0.110251 -0.301644
0.043175 0.109732 -0.301260
0.042995 0.110448 -0.301914
0.043162 0.105127 -0.304689
0.043530 0.086981 -0.314472
0.043822 0.097746 -0.307564
0.043813 0.080698 -0.314128
0.043763 0.080995 -0.312718
0.043601 0.095588 -0.306937
0.044355 0.080379 -0.311083
0.044119 0.074847 -0.314529
0.043988 0.074801 -0.322290
0.043830 0.080836 -0.320458
0.043481 0.101446 -0.306493
0.043940 0.101681 -0.305586
0.044592 0.082198 -0.314156
0.043462 0.077154 -0.323972
0.043714 0.075668 -0.325710
0.044425 0.075711 -0.317161
0.044216 0.076308 -0.315085
0.044550 0.075860 -0.315211
0.044384 0.075643 -0.316879
0.043709 0.075459 -0.326102
0.043325 0.075498 -0.326634
0.044237 0.077027 -0.318306
0.044036 0.082673 -0.313317
0.043731 0.103109 -0.304425
0.043088 0.110141 -0.301472
0.042770 0.108173 -0.302240
0.042161 0.102783 -0.306273
0.041617 0.084936 -0.318450
0.042191 0.104096 -0.306075
0.042781 0.110402 -0.302027
0.042922 0.112345 -0.301340
0.042701 0.109266 -0.301735
0.043391 0.108826 -0.302168
0.043194 0.110417 -0.301780
0.043391 0.109316 -0.302110
0.042549 0.111106 -0.301351
0.042315 0.111418 -0.301078
0.042371 0.110722 -0.301061
0.042750 0.110853 -0.301293
0.042954 0.109164 -0.301965
0.042845 0.110516 -0.301452
0.042162 0.109438 -0.301928
0.042666 0.111270 -0.301107
0.042536 0.111161 -0.300901
0.042365 0.109545 -0.301524
0.042459 0.102000 -0.305006
0.042816 0.081442 -0.315946
0.042570 0.081810 -0.321068
0.043542 0.105037 -0.306470
0.043786 0.108882 -0.302843
0.043502 0.109240 -0.301811
0.042799 0.110375 -0.301721
0.043358 0.107818 -0.302389
0.043047 0.107991 -0.302763
0.042778 0.109487 -0.301928
0.042162 0.110105 -0.302572
0.042014 0.118235 -0.301783
0.043462 0.134478 -0.301106
0.043896 0.136337 -0.299415
0.044876 0.118106 -0.296157
0.045191 0.109657 -0.297340
0.043496 0.106468 -0.297330
0.042627 0.108304 -0.297246
0.041061 0.109085 -0.297147
0.036600 0.108969 -0.298262
0.042443 0.106457 -0.301388
0.043816 0.093275 -0.300630
0.042892 0.103930 -0.300300
0.042476 0.110081 -0.300133
0.042156 0.110798 -0.299467
0.043135 0.109071 -0.300039
0.042734 0.109943 -0.300852
0.042513 0.104177 -0.305215
0.042367 0.080750 -0.324952
0.042626 0.074566 -0.329947
0.042989 0.073875 -0.329024
0.043431 0.075161 -0.321780
0.043542 0.078394 -0.310758
0.043193 0.075844 -0.324217
0.043215 0.081302 -0.322914
0.043527 0.104185 -0.305352
0.043715 0.110100 -0.300995
0.043800 0.108017 -0.300391
0.044175 0.107796 -0.300211
0.043881 0.107280 -0.300183
0.043895 0.108224 -0.300349
0.042756 0.109835 -0.300706
0.043734 0.109022 -0.300733
0.043234 0.107867 -0.300274
0.043515 0.107669 -0.300165
0.043629 0.106993 -0.299995
0.043064 0.106340 -0.299894
0.042437 0.105946 -0.300704
0.040372 0.103248 -0.305202
0.041939 0.081651 -0.321392
0.042225 0.081702 -0.322516
0.040451 0.103681 -0.305612
0.040693 0.110044 -0.300754
0.040609 0.111425 -0.299650
0.041876 0.110749 -0.298878
0.043383 0.108637 -0.299815
0.043965 0.108552 -0.300030
0.043236 0.110383 -0.299880
0.041521 0.110001 -0.300056
0.042741 0.108080 -0.300021
0.041831 0.109761 -0.300141
0.040741 0.110208 -0.300167
0.040658 0.111130 -0.300448
0.040008 0.115119 -0.301048
0.041635 0.135211 -0.303712
0.039401 0.130803 -0.303203
0.039130 0.118675 -0.304079
0.038956 0.119495 -0.308119
0.042105 0.113244 -0.304890
0.041220 0.110546 -0.305457
0.036423 0.112094 -0.305434
0.035468 0.111627 -0.304481
0.035603 0.112060 -0.305318
0.038502 0.111950 -0.304823
0.035615 0.111090 -0.303875
0.035032 0.111720 -0.303502
0.036299 0.111140 -0.303681
0.040064 0.111105 -0.305032
0.040846 0.110827 -0.305142
0.041004 0.110630 -0.305594
0.040156 0.111063 -0.305240
0.036665 0.112272 -0.303594
0.036506 0.115266 -0.303355
0.039250 0.114471 -0.304190
0.036521 0.110204 -0.304409
0.035155 0.101172 -0.309630
0.026761 0.078254 -0.324972
0.028422 0.079284 -0.325117
0.030437 0.105840 -0.309341
0.033252 0.127738 -0.313672
0.035172 0.155719 -0.343928
0.034025 0.100785 -0.331208
0.039301 0.107092 -0.310729
0.040596 0.108290 -0.304833
0.037186 0.111294 -0.303109
0.035574 0.112052 -0.303201
0.035260 0.111697 -0.304099
0.038303 0.110006 -0.304728
0.040841 0.111277 -0.305044
0.041209 0.111361 -0.305498
0.041347 0.113430 -0.305250
0.038815 0.120312 -0.305431
0.035188 0.136375 -0.305681
0.032344 0.125889 -0.303733
0.031135 0.124746 -0.303875
0.032106 0.122704 -0.305836
0.034645 0.129330 -0.309103
0.042831 0.130437 -0.317859
0.042914 0.125415 -0.315636
0.041568 0.112239 -0.316692
0.040574 0.123134 -0.316738
0.040218 0.101756 -0.321769
0.041588 0.082514 -0.333274
0.042424 0.075697 -0.335367
0.042672 0.075844 -0.328957
0.042787 0.076799 -0.333336
0.041409 0.077479 -0.332471
0.042826 0.075313 -0.333372
0.042854 0.075495 -0.330120
0.042701 0.080314 -0.314840
0.042366 0.078581 -0.318641
0.042056 0.082660 -0.311275
0.039654 0.085307 -0.311723
0.035286 0.103885 -0.309385
0.033083 0.109770 -0.308859
0.035018 0.105092 -0.308688
0.038691 0.088424 -0.312238
0.041543 0.081350 -0.326635
0.040479 0.082761 -0.317456
0.040225 0.080132 -0.327070
0.036259 0.082811 -0.313398
0.038761 0.083082 -0.313084
0.038963 0.084919 -0.325542
0.035739 0.103603 -0.313086
0.036041 0.104672 -0.313099
0.040301 0.090504 -0.326178
0.040475 0.098386 -0.317310
0.040254 0.084195 -0.327343
0.039481 0.081954 -0.318073
0.040480 0.078055 -0.332223
0.041923 0.076704 -0.334890
0.042729 0.078015 -0.329683
0.040598 0.085285 -0.316990
0.038666 0.099215 -0.309245
0.039330 0.088376 -0.308413
0.039891 0.083837 -0.313130
0.041119 0.079702 -0.330000
0.041706 0.084944 -0.330773
0.039696 0.098358 -0.317845
0.042190 0.083054 -0.327282
0.041787 0.081392 -0.320063
0.041983 0.079251 -0.328168
0.040728 0.081310 -0.317975
0.042109 0.078680 -0.330785
0.042269 0.078428 -0.331321
0.041276 0.080340 -0.318269
0.042136 0.077332 -0.330767
0.040808 0.081498 -0.330427
0.036891 0.098851 -0.312545
0.038472 0.091772 -0.308707
0.036789 0.098584 -0.312954
0.040481 0.081473 -0.331959
0.042759 0.076968 -0.337042
0.042682 0.075496 -0.337837
0.041807 0.076770 -0.337112
0.040578 0.076590 -0.336424
0.040411 0.076349 -0.336429
0.041055 0.077794 -0.336105
0.041545 0.077335 -0.335183
0.042863 0.075297 -0.336444
0.042381 0.079792 -0.331652
0.040920 0.092657 -0.314508
0.040189 0.127478 -0.315175
0.039852 0.128300 -0.321826
0.035789 0.114142 -0.314509
0.034432 0.110349 -0.313083
0.035831 0.109098 -0.312113
0.038542 0.108886 -0.312356
0.041977 0.106036 -0.313386
0.042066 0.101384 -0.314639
0.040744 0.088418 -0.317841
0.035869 0.103413 -0.313873
0.034932 0.107976 -0.313745
0.034798 0.108942 -0.311896
0.035274 0.109008 -0.311684
0.036690 0.109062 -0.311940
0.035397 0.109507 -0.312144
0.040881 0.109124 -0.312985
0.041412 0.109318 -0.312651
0.041352 0.108377 -0.311249
0.040695 0.108900 -0.312448
0.041297 0.107507 -0.313112
0.043074 0.108678 -0.313224
0.041375 0.107466 -0.312816
0.039054 0.108634 -0.312481
0.039269 0.107309 -0.312764
0.037964 0.108625 -0.311792
0.042826 0.107578 -0.311433
0.041764 0.107388 -0.312676
0.040368 0.111313 -0.313678
0.035625 0.122706 -0.316600
0.038558 0.115652 -0.319121
0.041349 0.101877 -0.329950
0.040759 0.127007 -0.318254
0.039553 0.109188 -0.311944
0.043617 0.093236 -0.308511
0.040532 0.106341 -0.309254
0.040079 0.110076 -0.308766
0.039835 0.111472 -0.309004
0.039681 0.106927 -0.308564
0.039714 0.092638 -0.308467
0.039632 0.103348 -0.308537
0.039160 0.098021 -0.308452
0.039077 0.105262 -0.308484
0.039399 0.099865 -0.308849
0.039993 0.108600 -0.308982
0.039614 0.111350 -0.309237
0.039990 0.112552 -0.308965
0.039266 0.112148 -0.308824
0.039192 0.112772 -0.308843
0.039481 0.112233 -0.308634
0.040740 0.109003 -0.308529
0.044010 0.100872 -0.308908
0.040493 0.107266 -0.309206
0.039334 0.106098 -0.309046
0.039349 0.092794 -0.309463
0.039694 0.101753 -0.309609
0.039670 0.092405 -0.309430
0.039417 0.106306 -0.309008
0.039764 0.107047 -0.309409
0.039841 0.092899 -0.309248
0.039874 0.101892 -0.308368
0.039838 0.091325 -0.308794
0.039778 0.101247 -0.308892
0.039783 0.092628 -0.309217
0.039672 0.105093 -0.309998
0.040476 0.105185 -0.310947
0.043458 0.091236 -0.315528
0.040200 0.106311 -0.310658
0.039293 0.110749 -0.308307
0.039390 0.110484 -0.308468
0.039182 0.107657 -0.308877
0.039494 0.092541 -0.309227
0.041039 0.100583 -0.309079
0.044727 0.087215 -0.309177
0.041115 0.083252 -0.309350
0.039810 0.082938 -0.308792
0.039352 0.088016 -0.308577
0.039724 0.105726 -0.308371
0.040253 0.105753 -0.308635
0.041058 0.088147 -0.308619
0.044853 0.083571 -0.308619
0.044926 0.083197 -0.308622
0.040610 0.087201 -0.309097
0.040572 0.098603 -0.311928
0.044871 0.081921 -0.322616
0.046215 0.078283 -0.327739
0.045460 0.086337 -0.313400
0.041533 0.105014 -0.309348
0.042609 0.105513 -0.308632
0.045023 0.089362 -0.308614
0.045493 0.088020 -0.308250
0.043891 0.100738 -0.307723
0.045583 0.087688 -0.308174
0.046918 0.083557 -0.308398
0.046917 0.081905 -0.308834
0.046283 0.081746 -0.311069
0.046560 0.083141 -0.318690
0.047005 0.099462 -0.311361
0.046285 0.087442 -0.308783
0.045680 0.087584 -0.308197
0.042814 0.101396 -0.308265
0.044066 0.093563 -0.308429
0.041272 0.107605 -0.308384
0.041059 0.110854 -0.309665
0.041896 0.104555 -0.313010
0.045547 0.081367 -0.323963
0.046574 0.078107 -0.327291
0.045791 0.091822 -0.314320
0.040517 0.130073 -0.312080
0.039146 0.129987 -0.311512
0.041510 0.117102 -0.312135
0.045556 0.113006 -0.313952
0.045647 0.112233 -0.313375
0.042280 0.112090 -0.312187
0.041636 0.112648 -0.311745
0.041315 0.112902 -0.311520
0.042280 0.114026 -0.311756
0.046309 0.113945 -0.313721
0.047038 0.112503 -0.314548
0.047055 0.111987 -0.314238
0.047083 0.112527 -0.314537
0.046911 0.111945 -0.314978
0.046574 0.111467 -0.314908
0.045785 0.111746 -0.314616
0.042879 0.114805 -0.316086
0.044093 0.122991 -0.326965
0.043443 0.127342 -0.317998
0.037031 0.135168 -0.311977
0.038076 0.111551 -0.309095
0.045292 0.087013 -0.311533
0.046037 0.079840 -0.323696
0.047268 0.084586 -0.310975
0.047554 0.088403 -0.308161
0.047409 0.095155 -0.312293
0.047120 0.081979 -0.329987
0.047038 0.079426 -0.331336
0.047296 0.076224 -0.334492
0.047813 0.077325 -0.331902
0.047323 0.077703 -0.332812
0.046742 0.076298 -0.334597
0.047281 0.077697 -0.331758
0.047198 0.077003 -0.332990
0.046730 0.078925 -0.331746
0.047436 0.089749 -0.318620
0.047854 0.080501 -0.319016
0.047977 0.078334 -0.327572
0.047264 0.081649 -0.329205
0.047256 0.103083 -0.311474
0.047564 0.105769 -0.308281
0.048686 0.097586 -0.312535
0.048967 0.127894 -0.313795
0.049442 0.130939 -0.316212
0.048351 0.126642 -0.314756
0.048076 0.114599 -0.312995
0.047673 0.111248 -0.312568
0.047765 0.110552 -0.312411
0.047991 0.110592 -0.311247
0.048133 0.110747 -0.311616
0.048160 0.110843 -0.312698
0.048193 0.110639 -0.313195
0.048257 0.110670 -0.312716
0.048342 0.110653 -0.312881
0.048305 0.110387 -0.312841
0.048325 0.110381 -0.312460
0.048105 0.110634 -0.312173
0.048141 0.110789 -0.311371
0.048097 0.110523 -0.312385
0.048288 0.110840 -0.312487
0.048283 0.111511 -0.312539
0.048169 0.110987 -0.312884
0.048142 0.110953 -0.312728
0.048009 0.111562 -0.312796
0.048354 0.110996 -0.312561
0.048785 0.111009 -0.311845
0.048215 0.111755 -0.312127
0.048127 0.111803 -0.311608
0.048240 0.111044 -0.311645
0.048460 0.110887 -0.312451
0.048768 0.110637 -0.312668
0.048162 0.110727 -0.312239
0.047883 0.110823 -0.310923
0.047634 0.110962 -0.309587
0.047408 0.111119 -0.308733
0.047060 0.111497 -0.309234
0.047112 0.111060 -0.311826
0.047590 0.110741 -0.312634
0.047197 0.110716 -0.312514
0.047415 0.110744 -0.312326
0.046997 0.110741 -0.311788
0.047029 0.110689 -0.312146
0.047458 0.110689 -0.312283
0.047513 0.110740 -0.312352
0.047520 0.110750 -0.311733
0.047109 0.110887 -0.309668
0.047038 0.110784 -0.311826
0.047399 0.110713 -0.311855
0.047121 0.110748 -0.312413
0.047358 0.110759 -0.312850
0.047080 0.110761 -0.312540
0.047278 0.110760 -0.312386
0.047042 0.110772 -0.311888
0.046920 0.110837 -0.312219
0.046947 0.110938 -0.311758
0.046940 0.111382 -0.309796
0.047328 0.110955 -0.311112
0.047012 0.110928 -0.309393
0.046970 0.111237 -0.309725
0.046993 0.111665 -0.308393
0.047009 0.109995 -0.308075
0.047036 0.108445 -0.308675
0.047149 0.103163 -0.312090
0.047535 0.086184 -0.323210
0.047108 0.104777 -0.311728
0.047023 0.109812 -0.309799
0.047383 0.110910 -0.311816
0.047039 0.111052 -0.309787
0.046857 0.112176 -0.308833
0.046693 0.112784 -0.308268
0.046603 0.111922 -0.308080
0.046650 0.111137 -0.308201
0.046673 0.110832 -0.308640
0.046577 0.110891 -0.307852
0.046660 0.111164 -0.306461
0.046581 0.111177 -0.307276
0.046623 0.110940 -0.308935
0.046721 0.110924 -0.310310
0.046930 0.110938 -0.309684
0.047697 0.110852 -0.311779
0.047466 0.110916 -0.310242
0.047512 0.111085 -0.311659
0.047068 0.111362 -0.309182
0.046861 0.110516 -0.308762
0.046995 0.104252 -0.311728
0.047487 0.081326 -0.323263
0.047507 0.073033 -0.331013
0.047596 0.073533 -0.329048
0.047569 0.073332 -0.331994
0.047661 0.074041 -0.330663
0.047633 0.078986 -0.323168
0.047374 0.080743 -0.329196
0.047114 0.095919 -0.318195
0.047490 0.079119 -0.329241
0.047546 0.080416 -0.328528
0.047198 0.098904 -0.316459
0.047411 0.088581 -0.319868
0.046780 0.106044 -0.310588
0.046912 0.111822 -0.308229
0.046889 0.111710 -0.308872
0.046888 0.105458 -0.313345
0.047586 0.079753 -0.328797
0.047480 0.075718 -0.333106
0.047406 0.078789 -0.329049
0.046821 0.105009 -0.313331
0.047672 0.111053 -0.310148
0.049337 0.104477 -0.314282
0.052843 0.081978 -0.326898
0.048598 0.085694 -0.319583
0.047346 0.104946 -0.313875
0.047562 0.110354 -0.312079
0.047292 0.111289 -0.312390
0.047280 0.111159 -0.312616
0.047393 0.111705 -0.312632
0.047141 0.111324 -0.312602
0.047471 0.111561 -0.312159
0.047368 0.111247 -0.312111
0.047608 0.111473 -0.310124
0.047751 0.111088 -0.311483
0.047839 0.110948 -0.312516
0.047912 0.110855 -0.312952
0.048077 0.111101 -0.312737
0.047737 0.111640 -0.312561
0.047240 0.111344 -0.312036
0.047614 0.111669 -0.312300
0.047754 0.111450 -0.311664
0.047754 0.112170 -0.310354
0.047678 0.112631 -0.309866
0.047181 0.111526 -0.312150
0.047327 0.111539 -0.312394
0.048127 0.111037 -0.312455
0.047743 0.110753 -0.312547
0.047485 0.110819 -0.312358
0.047638 0.110900 -0.312242
0.047918 0.111838 -0.308416
0.048076 0.111650 -0.306211
0.048071 0.111192 -0.306448
0.048540 0.111686 -0.308860
0.049707 0.111927 -0.311076
0.048321 0.111903 -0.309142
0.047488 0.111048 -0.308961
0.047014 0.110798 -0.311527
0.047101 0.110764 -0.310003
0.047225 0.110884 -0.311881
0.047025 0.111741 -0.311443
0.047275 0.112048 -0.308834
0.047521 0.112252 -0.308507
0.047609 0.111117 -0.310867
0.047413 0.110809 -0.312014
0.046814 0.110937 -0.313161
0.046511 0.111122 -0.312205
0.046655 0.111474 -0.308464
0.046848 0.111262 -0.307482
0.047000 0.111713 -0.310876
0.047251 0.111723 -0.307872
0.047022 0.112677 -0.309347
0.047474 0.112213 -0.311299
0.047494 0.111991 -0.309345
0.047580 0.111133 -0.310185
0.047449 0.111282 -0.309933
0.047087 0.111647 -0.312258
0.047409 0.111372 -0.312463
0.046913 0.112573 -0.309144
0.046713 0.112222 -0.308374
0.046761 0.112202 -0.308977
0.046815 0.111986 -0.308449
0.046912 0.111896 -0.309992
0.046835 0.111777 -0.311968
0.046956 0.111689 -0.309764
0.047408 0.112580 -0.308747
0.047265 0.116985 -0.308624
0.046620 0.131261 -0.308998
0.045176 0.115255 -0.307608
0.040807 0.111226 -0.310101
0.040400 0.113942 -0.312199
0.042160 0.128858 -0.314170
0.042602 0.115548 -0.312101
0.042811 0.106684 -0.310311
0.045397 0.106793 -0.306128
0.048732 0.095896 -0.304330
0.049186 0.101532 -0.308231
0.049697 0.083333 -0.319805
0.049612 0.078018 -0.325435
0.049104 0.086439 -0.311407
0.048881 0.106401 -0.304995
0.048751 0.111796 -0.304983
0.048748 0.112849 -0.305289
0.048729 0.113607 -0.305493
0.048958 0.113492 -0.305608
0.049015 0.112800 -0.305149
0.048891 0.113298 -0.305137
0.048810 0.112791 -0.305442
0.048711 0.112552 -0.305575
0.048745 0.108403 -0.305824
0.048805 0.094086 -0.306707
0.048873 0.107507 -0.305819
0.048766 0.112263 -0.305406
0.048813 0.112556 -0.305117
0.048814 0.112606 -0.305431
0.048813 0.113134 -0.305534
0.048824 0.112427 -0.305569
0.048941 0.112207 -0.305598
0.049103 0.112159 -0.305526
0.048817 0.112156 -0.305339
0.048633 0.112160 -0.305100
0.048629 0.112163 -0.304999
0.048804 0.112164 -0.304867
0.048841 0.112165 -0.305158
0.048861 0.112165 -0.305460
0.048844 0.112165 -0.305489
0.048924 0.112165 -0.305499
0.049004 0.112165 -0.305482
0.049007 0.112165 -0.305129
0.048789 0.112165 -0.303892
0.048791 0.112165 -0.304741
0.048796 0.112165 -0.305082
0.048832 0.112165 -0.305409
0.048831 0.112165 -0.305487
0.048830 0.112165 -0.305173
0.048827 0.112165 -0.305146
0.048799 0.112165 -0.305375
0.048805 0.112165 -0.305224
0.048806 0.112165 -0.305458
0.048803 0.112163 -0.305474
0.048800 0.112152 -0.305437
0.048837 0.112117 -0.305341
0.048889 0.112153 -0.305891
0.048889 0.112167 -0.305565
0.048798 0.112173 -0.305467
0.048786 0.112174 -0.305221
0.048802 0.112142 -0.304491
0.048843 0.111981 -0.306410
0.048969 0.111558 -0.309167
0.049112 0.111597 -0.308665
0.049106 0.110675 -0.312591
0.049179 0.112678 -0.306976
0.049163 0.112627 -0.305487
0.049251 0.113388 -0.305690
0.049314 0.113371 -0.305297
0.049454 0.112761 -0.305735
0.049385 0.113325 -0.306403
0.049196 0.112807 -0.306250
0.049232 0.112641 -0.306295
0.049263 0.108672 -0.306518
0.048909 0.095178 -0.307218
0.048990 0.107793 -0.306325
0.049081 0.111476 -0.305306
0.049085 0.112267 -0.305023
0.049166 0.112348 -0.304919
0.049177 0.112526 -0.305072
0.049178 0.113375 -0.305509
0.049355 0.113396 -0.305775
0.049312 0.112692 -0.305341
0.049399 0.113084 -0.305761
0.049169 0.112389 -0.305179
0.049348 0.112205 -0.305009
0.049427 0.112214 -0.304973
0.049444 0.112325 -0.304967
0.049444 0.112510 -0.304974
0.049438 0.112517 -0.305055
0.049441 0.108677 -0.305433
0.049435 0.098217 -0.306664
0.049402 0.108414 -0.305357
0.049399 0.111560 -0.305048
0.049423 0.112242 -0.305027
0.049452 0.112321 -0.304992
0.049447 0.112506 -0.305016
0.049444 0.113355 -0.305010
0.049443 0.113375 -0.305160
0.049438 0.112722 -0.305639
0.049422 0.113400 -0.306122
0.049432 0.113602 -0.306025
0.049440 0.113644 -0.305583
0.049434 0.113645 -0.306356
0.049399 0.113641 -0.306371
0.049348 0.113633 -0.306417
0.049435 0.113730 -0.306429
0.049499 0.113804 -0.305829
0.049442 0.113609 -0.305745
0.049367 0.112098 -0.305370
0.049354 0.108528 -0.306043
0.049417 0.096545 -0.307575
0.049422 0.091850 -0.307165
0.049416 0.107094 -0.306385
0.049400 0.111753 -0.305850
0.049440 0.113307 -0.306205
0.049455 0.112645 -0.306278
0.049530 0.112540 -0.306264
0.049870 0.113250 -0.306176
0.049940 0.113543 -0.306322
0.049667 0.113608 -0.306693
0.049519 0.113420 -0.306977
0.049510 0.112720 -0.306042
0.049699 0.113272 -0.306131
0.049556 0.112900 -0.306061
0.049582 0.113493 -0.306032
0.049787 0.112275 -0.306493
0.050962 0.105809 -0.310387
0.055221 0.087508 -0.323837
0.050972 0.105387 -0.310564
0.049799 0.111502 -0.305944
0.049888 0.115919 -0.305350
0.049385 0.134316 -0.307054
0.047442 0.116481 -0.339274
0.046523 0.094468 -0.335846
0.046804 0.107651 -0.319521
0.048051 0.112249 -0.314839
0.048512 0.109154 -0.314465
0.048364 0.096667 -0.317098
0.047837 0.109233 -0.315075
0.048311 0.113511 -0.314294
0.048426 0.113935 -0.314131
0.048191 0.114254 -0.314095
0.048190 0.113917 -0.313916
0.047729 0.115327 -0.313850
0.048553 0.121305 -0.312715
0.050514 0.123272 -0.309652
0.051768 0.127498 -0.309274
0.051850 0.114049 -0.309466
0.053119 0.110144 -0.308200
0.053278 0.109736 -0.308091
0.053267 0.110468 -0.307501
0.053276 0.110928 -0.307220
0.053282 0.110856 -0.307625
0.053357 0.110779 -0.308219
0.053279 0.109836 -0.308366
0.053259 0.109800 -0.308322
0.053394 0.110538 -0.307724
0.053466 0.109874 -0.308357
0.053187 0.109973 -0.308418
0.053233 0.109651 -0.308503
0.053060 0.109768 -0.308642
0.053136 0.110055 -0.308030
0.053190 0.110139 -0.308110
0.053271 0.111077 -0.307786
0.053082 0.110615 -0.307557
0.052725 0.111013 -0.307766
0.052951 0.111090 -0.308593
0.053004 0.110958 -0.308148
0.053042 0.110372 -0.308608
0.052729 0.111821 -0.308241
0.053153 0.111391 -0.309038
0.053088 0.111265 -0.308847
0.052936 0.111065 -0.307913
0.052960 0.109579 -0.308596
0.052598 0.110735 -0.307768
0.052815 0.110712 -0.307618
0.054393 0.109277 -0.308377
0.052778 0.109455 -0.307870
0.052441 0.106221 -0.308475
0.051785 0.109854 -0.307528
0.051637 0.110832 -0.307463
0.051517 0.110553 -0.307824
0.051788 0.110443 -0.308569
0.051795 0.108510 -0.307904
0.051871 0.109657 -0.308054
0.051823 0.111568 -0.307863
0.051876 0.112148 -0.308375
0.051851 0.111548 -0.307607
0.051939 0.111749 -0.307405
0.051980 0.112081 -0.307238
0.051735 0.112153 -0.307504
0.051622 0.110949 -0.307548
0.051612 0.109293 -0.307578
0.051702 0.109150 -0.308008
0.051833 0.109812 -0.308375
0.051613 0.104158 -0.312871
0.051711 0.082152 -0.329816
0.052291 0.081235 -0.329583
0.051926 0.097527 -0.317209
0.052173 0.081456 -0.325963
0.051081 0.075618 -0.332271
0.051059 0.074392 -0.333627
0.051692 0.074577 -0.331814
0.050934 0.075590 -0.333219
0.050711 0.075639 -0.333697
0.050705 0.075665 -0.333588
0.050916 0.075675 -0.333127
0.051674 0.074696 -0.331582
0.051253 0.074267 -0.333258
0.052071 0.074008 -0.333986
0.051506 0.075194 -0.334460
0.051297 0.079998 -0.329946
0.052441 0.095894 -0.316481
0.052702 0.082925 -0.320111
0.051845 0.081913 -0.328115
0.051752 0.097539 -0.318107
0.051621 0.081536 -0.330917
0.052136 0.081805 -0.330237
0.051867 0.098386 -0.318461
0.052060 0.081281 -0.331465
0.051811 0.075290 -0.335434
0.052133 0.073449 -0.335821
0.051658 0.073723 -0.336315
0.051617 0.075062 -0.335456
0.052199 0.081353 -0.329916
0.052104 0.103455 -0.313497
0.052173 0.104748 -0.312726
0.051386 0.087539 -0.324650
0.052294 0.098606 -0.316260
0.051707 0.086127 -0.327054
0.051576 0.097791 -0.318043
0.051755 0.079883 -0.331716
0.052352 0.075712 -0.333689
0.052491 0.081011 -0.328198
0.051763 0.103182 -0.312808
0.051477 0.103331 -0.313090
0.051594 0.081463 -0.329571
0.051400 0.075570 -0.335017
0.051238 0.074613 -0.334355
0.051992 0.080172 -0.331197
0.051726 0.098078 -0.317295
0.051106 0.087569 -0.324860
0.051378 0.104415 -0.313211
0.051731 0.101450 -0.313372
0.051759 0.086371 -0.326708
0.052436 0.098728 -0.317752
0.052298 0.087254 -0.326504
0.051862 0.103405 -0.312981
0.051860 0.101996 -0.312292
0.052349 0.087247 -0.321939
0.051927 0.103449 -0.312991
0.051808 0.102939 -0.313698
0.051603 0.087453 -0.325958
0.051818 0.103010 -0.313349
0.052615 0.101382 -0.313358
0.052616 0.080700 -0.324224
0.052623 0.075478 -0.330076
0.052109 0.080963 -0.327507
0.051825 0.103351 -0.313495
0.051668 0.104344 -0.312666
0.051004 0.087478 -0.324548
0.051493 0.098026 -0.317660
0.052254 0.081027 -0.330256
0.052404 0.081435 -0.330339
0.052265 0.098028 -0.317619
0.052264 0.080733 -0.326830
0.052722 0.075580 -0.327100
0.052709 0.075956 -0.315550
0.052268 0.082304 -0.310425
0.051936 0.102602 -0.307836
0.051495 0.108629 -0.308539
0.051266 0.104579 -0.312455
0.051326 0.088869 -0.325016
0.051373 0.105213 -0.312203
0.051507 0.108864 -0.309279
0.051467 0.103463 -0.312948
0.051460 0.081152 -0.330605
0.051467 0.075496 -0.335502
0.051387 0.074356 -0.336048
0.050960 0.074860 -0.334123
0.051420 0.081138 -0.330490
0.051531 0.103529 -0.313424
0.051744 0.109963 -0.308227
0.051511 0.110943 -0.307464
0.051430 0.110917 -0.307465
0.051386 0.108456 -0.307601
0.051350 0.108187 -0.307754
0.051635 0.110300 -0.308157
0.051688 0.109258 -0.309187
0.051728 0.103169 -0.313184
0.050961 0.087131 -0.324792
0.050779 0.104917 -0.312413
0.051301 0.110280 -0.308455
0.051716 0.111100 -0.307870
0.051704 0.110436 -0.307604
0.051718 0.109832 -0.307691
0.051763 0.109565 -0.307729
0.051706 0.109221 -0.307670
0.051601 0.108518 -0.307650
0.051584 0.110700 -0.307627
0.051883 0.111810 -0.307498
0.051942 0.111132 -0.307191
0.051900 0.108864 -0.307458
0.051955 0.105219 -0.308290
0.052520 0.087491 -0.311748
0.053019 0.083153 -0.321574
0.054294 0.102466 -0.312005
0.054048 0.103249 -0.312776
0.052803 0.087288 -0.325028
0.052720 0.102129 -0.312243
0.052633 0.106701 -0.309094
0.052706 0.107935 -0.308364
0.052799 0.108638 -0.308507
0.052891 0.108174 -0.308387
0.052844 0.107072 -0.308411
0.052601 0.101736 -0.313567
0.051892 0.081132 -0.330540
0.051915 0.076725 -0.334122
0.051809 0.081542 -0.328759
0.052729 0.101661 -0.313993
0.052566 0.101630 -0.314426
0.051655 0.081379 -0.330834
0.051458 0.076082 -0.332019
0.051510 0.081017 -0.319276
0.052529 0.102253 -0.310424
0.052443 0.106336 -0.308271
0.052062 0.101511 -0.312863
0.051358 0.081492 -0.328952
0.051215 0.081403 -0.329470
0.051965 0.101118 -0.313219
0.052094 0.100864 -0.310705
0.051989 0.081334 -0.320023
0.052237 0.076886 -0.332104
0.052513 0.081909 -0.329784
0.052861 0.103766 -0.312747
0.054560 0.107071 -0.308791
0.052755 0.103505 -0.311190
0.052304 0.082859 -0.323748
0.052624 0.081743 -0.316520
0.051944 0.076585 -0.331175
0.051790 0.074886 -0.334517
0.051770 0.081587 -0.330250
0.051894 0.104066 -0.312020
0.052513 0.110034 -0.307379
0.052617 0.109347 -0.306919
0.051760 0.102733 -0.311746
0.051124 0.080061 -0.330010
0.051726 0.074477 -0.333331
0.051877 0.073870 -0.334545
0.052126 0.076091 -0.331547
0.052242 0.080895 -0.329522
0.052264 0.104098 -0.311736
0.052087 0.109544 -0.308308
0.053086 0.109369 -0.308224
0.053608 0.110973 -0.307617
0.052969 0.111661 -0.308373
0.052739 0.104163 -0.312303
0.052763 0.086745 -0.323955
0.052723 0.099719 -0.316340
0.052272 0.081565 -0.327335
0.052132 0.081325 -0.329575
0.052499 0.098433 -0.314106
0.052154 0.092260 -0.313514
0.052013 0.079057 -0.325316
0.052065 0.075319 -0.326175
0.052183 0.077635 -0.318206
0.052108 0.081382 -0.324710
0.052156 0.102861 -0.312638
0.052231 0.108637 -0.309025
0.052254 0.110675 -0.306795
0.052339 0.110688 -0.300813
0.052652 0.108828 -0.299258
0.051910 0.103540 -0.304556
0.051809 0.080530 -0.327406
0.051979 0.080016 -0.325059
0.052374 0.101970 -0.295055
0.052487 0.113723 -0.286248
0.052255 0.134031 -0.287919
0.052203 0.097380 -0.315993
0.054448 0.114450 -0.297001
0.062269 0.139095 -0.285056
0.054474 0.095929 -0.315235
0.052571 0.099211 -0.302578
0.051963 0.079212 -0.325641
0.052047 0.074613 -0.329867
0.052052 0.073614 -0.332982
0.052360 0.073453 -0.334030
0.052424 0.074027 -0.333427
0.052123 0.073780 -0.332763
0.052026 0.074319 -0.331674
0.052524 0.075194 -0.323497
0.052087 0.074589 -0.331494
0.052204 0.073752 -0.331481
0.051536 0.073672 -0.329084
0.051068 0.074196 -0.333842
0.051072 0.074088 -0.335190
0.051611 0.073524 -0.335591
0.051772 0.074607 -0.334505
0.051798 0.080374 -0.327887
0.051888 0.097443 -0.305157
0.052241 0.081999 -0.313509
0.052255 0.076178 -0.327276
0.052405 0.080273 -0.327196
0.052295 0.097169 -0.308588
0.052279 0.080312 -0.323749
0.051806 0.079360 -0.325351
0.051712 0.092173 -0.301896
0.051682 0.100323 -0.302340
0.051713 0.080204 -0.327388
0.051815 0.076462 -0.333016
0.052441 0.082944 -0.327285
0.053820 0.103389 -0.312785
0.052632 0.102830 -0.312553
0.052476 0.081409 -0.327475
0.053920 0.075337 -0.332888
0.052434 0.074093 -0.334114
0.052129 0.073759 -0.334149
0.053351 0.072741 -0.333151
0.052990 0.074195 -0.329807
0.055978 0.075262 -0.319026
0.064981 0.076000 -0.320422
0.055322 0.077318 -0.314548
0.052230 0.076221 -0.316728
0.052036 0.076222 -0.314361
0.051892 0.074982 -0.320139
0.052689 0.074901 -0.328542
0.055707 0.076503 -0.318950
0.053353 0.077701 -0.313448
0.052386 0.081396 -0.313816
0.051725 0.097361 -0.311007
0.051988 0.082960 -0.315485
0.051902 0.078347 -0.316640
0.052222 0.075288 -0.329769
0.054195 0.074903 -0.327976
