0.005247 0.007763 -0.006894
0.012566 0.018713 -0.016014
0.019701 0.029375 -0.024894
0.026651 0.039749 -0.033534
0.033417 0.049835 -0.041934
0.039998 0.059634 -0.050094
0.046395 0.069145 -0.058013
0.052607 0.078367 -0.065693
0.058635 0.087302 -0.073132
0.064478 0.095948 -0.080331
0.070136 0.104306 -0.087289
0.075609 0.112375 -0.094007
0.080897 0.120156 -0.100484
0.086001 0.127648 -0.106721
0.090919 0.134852 -0.112716
0.095652 0.141767 -0.118471
0.100200 0.148393 -0.123985
0.104563 0.154731 -0.129259
0.108741 0.160779 -0.134291
0.112734 0.166538 -0.139082
0.116541 0.172009 -0.143632
0.120163 0.177189 -0.147940
0.123599 0.182081 -0.152008
0.126850 0.186683 -0.155834
0.129916 0.190996 -0.159419
0.132796 0.195019 -0.162762
0.135490 0.198752 -0.165863
0.137998 0.202196 -0.168723
0.140321 0.205350 -0.171342
0.142458 0.208214 -0.173718
0.144409 0.210787 -0.175853
0.146174 0.213071 -0.177745
0.147754 0.215065 -0.179396
0.149147 0.216768 -0.180805
0.150354 0.218181 -0.181971
0.151375 0.219304 -0.182896
0.152210 0.220136 -0.183578
0.152859 0.220678 -0.184018
0.153601 0.220470 -0.184959
0.153561 0.219194 -0.182937
0.152483 0.222665 -0.183124
0.152859 0.219594 -0.182253
0.153750 0.221921 -0.182253
0.153373 0.220837 -0.183325
0.153959 0.220598 -0.182995
0.153026 0.219875 -0.182577
0.153180 0.219753 -0.184094
0.153026 0.219514 -0.183536
0.153919 0.219931 -0.182109
0.153013 0.219875 -0.182455
0.153200 0.219875 -0.182873
0.153141 0.220678 -0.182390
0.152974 0.220917 -0.182388
0.152806 0.220757 -0.181077
0.152787 0.220757 -0.181869
0.152945 0.221841 -0.182433
0.153173 0.219753 -0.182369
0.152994 0.219674 -0.182574
0.153082 0.221632 -0.183182
0.153894 0.219514 -0.181085
0.153110 0.220678 -0.182332
0.153100 0.219514 -0.182775
0.153141 0.220439 -0.182854
0.152994 0.220757 -0.181674
0.152974 0.220917 -0.181544
0.152542 0.221762 -0.182630
0.137360 0.240880 -0.185550
0.126700 0.254001 -0.181616
0.120564 0.261123 -0.170827
0.115881 0.246180 -0.112446
0.127444 0.246979 -0.114409
0.138463 0.247919 -0.116145
0.148938 0.248999 -0.117654
0.158870 0.250219 -0.118935
0.168257 0.251580 -0.119990
0.177101 0.253081 -0.120818
0.185400 0.254722 -0.121418
0.193154 0.256504 -0.121791
0.200364 0.258427 -0.121937
0.207029 0.260490 -0.121855
0.213149 0.262693 -0.121546
0.218725 0.265037 -0.121009
0.223755 0.267522 -0.120245
0.228239 0.270148 -0.119253
0.232178 0.272914 -0.118033
0.235571 0.275821 -0.116585
0.238419 0.278869 -0.114910
0.240720 0.282058 -0.113006
0.242475 0.285387 -0.110875
0.243684 0.288858 -0.108515
0.234075 0.292525 -0.109816
0.247159 0.298778 -0.098880
0.256022 0.303084 -0.091796
0.260664 0.305445 -0.088565
0.261084 0.305859 -0.089190
0.257281 0.304326 -0.093670
0.249252 0.300845 -0.102007
0.236997 0.295415 -0.114203
0.184701 0.311723 -0.165778
0.196772 0.256478 -0.141282
0.192976 0.240206 -0.156060
0.190154 0.227965 -0.167322
0.188308 0.219753 -0.175069
0.189635 0.221753 -0.175115
0.188671 0.220680 -0.174451
0.187765 0.220680 -0.175743
0.188509 0.221114 -0.176367
0.187672 0.222345 -0.176419
0.188011 0.221352 -0.177873
0.187858 0.222454 -0.176233
0.187878 0.220821 -0.174027
0.187932 0.220680 -0.175542
0.188348 0.221834 -0.175542
0.202162 0.230864 -0.188176
0.216721 0.253450 -0.154870
0.230506 0.274831 -0.123351
0.243517 0.295006 -0.093618
0.255753 0.313975 -0.065673
0.267215 0.331737 -0.039515
0.277902 0.348291 -0.015146
0.287814 0.363638 0.007435
0.296951 0.377777 0.028226
0.305312 0.390708 0.047227
0.312898 0.402430 0.064438
0.319707 0.412944 0.079858
0.325741 0.422248 0.093487
0.330998 0.430342 0.105324
0.335478 0.437227 0.115368
0.339181 0.442901 0.123620
0.342108 0.447364 0.130078
0.344257 0.450616 0.134742
0.345629 0.452657 0.137612
0.346223 0.453486 0.138686
0.346039 0.453103 0.137965
0.345077 0.451508 0.135449
0.343336 0.448699 0.131135
0.340817 0.444678 0.125025
0.337519 0.439443 0.117117
0.333442 0.432994 0.107411
0.328585 0.425330 0.095906
0.322949 0.416452 0.082602
0.316533 0.406360 0.067499
0.309337 0.395051 0.050595
0.301362 0.382528 0.031891
0.292605 0.368788 0.011386
0.283068 0.353832 -0.010921
0.272750 0.337659 -0.035030
0.261651 0.320268 -0.060942
0.249771 0.301661 -0.088657
0.237109 0.281836 -0.118176
0.203331 0.240881 -0.208339
0.216187 0.224833 -0.139651
0.200013 0.228233 -0.208475
0.199389 0.219161 -0.207954
0.199575 0.223458 -0.209284
0.199369 0.220631 -0.207477
0.200546 0.220082 -0.210514
0.200299 0.220446 -0.210028
0.200566 0.222176 -0.207608
0.200072 0.220210 -0.210054
0.200546 0.222937 -0.208335
0.199575 0.221338 -0.209835
0.200187 0.219736 -0.210099
0.200546 0.221652 -0.209887
0.199801 0.219736 -0.209638
0.212274 0.221393 -0.164720
0.212341 0.222043 -0.164797
0.212409 0.222692 -0.164875
0.212476 0.223339 -0.164952
0.212544 0.223984 -0.165028
0.212611 0.224627 -0.165104
0.212678 0.225269 -0.165180
0.212745 0.225908 -0.165255
0.212812 0.226546 -0.165330
0.212878 0.227182 -0.165405
0.212945 0.227816 -0.165479
0.213011 0.228448 -0.165552
0.213077 0.229079 -0.165626
0.213143 0.229708 -0.165698
0.213209 0.230335 -0.165771
0.213275 0.230960 -0.165843
0.213340 0.231583 -0.165915
0.213406 0.232205 -0.165986
0.213471 0.232824 -0.166057
0.213536 0.233442 -0.166127
0.213601 0.234058 -0.166197
0.213666 0.234672 -0.166267
0.213731 0.235285 -0.166336
0.213796 0.235895 -0.166405
0.213860 0.236504 -0.166473
0.213925 0.237111 -0.166541
0.213989 0.237716 -0.166608
0.214053 0.238320 -0.166676
0.214117 0.238921 -0.166742
0.214181 0.239521 -0.166809
0.214245 0.240119 -0.166875
0.214308 0.240715 -0.166940
0.214372 0.241309 -0.167005
0.214435 0.241901 -0.167070
0.214498 0.242492 -0.167134
0.214561 0.243081 -0.167198
0.214624 0.243668 -0.167262
0.214687 0.244253 -0.167325
0.214750 0.244836 -0.167388
0.214812 0.245418 -0.167450
0.214875 0.245997 -0.167512
0.214937 0.246575 -0.167573
0.214999 0.247151 -0.167635
0.215061 0.247726 -0.167695
0.215123 0.248298 -0.167756
0.215185 0.248869 -0.167815
0.215246 0.249437 -0.167875
0.215308 0.250004 -0.167934
0.215369 0.250569 -0.167993
0.215430 0.251133 -0.168051
0.215491 0.251694 -0.168109
0.215552 0.252254 -0.168166
0.215613 0.252812 -0.168224
0.215674 0.253368 -0.168280
0.215734 0.253922 -0.168336
0.215795 0.254474 -0.168392
0.215855 0.255025 -0.168448
0.215915 0.255574 -0.168503
0.215975 0.256121 -0.168558
0.216035 0.256666 -0.168612
0.216095 0.257209 -0.168666
0.216155 0.257751 -0.168719
0.216214 0.258290 -0.168772
0.216274 0.258828 -0.168825
0.216333 0.259364 -0.168877
0.216392 0.259898 -0.168929
0.216451 0.260430 -0.168981
0.216510 0.260961 -0.169032
0.216569 0.261490 -0.169083
0.216627 0.262017 -0.169133
0.216686 0.262542 -0.169183
0.216744 0.263065 -0.169232
0.216803 0.263586 -0.169282
0.216861 0.264106 -0.169330
0.216919 0.264624 -0.169379
0.216977 0.265139 -0.169427
0.217034 0.265654 -0.169474
0.217092 0.266166 -0.169521
0.217150 0.266676 -0.169568
0.217207 0.267185 -0.169614
0.217264 0.267692 -0.169660
0.217322 0.268197 -0.169706
0.217379 0.268700 -0.169751
0.217435 0.269201 -0.169796
0.217492 0.269701 -0.169840
0.217549 0.270198 -0.169884
0.217606 0.270694 -0.169928
0.217662 0.271188 -0.169971
0.217718 0.271680 -0.170014
0.217774 0.272171 -0.170056
0.217831 0.272659 -0.170098
0.217886 0.273146 -0.170140
0.217942 0.273631 -0.170181
0.217998 0.274114 -0.170222
0.218054 0.274595 -0.170262
0.218109 0.275075 -0.170302
0.218164 0.275552 -0.170342
0.218220 0.276028 -0.170381
0.218275 0.276502 -0.170420
0.218330 0.276974 -0.170458
0.218385 0.277444 -0.170496
0.218439 0.277912 -0.170534
0.218494 0.278379 -0.170571
0.218549 0.278844 -0.170608
0.218603 0.279307 -0.170645
0.218657 0.279768 -0.170681
0.218711 0.280227 -0.170717
0.218765 0.280685 -0.170752
0.218819 0.281140 -0.170787
0.218873 0.281594 -0.170822
0.218927 0.282046 -0.170856
0.218980 0.282496 -0.170890
0.219034 0.282944 -0.170923
0.219087 0.283391 -0.170956
0.219141 0.283835 -0.170989
0.219194 0.284278 -0.171021
0.219247 0.284719 -0.171053
0.219300 0.285158 -0.171084
0.219352 0.285595 -0.171115
0.219405 0.286031 -0.171146
0.219458 0.286465 -0.171176
0.219510 0.286896 -0.171206
0.219562 0.287326 -0.171235
0.219615 0.287754 -0.171264
0.219667 0.288181 -0.171293
0.219719 0.288605 -0.171322
0.219770 0.289028 -0.171349
0.219822 0.289449 -0.171377
0.219874 0.289868 -0.171404
0.219925 0.290285 -0.171431
0.219977 0.290700 -0.171457
0.220028 0.291113 -0.171483
0.220079 0.291525 -0.171509
0.220130 0.291935 -0.171534
0.220181 0.292343 -0.171559
0.220232 0.292749 -0.171584
0.220283 0.293153 -0.171608
0.220334 0.293556 -0.171631
0.220384 0.293956 -0.171655
0.220435 0.294355 -0.171678
0.220485 0.294752 -0.171700
0.220535 0.295147 -0.171722
0.220585 0.295540 -0.171744
0.220635 0.295932 -0.171765
0.220685 0.296321 -0.171786
0.220735 0.296709 -0.171807
0.220785 0.297095 -0.171827
0.220834 0.297479 -0.171847
0.220884 0.297861 -0.171867
0.220933 0.298241 -0.171886
0.220982 0.298620 -0.171904
0.221031 0.298997 -0.171923
0.221080 0.299372 -0.171941
0.221129 0.299745 -0.171958
0.221178 0.300116 -0.171975
0.221227 0.300485 -0.171992
0.221275 0.300853 -0.172008
0.221324 0.301218 -0.172025
0.221372 0.301582 -0.172040
0.221421 0.301944 -0.172055
0.221469 0.302304 -0.172070
0.221517 0.302663 -0.172085
0.221565 0.303019 -0.172099
0.221613 0.303374 -0.172113
0.221660 0.303727 -0.172126
0.221708 0.304078 -0.172139
0.221756 0.304427 -0.172152
0.221803 0.304774 -0.172164
0.221850 0.305119 -0.172176
0.221898 0.305463 -0.172187
0.221945 0.305805 -0.172198
0.221992 0.306145 -0.172209
0.222039 0.306483 -0.172219
0.222086 0.306819 -0.172229
0.222132 0.307153 -0.172239
0.222179 0.307486 -0.172248
0.222225 0.307817 -0.172257
0.222272 0.308145 -0.172265
0.222318 0.308472 -0.172273
0.222364 0.308798 -0.172281
0.222411 0.309121 -0.172288
0.222457 0.309442 -0.172295
0.222502 0.309762 -0.172301
0.222548 0.310080 -0.172308
0.222594 0.310396 -0.172313
0.222640 0.310710 -0.172319
0.222685 0.311022 -0.172324
0.222731 0.311333 -0.172328
0.222776 0.311641 -0.172333
0.222821 0.311948 -0.172337
0.222866 0.312253 -0.172340
0.222911 0.312556 -0.172343
0.222956 0.312857 -0.172346
0.223001 0.313156 -0.172348
0.223046 0.313454 -0.172350
0.223090 0.313750 -0.172352
0.223135 0.314043 -0.172353
0.223179 0.314335 -0.172354
0.223224 0.314625 -0.172355
0.223268 0.314914 -0.172355
0.223312 0.315200 -0.172354
0.223356 0.315485 -0.172354
0.223400 0.315767 -0.172353
0.223444 0.316048 -0.172352
0.223488 0.316327 -0.172350
0.223532 0.316604 -0.172348
0.223575 0.316880 -0.172345
0.223619 0.317153 -0.172342
0.223662 0.317425 -0.172339
0.223705 0.317695 -0.172335
0.223749 0.317963 -0.172332
0.223792 0.318229 -0.172327
0.223835 0.318493 -0.172322
0.223878 0.318755 -0.172317
0.223921 0.319016 -0.172312
0.223963 0.319275 -0.172306
0.224006 0.319531 -0.172300
0.224049 0.319786 -0.172293
0.224091 0.320040 -0.172286
0.224133 0.320291 -0.172279
0.224176 0.320540 -0.172271
0.224218 0.320788 -0.172263
0.224260 0.321034 -0.172255
0.224302 0.321277 -0.172246
0.224344 0.321520 -0.172237
0.224386 0.321760 -0.172227
0.224428 0.321998 -0.172217
0.224469 0.322235 -0.172207
0.224511 0.322469 -0.172196
0.224552 0.322702 -0.172185
0.224594 0.322933 -0.172174
0.224635 0.323162 -0.172162
0.224676 0.323389 -0.172150
0.224717 0.323615 -0.172138
0.224758 0.323838 -0.172125
0.224799 0.324060 -0.172112
0.224840 0.324279 -0.172098
0.224881 0.324497 -0.172084
0.224922 0.324714 -0.172070
0.224962 0.324928 -0.172055
0.225003 0.325140 -0.172040
0.225043 0.325351 -0.172024
0.225084 0.325559 -0.172009
0.225124 0.325766 -0.171992
0.225164 0.325971 -0.171976
0.225204 0.326174 -0.171959
0.225244 0.326376 -0.171942
0.225284 0.326575 -0.171924
0.225324 0.326773 -0.171906
0.225364 0.326968 -0.171888
0.225403 0.327162 -0.171869
0.225443 0.327354 -0.171850
0.225482 0.327544 -0.171830
0.225522 0.327732 -0.171811
0.225561 0.327919 -0.171790
0.225600 0.328103 -0.171770
0.225639 0.328286 -0.171749
0.225679 0.328467 -0.171728
0.225718 0.328646 -0.171706
0.225756 0.328823 -0.171684
0.225795 0.328998 -0.171661
0.225834 0.329172 -0.171639
0.225873 0.329343 -0.171616
0.225911 0.329513 -0.171592
0.225950 0.329681 -0.171568
0.225988 0.329847 -0.171544
0.226027 0.330011 -0.171520
0.226065 0.330173 -0.171495
0.226103 0.330334 -0.171469
0.226141 0.330492 -0.171444
0.226179 0.330649 -0.171418
0.226217 0.330804 -0.171391
0.226255 0.330957 -0.171364
0.226293 0.331108 -0.171337
0.226330 0.331257 -0.171310
0.226368 0.331404 -0.171282
0.226406 0.331550 -0.171254
0.226443 0.331694 -0.171225
0.226480 0.331835 -0.171196
0.226518 0.331975 -0.171167
0.226555 0.332113 -0.171138
0.226592 0.332250 -0.171108
0.226629 0.332384 -0.171077
0.226666 0.332516 -0.171047
0.226703 0.332647 -0.171015
0.226740 0.332776 -0.170984
0.226777 0.332903 -0.170952
0.226813 0.333028 -0.170920
0.226850 0.333151 -0.170888
0.226887 0.333272 -0.170855
0.226923 0.333392 -0.170822
0.226959 0.333509 -0.170788
0.226996 0.333625 -0.170754
0.227032 0.333739 -0.170720
0.227068 0.333851 -0.170685
0.227104 0.333961 -0.170650
0.227140 0.334069 -0.170615
0.227176 0.334176 -0.170579
0.227212 0.334280 -0.170543
0.227248 0.334383 -0.170506
0.227284 0.334484 -0.170470
0.227319 0.334583 -0.170432
0.227355 0.334680 -0.170395
0.227390 0.334775 -0.170357
0.227426 0.334869 -0.170319
0.227461 0.334960 -0.170280
0.227496 0.335050 -0.170241
0.227532 0.335137 -0.170202
0.227567 0.335223 -0.170162
0.227602 0.335307 -0.170122
0.227637 0.335390 -0.170082
0.227672 0.335470 -0.170041
0.227707 0.335548 -0.170000
0.227741 0.335625 -0.169959
0.227776 0.335700 -0.169917
0.227811 0.335772 -0.169875
0.227845 0.335843 -0.169833
0.227880 0.335912 -0.169790
0.227914 0.335980 -0.169746
0.227949 0.336045 -0.169703
0.227983 0.336108 -0.169659
0.228017 0.336170 -0.169615
0.228051 0.336230 -0.169570
0.228086 0.336288 -0.169525
0.228120 0.336344 -0.169480
0.228154 0.336398 -0.169434
0.228187 0.336450 -0.169388
0.228221 0.336501 -0.169342
0.228255 0.336549 -0.169295
0.228289 0.336596 -0.169248
0.228322 0.336641 -0.169201
0.228356 0.336684 -0.169153
0.228389 0.336725 -0.169105
0.228423 0.336764 -0.169056
0.228456 0.336801 -0.169007
0.228490 0.336837 -0.168958
0.228523 0.336870 -0.168909
0.228556 0.336902 -0.168859
0.228589 0.336932 -0.168809
0.228622 0.336960 -0.168758
0.228655 0.336986 -0.168707
0.228688 0.337010 -0.168656
0.228721 0.337032 -0.168604
0.228754 0.337053 -0.168552
0.228786 0.337071 -0.168500
0.228819 0.337088 -0.168447
0.228852 0.337103 -0.168394
0.228884 0.337116 -0.168341
0.228917 0.337127 -0.168287
0.228949 0.337136 -0.168233
0.228981 0.337144 -0.168179
0.229014 0.337149 -0.168124
0.229046 0.337153 -0.168069
0.229078 0.337154 -0.168013
0.229110 0.337154 -0.167958
0.229142 0.337152 -0.167901
0.229174 0.337148 -0.167845
0.229206 0.337143 -0.167788
0.229238 0.337135 -0.167731
0.229270 0.337125 -0.167673
0.229302 0.337114 -0.167615
0.229333 0.337101 -0.167557
0.229365 0.337086 -0.167499
0.229397 0.337069 -0.167440
0.229428 0.337050 -0.167380
0.229460 0.337029 -0.167321
0.229491 0.337006 -0.167261
0.229522 0.336982 -0.167201
0.229554 0.336955 -0.167140
0.229585 0.336927 -0.167079
0.229616 0.336897 -0.167018
0.229647 0.336865 -0.166956
0.229678 0.336831 -0.166894
0.229709 0.336795 -0.166831
0.229740 0.336758 -0.166769
0.229771 0.336718 -0.166706
0.229802 0.336677 -0.166642
0.229832 0.336633 -0.166579
0.229863 0.336588 -0.166514
0.229894 0.336541 -0.166450
0.229924 0.336492 -0.166385
0.229955 0.336441 -0.166320
0.229986 0.336389 -0.166255
0.230016 0.336334 -0.166189
0.230046 0.336278 -0.166123
0.230077 0.336219 -0.166056
0.230107 0.336159 -0.165989
0.230137 0.336097 -0.165922
0.230167 0.336033 -0.165855
0.230197 0.335967 -0.165787
0.230228 0.335900 -0.165719
0.230258 0.335830 -0.165650
0.230288 0.335758 -0.165581
0.230317 0.335685 -0.165512
0.230347 0.335610 -0.165443
0.230377 0.335533 -0.165373
0.230407 0.335454 -0.165302
0.230437 0.335373 -0.165232
0.230466 0.335290 -0.165161
0.230496 0.335205 -0.165090
0.230525 0.335119 -0.165018
0.230555 0.335030 -0.164946
0.230584 0.334940 -0.164874
0.230614 0.334848 -0.164801
0.230643 0.334754 -0.164728
0.230672 0.334658 -0.164655
0.230702 0.334560 -0.164581
0.230731 0.334460 -0.164507
0.230760 0.334359 -0.164433
0.230789 0.334255 -0.164359
0.230818 0.334150 -0.164284
0.230847 0.334043 -0.164208
0.230876 0.333933 -0.164133
0.230905 0.333822 -0.164057
0.230934 0.333709 -0.163980
0.230963 0.333595 -0.163904
0.230991 0.333478 -0.163827
0.231020 0.333359 -0.163749
0.231049 0.333239 -0.163672
0.231078 0.333117 -0.163594
0.231106 0.332992 -0.163515
0.231135 0.332866 -0.163437
0.231163 0.332738 -0.163358
0.231192 0.332608 -0.163278
0.231220 0.332477 -0.163199
0.231248 0.332343 -0.163119
0.231277 0.332207 -0.163038
0.231305 0.332070 -0.162957
0.231333 0.331931 -0.162876
0.231361 0.331789 -0.162795
0.231390 0.331646 -0.162713
0.231418 0.331501 -0.162631
0.231446 0.331354 -0.162549
0.231474 0.331206 -0.162466
0.231502 0.331055 -0.162383
0.231530 0.330902 -0.162300
0.231557 0.330748 -0.162216
0.231585 0.330592 -0.162132
0.231613 0.330434 -0.162048
0.231641 0.330273 -0.161963
0.231669 0.330111 -0.161878
0.231696 0.329948 -0.161793
0.231724 0.329782 -0.161707
0.231752 0.329614 -0.161621
0.231779 0.329445 -0.161535
0.231807 0.329273 -0.161448
0.231834 0.329100 -0.161361
0.231861 0.328925 -0.161274
0.231889 0.328748 -0.161186
0.231916 0.328569 -0.161098
0.231944 0.328388 -0.161010
0.231971 0.328205 -0.160921
0.231998 0.328020 -0.160832
0.232025 0.327834 -0.160743
0.232052 0.327645 -0.160653
0.232080 0.327455 -0.160563
0.232107 0.327263 -0.160473
0.232134 0.327068 -0.160382
0.232161 0.326872 -0.160291
0.232188 0.326674 -0.160200
0.232215 0.326475 -0.160108
0.232242 0.326273 -0.160016
0.232268 0.326069 -0.159924
0.232295 0.325864 -0.159832
0.232322 0.325656 -0.159739
0.232349 0.325447 -0.159645
0.232375 0.325236 -0.159552
0.232402 0.325023 -0.159458
0.232429 0.324808 -0.159364
0.232455 0.324591 -0.159269
0.232482 0.324372 -0.159174
0.232509 0.324152 -0.159079
0.232535 0.323929 -0.158983
0.232562 0.323705 -0.158887
0.232588 0.323478 -0.158791
0.232614 0.323250 -0.158695
0.232641 0.323020 -0.158598
0.232667 0.322788 -0.158501
0.232693 0.322554 -0.158403
0.232720 0.322318 -0.158305
0.232746 0.322081 -0.158207
0.232772 0.321841 -0.158109
0.232798 0.321600 -0.158010
0.232825 0.321356 -0.157911
0.232851 0.321111 -0.157811
0.232877 0.320864 -0.157711
0.232903 0.320615 -0.157611
0.232929 0.320364 -0.157511
0.232955 0.320111 -0.157410
0.232981 0.319856 -0.157309
0.233007 0.319599 -0.157208
0.233033 0.319341 -0.157106
0.233058 0.319080 -0.157004
0.233084 0.318818 -0.156902
0.233110 0.318553 -0.156799
0.233136 0.318287 -0.156696
0.233162 0.318019 -0.156592
0.233187 0.317749 -0.156489
0.233213 0.317477 -0.156385
0.233239 0.317204 -0.156281
0.233264 0.316928 -0.156176
0.233290 0.316650 -0.156071
0.233316 0.316371 -0.155966
0.233341 0.316089 -0.155860
0.233367 0.315806 -0.155754
0.233392 0.315521 -0.155648
0.233418 0.315234 -0.155541
0.233443 0.314945 -0.155435
0.233469 0.314654 -0.155327
0.233494 0.314361 -0.155220
0.233519 0.314067 -0.155112
0.233545 0.313770 -0.155004
0.233570 0.313471 -0.154895
0.233595 0.313171 -0.154787
0.233621 0.312869 -0.154677
0.233646 0.312565 -0.154568
0.233671 0.312258 -0.154458
0.233696 0.311950 -0.154348
0.233722 0.311641 -0.154238
0.233747 0.311329 -0.154127
0.233772 0.311015 -0.154016
0.233797 0.310699 -0.153905
0.233822 0.310382 -0.153793
0.233847 0.310062 -0.153681
0.233872 0.309741 -0.153569
0.233897 0.309418 -0.153456
0.233922 0.309093 -0.153343
0.233947 0.308766 -0.153230
0.233972 0.308437 -0.153116
0.233997 0.308106 -0.153003
0.234022 0.307773 -0.152888
0.234047 0.307438 -0.152774
0.234072 0.307102 -0.152659
0.234097 0.306763 -0.152544
0.234122 0.306423 -0.152428
0.234146 0.306081 -0.152313
0.234171 0.305737 -0.152197
0.234196 0.305390 -0.152080
0.234221 0.305042 -0.151963
0.234245 0.304693 -0.151846
0.234270 0.304341 -0.151729
0.234295 0.303987 -0.151611
0.234320 0.303631 -0.151493
0.234344 0.303274 -0.151375
0.234369 0.302914 -0.151257
0.234394 0.302553 -0.151138
0.234418 0.302190 -0.151018
0.234443 0.301824 -0.150899
0.234467 0.301457 -0.150779
0.234492 0.301088 -0.150659
0.234516 0.300717 -0.150538
0.234541 0.300345 -0.150418
0.234565 0.299970 -0.150296
0.234590 0.299593 -0.150175
0.234614 0.299215 -0.150053
0.234639 0.298834 -0.149931
0.234663 0.298452 -0.149809
0.234688 0.298068 -0.149686
0.234712 0.297681 -0.149563
0.234737 0.297293 -0.149440
0.234761 0.296903 -0.149316
0.234785 0.296511 -0.149192
0.234810 0.296118 -0.149068
0.234834 0.295722 -0.148944
0.234858 0.295324 -0.148819
0.234883 0.294925 -0.148694
0.234907 0.294523 -0.148568
0.234931 0.294120 -0.148442
0.234956 0.293715 -0.148316
0.234980 0.293307 -0.148190
0.235004 0.292898 -0.148063
0.235029 0.292487 -0.147936
0.235053 0.292074 -0.147809
0.235077 0.291659 -0.147681
0.235101 0.291243 -0.147553
0.235125 0.290824 -0.147425
0.235150 0.290403 -0.147297
0.235174 0.289981 -0.147168
0.235198 0.289556 -0.147038
0.235222 0.289130 -0.146909
0.235246 0.288702 -0.146779
0.235270 0.288272 -0.146649
0.235295 0.287839 -0.146519
0.235319 0.287405 -0.146388
0.235343 0.286970 -0.146257
0.235367 0.286532 -0.146126
0.235391 0.286092 -0.145994
0.235415 0.285650 -0.145862
0.235439 0.285207 -0.145730
0.235463 0.284761 -0.145597
0.235487 0.284314 -0.145464
0.235511 0.283865 -0.145331
0.235536 0.283413 -0.145198
0.235560 0.282960 -0.145064
0.235584 0.282505 -0.144930
0.235608 0.282048 -0.144796
0.235632 0.281589 -0.144661
0.235656 0.281128 -0.144526
0.235680 0.280666 -0.144391
0.235704 0.280201 -0.144255
0.235728 0.279734 -0.144119
0.235752 0.279266 -0.143983
0.235776 0.278795 -0.143846
0.235800 0.278323 -0.143710
0.235824 0.277849 -0.143573
0.235848 0.277373 -0.143435
0.235872 0.276895 -0.143297
0.235896 0.276415 -0.143159
0.235920 0.275933 -0.143021
0.235944 0.275449 -0.142882
0.235968 0.274963 -0.142743
0.235992 0.274475 -0.142604
0.236016 0.273986 -0.142465
0.236040 0.273494 -0.142325
0.236064 0.273001 -0.142185
0.236088 0.272505 -0.142044
0.236111 0.272008 -0.141904
0.236135 0.271509 -0.141763
0.236159 0.271008 -0.141621
0.236183 0.270505 -0.141480
0.236207 0.270000 -0.141338
0.236231 0.269493 -0.141195
0.236255 0.268984 -0.141053
0.236279 0.268473 -0.140910
0.236303 0.267961 -0.140767
0.236327 0.267446 -0.140623
0.236351 0.266930 -0.140480
0.236375 0.266411 -0.140336
0.236399 0.265891 -0.140191
0.236423 0.265368 -0.140047
0.236447 0.264844 -0.139902
0.236471 0.264318 -0.139756
0.236495 0.263790 -0.139611
0.236519 0.263260 -0.139465
0.236543 0.262728 -0.139319
0.236567 0.262194 -0.139172
0.236591 0.261659 -0.139026
0.236615 0.261121 -0.138879
0.236639 0.260581 -0.138731
0.236663 0.260040 -0.138584
0.236687 0.259497 -0.138436
0.236711 0.258951 -0.138288
0.236735 0.258404 -0.138139
0.236759 0.257855 -0.137990
0.236783 0.257304 -0.137841
0.236807 0.256750 -0.137692
0.236831 0.256195 -0.137542
0.236855 0.255639 -0.137392
0.236879 0.255080 -0.137242
0.236903 0.254519 -0.137091
0.236927 0.253956 -0.136940
0.236951 0.253392 -0.136789
0.236975 0.252825 -0.136638
0.236999 0.252257 -0.136486
0.237023 0.251686 -0.136334
0.237047 0.251114 -0.136182
0.237071 0.250540 -0.136029
0.237095 0.249963 -0.135876
0.237120 0.249385 -0.135723
0.237144 0.248805 -0.135569
0.237168 0.248223 -0.135415
0.237192 0.247639 -0.135261
0.237216 0.247054 -0.135107
0.237240 0.246466 -0.134952
0.237264 0.245876 -0.134797
0.237289 0.245285 -0.134642
0.237313 0.244691 -0.134486
0.237337 0.244096 -0.134330
0.237361 0.243498 -0.134174
0.237385 0.242899 -0.134018
0.237409 0.242298 -0.133861
0.237434 0.241694 -0.133704
0.237458 0.241089 -0.133547
0.237482 0.240482 -0.133389
0.237506 0.239873 -0.133231
0.237531 0.239262 -0.133073
0.237555 0.238649 -0.132915
0.237579 0.238035 -0.132756
0.237604 0.237418 -0.132597
0.237628 0.236799 -0.132437
0.237652 0.236179 -0.132278
0.237677 0.235556 -0.132118
0.237701 0.234932 -0.131957
0.237725 0.234305 -0.131797
0.237750 0.233677 -0.131636
0.237774 0.233047 -0.131475
0.237799 0.232415 -0.131314
0.237823 0.231781 -0.131152
0.237848 0.231145 -0.130990
0.237872 0.230507 -0.130828
0.237896 0.229867 -0.130665
0.237921 0.229225 -0.130502
0.237945 0.228581 -0.130339
0.237970 0.227935 -0.130176
0.237995 0.227288 -0.130012
0.238019 0.226638 -0.129848
0.238044 0.225987 -0.129684
0.238068 0.225333 -0.129519
0.238093 0.224678 -0.129355
0.238118 0.224021 -0.129189
0.238142 0.223361 -0.129024
0.238167 0.222700 -0.128858
0.238192 0.222037 -0.128692
0.238216 0.221372 -0.128526
0.238241 0.220705 -0.128359
0.238266 0.220036 -0.128193
0.238290 0.219365 -0.128026
0.238315 0.218692 -0.127858
0.238340 0.218018 -0.127690
0.238365 0.217341 -0.127522
0.238390 0.216662 -0.127354
0.238414 0.215982 -0.127186
0.238439 0.215299 -0.127017
0.238464 0.214615 -0.126848
0.238489 0.213928 -0.126678
0.238514 0.213240 -0.126509
0.238539 0.212550 -0.126339
0.238564 0.211858 -0.126168
0.238589 0.211164 -0.125998
0.238614 0.210468 -0.125827
0.238639 0.209770 -0.125656
0.238664 0.209070 -0.125484
0.238689 0.208368 -0.125313
0.238714 0.207664 -0.125141
0.238740 0.206958 -0.124969
0.238765 0.206250 -0.124796
0.238790 0.205541 -0.124623
0.238815 0.204829 -0.124450
0.238840 0.204116 -0.124277
0.238866 0.203400 -0.124103
0.238891 0.202683 -0.123929
0.238916 0.201964 -0.123755
0.238941 0.201242 -0.123581
0.238967 0.200519 -0.123406
0.238992 0.199794 -0.123231
0.239018 0.199067 -0.123055
0.239043 0.198338 -0.122880
0.239068 0.197607 -0.122704
0.239094 0.196874 -0.122528
0.239119 0.196139 -0.122351
0.239145 0.195402 -0.122175
0.239171 0.194663 -0.121998
0.239196 0.193923 -0.121820
0.239222 0.193180 -0.121643
0.239247 0.192435 -0.121465
0.239273 0.191689 -0.121287
0.239299 0.190940 -0.121108
0.239325 0.190190 -0.120930
0.239350 0.189438 -0.120751
0.239376 0.188683 -0.120572
0.239402 0.187927 -0.120392
0.239428 0.187169 -0.120212
0.239454 0.186409 -0.120032
0.239479 0.185647 -0.119852
0.239505 0.184883 -0.119671
0.239531 0.184117 -0.119490
0.239557 0.183349 -0.119309
0.239583 0.182579 -0.119128
0.239609 0.181807 -0.118946
0.239636 0.181033 -0.118764
0.239662 0.180258 -0.118582
0.239688 0.179480 -0.118399
0.239714 0.178700 -0.118216
0.239740 0.177919 -0.118033
0.239766 0.177135 -0.117850
0.239793 0.176350 -0.117666
0.239819 0.175563 -0.117482
0.239845 0.174773 -0.117298
0.239872 0.173982 -0.117114
0.239898 0.173189 -0.116929
0.239925 0.172394 -0.116744
0.239951 0.171597 -0.116559
0.239978 0.170797 -0.116373
0.240004 0.169996 -0.116187
0.240031 0.169193 -0.116001
0.240057 0.168389 -0.115815
0.240084 0.167582 -0.115628
0.240111 0.166773 -0.115441
0.240137 0.165962 -0.115254
0.240164 0.165149 -0.115066
0.240191 0.164335 -0.114879
0.240218 0.163518 -0.114691
0.240245 0.162700 -0.114502
0.240271 0.161879 -0.114314
0.240298 0.161057 -0.114125
0.240325 0.160232 -0.113936
0.240352 0.159406 -0.113746
0.240379 0.158578 -0.113557
0.240406 0.157747 -0.113367
0.240434 0.156915 -0.113177
0.240461 0.156081 -0.112986
0.240488 0.155245 -0.112795
0.240515 0.154407 -0.112604
0.240542 0.153567 -0.112413
0.240570 0.152725 -0.112221
0.240597 0.151881 -0.112030
0.240624 0.151035 -0.111838
0.240652 0.150187 -0.111645
0.240679 0.149337 -0.111453
0.240707 0.148486 -0.111260
0.240734 0.147632 -0.111067
0.240762 0.146776 -0.110873
0.240790 0.145919 -0.110679
0.240817 0.145059 -0.110485
0.240845 0.144198 -0.110291
0.240873 0.143334 -0.110097
0.240901 0.142469 -0.109902
0.240928 0.141601 -0.109707
0.240956 0.140732 -0.109512
0.240984 0.139861 -0.109316
0.241012 0.138988 -0.109120
0.241040 0.138112 -0.108924
0.241068 0.137235 -0.108728
0.241096 0.136356 -0.108531
0.241124 0.135475 -0.108334
0.241153 0.134592 -0.108137
0.241181 0.133707 -0.107939
0.241209 0.132820 -0.107742
0.241237 0.131931 -0.107544
0.241266 0.131040 -0.107346
0.241294 0.130148 -0.107147
0.241323 0.129253 -0.106948
0.241351 0.128356 -0.106749
0.241380 0.127458 -0.106550
0.241408 0.126557 -0.106350
0.241437 0.125654 -0.106151
0.241466 0.124750 -0.105950
0.241494 0.123843 -0.105750
0.241523 0.122935 -0.105549
0.241552 0.122025 -0.105349
0.241581 0.121112 -0.105147
0.241610 0.120198 -0.104946
0.241639 0.119282 -0.104744
0.241668 0.118363 -0.104542
0.241697 0.117443 -0.104340
0.241726 0.116521 -0.104138
0.241755 0.115597 -0.103935
0.241784 0.114671 -0.103732
0.241813 0.113743 -0.103529
0.241843 0.112813 -0.103325
0.241872 0.111881 -0.103122
0.241901 0.110947 -0.102917
0.241931 0.110011 -0.102713
0.241960 0.109073 -0.102509
0.241990 0.108133 -0.102304
0.242019 0.107192 -0.102099
0.242049 0.106248 -0.101893
0.242079 0.105302 -0.101688
0.242109 0.104355 -0.101482
0.242138 0.103405 -0.101276
0.242168 0.102453 -0.101069
0.242198 0.101500 -0.100863
0.242228 0.100544 -0.100656
0.242258 0.099587 -0.100449
0.242288 0.098627 -0.100241
0.242318 0.097666 -0.100034
0.242348 0.096703 -0.099826
0.242379 0.095737 -0.099617
0.242409 0.094770 -0.099409
0.242439 0.093801 -0.099200
0.242470 0.092830 -0.098991
0.242500 0.091857 -0.098782
0.242530 0.090881 -0.098573
0.242561 0.089904 -0.098363
0.242592 0.088925 -0.098153
0.242622 0.087944 -0.097943
0.242653 0.086961 -0.097732
0.242684 0.085976 -0.097521
0.242715 0.084989 -0.097310
0.242745 0.084000 -0.097099
0.242776 0.083010 -0.096887
0.242807 0.082017 -0.096676
0.242838 0.081022 -0.096464
0.242869 0.080025 -0.096251
0.242901 0.079027 -0.096039
0.242932 0.078026 -0.095826
0.242963 0.077023 -0.095613
0.242994 0.076019 -0.095400
0.243026 0.075012 -0.095186
0.243057 0.074004 -0.094972
0.243089 0.072993 -0.094758
0.243120 0.071981 -0.094544
0.243152 0.070966 -0.094329
0.243184 0.069950 -0.094114
0.243215 0.068931 -0.093899
0.243247 0.067911 -0.093684
0.243279 0.066889 -0.093468
0.243311 0.065864 -0.093252
0.243343 0.064838 -0.093036
0.243375 0.063810 -0.092820
0.243407 0.062780 -0.092603
0.243439 0.061747 -0.092386
0.243471 0.060713 -0.092169
0.243504 0.059677 -0.091952
0.243536 0.058639 -0.091734
0.243568 0.057599 -0.091516
0.243601 0.056557 -0.091298
0.243633 0.055513 -0.091080
0.243666 0.054467 -0.090861
0.243699 0.053419 -0.090642
0.243731 0.052369 -0.090423
0.243764 0.051317 -0.090203
0.243797 0.050264 -0.089984
0.243830 0.049208 -0.089764
0.243863 0.048150 -0.089544
0.243896 0.047090 -0.089323
0.243929 0.046029 -0.089103
0.243962 0.044965 -0.088882
0.243995 0.043899 -0.088661
0.244029 0.042832 -0.088439
0.244062 0.041762 -0.088217
0.244096 0.040690 -0.087996
0.244129 0.039617 -0.087773
0.244163 0.038541 -0.087551
0.244196 0.037464 -0.087328
0.244230 0.036384 -0.087105
0.244264 0.035303 -0.086882
0.244298 0.034219 -0.086659
0.244331 0.033134 -0.086435
0.244365 0.032047 -0.086211
0.244399 0.030957 -0.085987
0.244433 0.029866 -0.085763
0.244468 0.028773 -0.085538
0.244502 0.027677 -0.085313
0.244843 0.023760 -0.085119
0.244666 0.026238 -0.085289
0.244452 0.027677 -0.085104
0.244378 0.025084 -0.084062
0.244127 0.027677 -0.082565
0.244054 0.027677 -0.083336
0.250258 0.027625 -0.087671
0.250322 0.025935 -0.087197
0.244244 0.022606 -0.081910
0.221183 0.014337 -0.063288
0.201004 0.007135 -0.047034
0.183709 0.001000 -0.033148
0.169297 -0.004068 -0.021632
0.157771 -0.008068 -0.012485
0.149131 -0.011000 -0.005709
0.143378 -0.012863 -0.001303
0.140512 -0.013658 0.000730
0.140534 -0.013384 0.000391
0.143446 -0.012040 -0.002321
0.149248 -0.009627 -0.007407
0.157941 -0.006144 -0.014868
0.169525 -0.001591 -0.024704
0.184002 0.004033 -0.036916
0.201373 0.010728 -0.051504
0.221638 0.018493 -0.068470
0.244798 0.027331 -0.087814
0.279618 0.038784 -0.115239
0.310035 0.050044 -0.140237
0.336046 0.061109 -0.162808
0.357651 0.071980 -0.182949
0.374847 0.082657 -0.200661
0.387635 0.093139 -0.215943
0.396011 0.103428 -0.228795
0.399976 0.113521 -0.239214
0.399528 0.123421 -0.247202
0.394666 0.133126 -0.252757
0.385388 0.142636 -0.255878
0.371693 0.151951 -0.256565
0.353580 0.161072 -0.254816
0.331047 0.169998 -0.250632
0.304094 0.178729 -0.244012
0.272719 0.187266 -0.234955
0.236920 0.195607 -0.223460
0.196697 0.203754 -0.209526
0.152048 0.211705 -0.193153
0.102972 0.219461 -0.174341
0.025364 0.230721 -0.142342
-0.036596 0.238753 -0.116958
-0.082903 0.243557 -0.098191
-0.113553 0.245131 -0.086043
-0.109678 0.239447 -0.088418
-0.105848 0.233834 -0.090755
-0.102064 0.228293 -0.093055
-0.098324 0.222825 -0.095317
-0.094629 0.217429 -0.097541
-0.090979 0.212106 -0.099728
-0.087375 0.206854 -0.101876
-0.083815 0.201675 -0.103987
-0.080300 0.196569 -0.106060
-0.076831 0.191534 -0.108095
-0.073406 0.186572 -0.110093
-0.070027 0.181683 -0.112052
-0.066693 0.176866 -0.113974
-0.063404 0.172121 -0.115857
-0.060160 0.167449 -0.117703
-0.056962 0.162850 -0.119511
-0.053808 0.158322 -0.121281
-0.050700 0.153868 -0.123013
-0.047637 0.149486 -0.124707
-0.044619 0.145177 -0.126363
-0.041646 0.140940 -0.127982
-0.038719 0.136776 -0.129562
-0.035837 0.132684 -0.131104
-0.033000 0.128666 -0.132608
-0.030209 0.124720 -0.134075
-0.027462 0.120846 -0.135503
-0.024761 0.117046 -0.136893
-0.022106 0.113318 -0.138245
-0.019496 0.109663 -0.139560
-0.016931 0.106081 -0.140836
-0.014411 0.102571 -0.142074
-0.011937 0.099135 -0.143274
-0.009508 0.095771 -0.144436
-0.007125 0.092480 -0.145560
-0.004787 0.089263 -0.146645
-0.002494 0.086118 -0.147693
-0.000247 0.083046 -0.148702
0.001954 0.080047 -0.149674
0.004111 0.077121 -0.150607
0.006221 0.074268 -0.151502
0.008286 0.071488 -0.152359
0.010306 0.068782 -0.153178
0.012280 0.066148 -0.153958
0.014209 0.063587 -0.154700
0.016092 0.061100 -0.155404
0.017929 0.058686 -0.156070
0.019721 0.056345 -0.156698
0.021468 0.054077 -0.157287
0.023168 0.051882 -0.157838
0.024823 0.049761 -0.158351
0.026433 0.047713 -0.158826
0.027997 0.045738 -0.159262
0.029515 0.043837 -0.159660
0.030987 0.042009 -0.160020
0.032414 0.040254 -0.160341
0.033795 0.038572 -0.160624
0.035131 0.036965 -0.160869
0.036421 0.035430 -0.161075
0.037665 0.033969 -0.161243
0.038863 0.032581 -0.161372
0.040015 0.031267 -0.161464
0.041122 0.030026 -0.161516
0.042183 0.028859 -0.161531
0.043198 0.027766 -0.161507
0.044167 0.026746 -0.161444
0.045091 0.025800 -0.161343
0.045968 0.024927 -0.161204
0.046800 0.024128 -0.161026
0.047586 0.023402 -0.160810
0.048326 0.022751 -0.160555
0.049020 0.022173 -0.160262
0.049669 0.021668 -0.159930
0.050271 0.021238 -0.159560
0.050826 0.020885 -0.159010
0.051336 0.020603 -0.158541
0.051802 0.020391 -0.158151
0.052222 0.020251 -0.157842
0.052598 0.020181 -0.157613
0.052929 0.020182 -0.157465
0.053216 0.020254 -0.157397
0.053457 0.020398 -0.157409
0.053654 0.020612 -0.157502
0.053806 0.020897 -0.157674
0.053913 0.021253 -0.157928
0.053619 0.022948 -0.159575
0.053936 0.021253 -0.157928
0.053821 0.022948 -0.159572
0.054494 0.022948 -0.158554
0.055618 0.021610 -0.155716
0.054494 0.020872 -0.157638
0.056494 0.020645 -0.157387
0.053619 0.022948 -0.159244
0.054749 0.022948 -0.159355
0.053821 0.022948 -0.159225
0.054727 0.021253 -0.158938
0.054725 0.021253 -0.159355
0.054725 0.021610 -0.158938
0.055603 0.020872 -0.158077
0.054725 0.019909 -0.158796
0.053621 0.022948 -0.159355
0.054749 0.021149 -0.160676
0.054725 0.021149 -0.159244
0.054725 0.022855 -0.159276
0.055541 0.021149 -0.159483
0.054727 0.021242 -0.159144
0.054727 0.020779 -0.159223
0.054704 0.021242 -0.159144
0.056430 0.020031 -0.158376
0.056430 0.020779 -0.157765
0.055328 0.020779 -0.157765
0.055603 0.020779 -0.156596
0.054704 0.019583 -0.158390
0.053619 0.021149 -0.157897
0.054727 0.022855 -0.159483
0.053845 0.019156 -0.157897
0.054705 0.020872 -0.157818
0.054704 0.019909 -0.157897
0.054704 0.022948 -0.158909
0.054725 0.021149 -0.159326
0.054704 0.020779 -0.157818
0.054725 0.021840 -0.157897
0.054704 0.019909 -0.157897
0.055557 0.020031 -0.158661
0.055578 0.020098 -0.158452
0.055535 0.020191 -0.158276
0.055429 0.020311 -0.158133
0.055258 0.020458 -0.158021
0.055024 0.020631 -0.157943
0.054725 0.020831 -0.157897
0.053936 0.020872 -0.158054
0.053531 0.023041 -0.157818
0.053622 0.020872 -0.157897
0.053553 0.020872 -0.157818
0.053914 0.020966 -0.157897
0.053914 0.020779 -0.157818
0.053937 0.021149 -0.158313
0.053553 0.020872 -0.159066
0.053553 0.019531 -0.157897
0.053621 0.019862 -0.157818
0.053936 0.020872 -0.154625
0.053936 0.020872 -0.157818
0.053937 0.020831 -0.158891
0.053936 0.020872 -0.159066
0.053936 0.021149 -0.158891
0.053936 0.022855 -0.158313
0.053914 0.019063 -0.157897
0.053936 0.019909 -0.159066
0.054725 0.019862 -0.157897
0.054704 0.020966 -0.157511
0.054702 0.020831 -0.157897
0.054725 0.020966 -0.159001
0.053913 0.019531 -0.157897
0.054704 0.022855 -0.157897
0.053914 0.020966 -0.157897
0.054727 0.020872 -0.157818
0.053870 0.019063 -0.157897
0.053868 0.020779 -0.158891
0.053937 0.019063 -0.158891
0.053801 0.018801 -0.158891
0.053799 0.020765 -0.158864
0.053959 0.022027 -0.158796
0.054744 0.022027 -0.158938
0.054813 0.019955 -0.158708
0.055557 0.022027 -0.158231
0.054767 0.024099 -0.158241
0.054788 0.019955 -0.158307
0.054767 0.019955 -0.158661
0.055557 0.020966 -0.158708
0.054767 0.020966 -0.154727
0.054837 0.020966 -0.154249
0.053936 0.019955 -0.158826
0.055557 0.022027 -0.158672
0.139686 -0.031319 -0.067348
0.214859 -0.076866 0.013879
0.281074 -0.114610 0.085005
0.338326 -0.144551 0.146028
0.386615 -0.166684 0.196944
0.425938 -0.181009 0.237750
0.456291 -0.187522 0.268445
0.477672 -0.186222 0.289024
0.490079 -0.177106 0.299485
0.493509 -0.160172 0.299825
0.487959 -0.135417 0.290042
0.473427 -0.102840 0.270131
0.449910 -0.062438 0.240091
0.417406 -0.014209 0.199918
0.375912 0.041850 0.149609
0.325426 0.105741 0.089163
0.265944 0.177466 0.018575
0.197464 0.257027 -0.062158
0.026420 0.439461 -0.289252
0.006136 0.467743 -0.287508
-0.013354 0.494862 -0.285749
-0.032049 0.520821 -0.283975
-0.049950 0.545616 -0.282187
-0.067056 0.569250 -0.280383
-0.083367 0.591720 -0.278565
-0.098883 0.613028 -0.276732
-0.113604 0.633171 -0.274884
-0.127529 0.652151 -0.273021
-0.140657 0.669967 -0.271144
-0.152990 0.686618 -0.269252
-0.164527 0.702104 -0.267345
-0.175266 0.716425 -0.265423
-0.185209 0.729580 -0.263486
-0.194355 0.741569 -0.261535
-0.202704 0.752392 -0.259569
-0.210255 0.762048 -0.257587
-0.217008 0.770538 -0.255591
-0.222964 0.777860 -0.253581
-0.228121 0.784014 -0.251555
-0.232479 0.789000 -0.249515
-0.236039 0.792818 -0.247459
-0.238800 0.795468 -0.245389
-0.240762 0.796948 -0.243304
-0.241925 0.797259 -0.241204
-0.242288 0.796400 -0.239089
-0.241851 0.794371 -0.236960
-0.240614 0.791172 -0.234815
-0.238576 0.786802 -0.232656
-0.235739 0.781261 -0.230482
-0.232100 0.774548 -0.228293
-0.227660 0.766664 -0.226089
-0.222420 0.757607 -0.223870
-0.216377 0.747378 -0.221636
-0.209533 0.735977 -0.219387
-0.201887 0.723402 -0.217124
-0.193439 0.709654 -0.214845
-0.184189 0.694732 -0.212552
-0.174136 0.678635 -0.210244
-0.163280 0.661365 -0.207920
-0.151621 0.642919 -0.205582
-0.139159 0.623298 -0.203229
-0.125893 0.602502 -0.200861
-0.111823 0.580530 -0.198478
-0.096949 0.557381 -0.196080
-0.081272 0.533056 -0.193668
-0.064789 0.507554 -0.191240
-0.047502 0.480875 -0.188797
-0.029410 0.453019 -0.186339
-0.010513 0.423984 -0.183867
0.009189 0.393771 -0.181379
0.029698 0.362380 -0.178877
0.053317 0.325895 -0.176227
0.075822 0.291440 -0.173674
0.097213 0.259015 -0.171217
0.117489 0.228623 -0.168857
0.136650 0.200262 -0.166594
0.154696 0.173934 -0.164427
0.171626 0.149638 -0.162358
0.187441 0.127377 -0.160385
0.202139 0.107150 -0.158509
0.215720 0.088958 -0.156730
0.228185 0.072801 -0.155048
0.239532 0.058681 -0.153462
0.249762 0.046597 -0.151974
0.258874 0.036551 -0.150583
0.266868 0.028542 -0.149288
0.273743 0.022573 -0.148091
0.279499 0.018642 -0.146991
0.283553 0.019484 -0.146226
0.286973 0.020126 -0.145358
0.289760 0.020567 -0.144385
0.291913 0.020807 -0.143308
0.293433 0.020845 -0.142128
0.294319 0.020682 -0.140842
0.293742 0.019890 -0.139047
0.293221 0.019248 -0.137489
0.292758 0.018756 -0.136170
0.292351 0.018413 -0.135089
0.292001 0.018219 -0.134247
0.291708 0.018176 -0.133644
0.291472 0.018282 -0.133279
0.291292 0.018538 -0.133153
0.291170 0.018944 -0.133265
0.291104 0.019501 -0.133617
0.290669 0.022066 -0.135577
0.290584 0.020779 -0.134266
0.293168 0.022066 -0.135736
0.292193 0.020358 -0.135498
0.293363 0.020128 -0.135736
0.290316 0.020779 -0.143256
0.291390 0.020740 -0.140510
0.292227 0.020706 -0.138452
0.292828 0.020675 -0.137082
0.293192 0.020647 -0.136402
0.293241 0.019121 -0.136322
0.293607 0.022066 -0.142095
0.292851 0.022066 -0.140035
0.290316 0.022066 -0.134029
0.290597 0.020779 -0.137727
0.290709 0.020779 -0.135153
0.291791 0.020779 -0.135214
0.290380 0.019121 -0.144454
0.291506 0.019491 -0.145275
0.289859 0.019395 -0.144071
0.292015 0.020779 -0.139101
0.291196 0.022791 -0.135325
0.290536 0.022066 -0.142265
0.291365 0.022066 -0.142360
0.294319 0.022066 -0.140215
0.290661 0.022066 -0.139960
0.288691 0.019321 -0.146474
0.287922 0.018043 -0.149371
0.290661 0.021970 -0.139769
0.294663 0.022162 -0.139802
0.293583 0.024075 -0.133269
0.291083 0.024075 -0.134341
0.290116 0.022791 -0.135246
0.290134 0.020779 -0.142152
0.290051 0.020781 -0.143422
0.290164 0.020875 -0.143175
0.291162 0.022162 -0.134187
0.291138 0.020779 -0.136470
0.291966 0.022066 -0.134995
0.292646 0.020779 -0.137132
0.291340 0.020779 -0.135491
0.291437 0.020779 -0.136974
0.289453 0.018453 -0.144655
0.290660 0.019622 -0.141848
0.290693 0.020779 -0.135657
0.291023 0.020779 -0.135246
0.294119 0.019263 -0.137758
0.291991 0.020358 -0.137955
0.290316 0.020779 -0.139960
0.290292 0.019121 -0.142103
0.291453 0.022066 -0.132461
0.291425 0.022066 -0.135491
0.290987 0.022066 -0.135581
0.292827 0.022468 -0.135897
0.290999 0.019263 -0.140283
0.293169 0.019263 -0.142093
0.293758 0.020800 -0.139874
0.293356 0.020454 -0.134266
0.292247 0.022162 -0.139389
0.293217 0.022066 -0.140716
0.292368 0.020779 -0.135153
0.290938 0.018766 -0.134766
0.291437 0.020454 -0.139547
0.291815 0.022066 -0.134076
0.290589 0.020682 -0.137226
0.293169 0.018782 -0.140114
0.293169 0.021377 -0.136063
0.281528 0.083982 -0.172036
0.270673 0.139659 -0.206101
0.260603 0.188405 -0.238255
0.251319 0.230218 -0.268501
0.242820 0.265096 -0.296835
0.235108 0.293036 -0.323259
0.228182 0.314037 -0.347771
0.222042 0.328098 -0.370371
0.216690 0.335215 -0.391058
0.212124 0.335386 -0.409832
0.208346 0.328611 -0.426693
0.205355 0.314886 -0.441639
0.203152 0.294209 -0.454670
0.198538 0.212451 -0.484936
0.203199 0.214279 -0.470193
0.206464 0.215693 -0.460105
0.206735 0.217277 -0.459734
0.207382 0.216536 -0.460792
0.206868 0.216536 -0.461166
0.206479 0.216536 -0.460748
0.206479 0.216214 -0.460756
0.206741 0.214539 -0.459858
0.206528 0.215756 -0.460211
0.206837 0.215693 -0.460211
0.206496 0.215693 -0.460200
0.207216 0.215693 -0.460228
0.206778 0.215756 -0.460486
0.206528 0.215693 -0.460200
0.206735 0.215693 -0.460149
0.206996 0.216536 -0.460449
0.207173 0.216536 -0.460449
0.207043 0.215693 -0.460200
0.207354 0.215693 -0.460447
0.206485 0.215756 -0.460029
0.207401 0.215693 -0.460211
0.207027 0.215693 -0.460200
0.206935 0.216536 -0.460426
0.207544 0.215756 -0.460845
0.207369 0.215693 -0.460211
0.206544 0.216536 -0.461166
0.207123 0.216536 -0.460748
0.206751 0.216536 -0.460664
0.201988 0.217957 -0.449082
0.197304 0.219335 -0.437747
0.192700 0.220668 -0.426658
0.188175 0.221958 -0.415815
0.183729 0.223203 -0.405220
0.179362 0.224404 -0.394871
0.175074 0.225562 -0.384768
0.170866 0.226675 -0.374913
0.166737 0.227744 -0.365305
0.162687 0.228769 -0.355944
0.158717 0.229751 -0.346830
0.154826 0.230687 -0.337963
0.151014 0.231580 -0.329343
0.147282 0.232429 -0.320971
0.143629 0.233234 -0.312846
0.140056 0.233994 -0.304969
0.136562 0.234710 -0.297339
0.133147 0.235382 -0.289957
0.129812 0.236010 -0.282822
0.126557 0.236594 -0.275935
0.123381 0.237133 -0.269297
0.120285 0.237628 -0.262906
0.117269 0.238079 -0.256762
0.114332 0.238486 -0.250867
0.111475 0.238848 -0.245221
0.108697 0.239166 -0.239822
0.105999 0.239440 -0.234672
0.103381 0.239669 -0.229769
0.100843 0.239854 -0.225116
0.098385 0.239995 -0.220711
0.096006 0.240091 -0.216554
0.093707 0.240144 -0.212646
0.091488 0.240151 -0.208987
0.089349 0.240115 -0.205576
0.087290 0.240033 -0.202414
0.085310 0.239908 -0.199502
0.083411 0.239738 -0.196838
0.081591 0.239523 -0.194423
0.079852 0.239265 -0.192258
0.078193 0.238961 -0.190341
0.076613 0.238613 -0.188674
0.075114 0.238221 -0.187256
0.073695 0.237784 -0.186088
0.072356 0.237303 -0.185169
0.071097 0.236777 -0.184500
0.069918 0.236207 -0.184080
0.068819 0.235592 -0.183910
0.067801 0.234932 -0.183990
0.066863 0.234228 -0.184319
0.066005 0.233480 -0.184899
0.065227 0.232686 -0.185728
0.064530 0.231848 -0.186808
0.063913 0.230966 -0.188138
0.063376 0.230039 -0.189718
0.062920 0.229067 -0.191548
0.062544 0.228050 -0.193628
0.062249 0.226989 -0.195959
0.062034 0.225883 -0.198541
0.061899 0.224732 -0.201373
0.061845 0.223537 -0.204455
0.061871 0.222297 -0.207789
0.061978 0.221012 -0.211373
0.062166 0.219683 -0.215208
0.062929 0.217448 -0.222136
0.063360 0.215874 -0.226919
0.059604 0.218352 -0.221672
0.063728 0.211929 -0.235063
0.067256 0.211929 -0.235871
0.066681 0.215222 -0.227143
0.066119 0.217625 -0.220821
0.065570 0.219137 -0.216907
0.065034 0.219759 -0.215402
0.063934 0.216892 -0.223006
0.063327 0.215264 -0.227373
0.064042 0.215874 -0.226589
0.064632 0.218313 -0.219639
0.064970 0.220022 -0.214888
0.064241 0.220709 -0.214777
0.064371 0.218922 -0.215079
0.065054 0.220507 -0.215485
0.064985 0.220507 -0.215723
0.064304 0.220507 -0.215463
0.065058 0.220507 -0.214051
0.064400 0.220022 -0.214933
0.064337 0.221638 -0.214375
0.065423 0.220709 -0.214888
0.065045 0.220385 -0.212549
0.054358 0.222834 -0.215789
0.056867 0.224464 -0.216760
0.072577 0.225275 -0.215460
0.167003 0.222612 -0.221180
0.183201 0.222380 -0.143948
0.166819 0.223858 -0.220391
0.167636 0.227020 -0.220495
0.167966 0.220245 -0.219052
0.167041 0.225376 -0.221020
0.166910 0.222237 -0.220779
0.166910 0.224183 -0.221398
0.167028 0.224081 -0.221221
0.167097 0.224081 -0.221056
0.167118 0.224183 -0.220905
0.166971 0.224902 -0.220818
0.166875 0.225300 -0.220701
0.166869 0.224893 -0.220439
0.166879 0.224559 -0.220241
0.166905 0.224296 -0.220107
0.166946 0.224105 -0.220037
0.166873 0.224247 -0.219928
0.166924 0.224247 -0.219970
0.167099 0.224105 -0.220165
0.167326 0.222087 -0.220357
0.167738 0.221349 -0.220831
0.166987 0.222237 -0.220356
