0.331433 0.188484 -0.464929
0.332205 0.186766 -0.464575
0.331871 0.186295 -0.463464
0.332345 0.185590 -0.463955
0.332799 0.186011 -0.464684
0.332137 0.185792 -0.465000
0.331869 0.186420 -0.464085
0.331821 0.185344 -0.464495
0.332855 0.185638 -0.464070
0.333619 0.186144 -0.464104
0.333224 0.186517 -0.464250
0.333247 0.186464 -0.464190
0.333746 0.184859 -0.464053
0.333585 0.184771 -0.463615
0.332601 0.184680 -0.463489
0.332329 0.185791 -0.463190
0.333545 0.185211 -0.463481
0.333322 0.185664 -0.463453
0.333031 0.186052 -0.463662
0.333559 0.185005 -0.464052
0.332328 0.184576 -0.464448
0.332580 0.185127 -0.464303
0.332851 0.184563 -0.464014
0.333256 0.184830 -0.463811
0.333039 0.184823 -0.464100
0.332064 0.184991 -0.464335
0.331527 0.185167 -0.464382
0.332288 0.184856 -0.464327
0.332652 0.185434 -0.464834
0.332359 0.186126 -0.464976
0.332545 0.185835 -0.465344
0.332741 0.186247 -0.464788
0.332438 0.186046 -0.464695
0.332670 0.186381 -0.464973
0.332502 0.186139 -0.464635
0.332502 0.185576 -0.463881
0.332603 0.185146 -0.464727
0.331765 0.185351 -0.464350
0.331859 0.185817 -0.464863
0.332480 0.186228 -0.464996
0.332825 0.186434 -0.465345
0.332134 0.186546 -0.464900
0.332320 0.186638 -0.463945
0.331947 0.187088 -0.464795
0.332045 0.187065 -0.464743
0.332294 0.188151 -0.464709
0.332169 0.187617 -0.465252
0.331580 0.187657 -0.465302
0.332051 0.188114 -0.464793
0.332316 0.186937 -0.464622
0.332044 0.187174 -0.463992
0.332364 0.187483 -0.463809
0.332753 0.188284 -0.464636
0.332268 0.187752 -0.464224
0.332210 0.187987 -0.464068
0.332854 0.187077 -0.464418
0.332542 0.186701 -0.464280
0.332277 0.186963 -0.464816
0.332212 0.186659 -0.464899
0.331347 0.186776 -0.464993
0.331934 0.188076 -0.464571
0.331908 0.187513 -0.464789
0.331965 0.187306 -0.464946
0.332014 0.187132 -0.464637
0.332673 0.186605 -0.464944
0.332600 0.186325 -0.464434
0.331356 0.185679 -0.464465
0.332092 0.186371 -0.464471
0.331699 0.186840 -0.464844
0.332037 0.186338 -0.464589
0.332355 0.187669 -0.464371
0.331864 0.186397 -0.464633
0.332563 0.187818 -0.464725
0.332525 0.186865 -0.464414
0.331687 0.186489 -0.464862
0.332132 0.186491 -0.465418
0.331992 0.186811 -0.465251
0.331709 0.186040 -0.464969
0.331543 0.186258 -0.465030
0.331800 0.186031 -0.464762
0.331727 0.186289 -0.464995
0.331409 0.186200 -0.465052
0.332386 0.187025 -0.465041
0.331443 0.187251 -0.465258
0.331995 0.187286 -0.464620
0.331522 0.187246 -0.464605
0.330832 0.187057 -0.464648
0.331234 0.186244 -0.464761
0.331941 0.187138 -0.464694
0.331302 0.187804 -0.464463
0.331324 0.187487 -0.464640
0.331721 0.187293 -0.464420
0.332301 0.187181 -0.464604
0.331948 0.186977 -0.465364
0.331626 0.187802 -0.464701
0.331566 0.186615 -0.464658
0.331180 0.186012 -0.465185
0.331626 0.186808 -0.465357
0.332705 0.186652 -0.464799
0.331308 0.187086 -0.464615
0.331379 0.186916 -0.465212
0.331292 0.185867 -0.465274
0.331165 0.186255 -0.465520
0.331662 0.186485 -0.465346
0.331555 0.186500 -0.465053
0.331294 0.186478 -0.464624
0.331299 0.186434 -0.464731
0.331711 0.186288 -0.464993
0.331714 0.187943 -0.465266
0.331825 0.187321 -0.465290
0.331984 0.186519 -0.465304
0.331120 0.185925 -0.465339
0.331458 0.186527 -0.464873
0.331839 0.187468 -0.464641
0.332099 0.186611 -0.464740
0.331764 0.186037 -0.464588
0.331419 0.186948 -0.464118
0.331501 0.187233 -0.464263
0.331686 0.187391 -0.464400
0.331617 0.188095 -0.464790
0.331044 0.186964 -0.464245
0.331635 0.186857 -0.463996
0.331665 0.186177 -0.463852
0.331714 0.188383 -0.463841
0.331855 0.187299 -0.464896
0.331851 0.186060 -0.464721
0.331720 0.186314 -0.465154
0.331467 0.186768 -0.464601
0.331739 0.187727 -0.464161
0.331871 0.187532 -0.464792
0.331071 0.187359 -0.464579
0.331394 0.187218 -0.465094
0.331444 0.187017 -0.465111
0.331029 0.186525 -0.464369
0.331770 0.188227 -0.464542
0.332373 0.188504 -0.464470
0.332300 0.187749 -0.464940
0.332145 0.188124 -0.464388
0.331578 0.188419 -0.465097
0.331791 0.187798 -0.464021
0.331824 0.186877 -0.463678
0.331595 0.187173 -0.464288
0.331080 0.187232 -0.464568
0.331283 0.187152 -0.464161
0.331161 0.186656 -0.464339
0.331353 0.186669 -0.464931
0.331308 0.187214 -0.465003
0.331254 0.187358 -0.464998
0.331714 0.187140 -0.464977
0.331945 0.186625 -0.465065
0.331340 0.186634 -0.464944
0.331143 0.187478 -0.464926
0.331153 0.188633 -0.464965
0.331249 0.187049 -0.465450
0.331545 0.187118 -0.465338
0.331604 0.186773 -0.464844
0.331494 0.186999 -0.464906
0.331562 0.186738 -0.465390
0.331460 0.187170 -0.465552
0.332058 0.187523 -0.465217
0.331479 0.188267 -0.465213
0.331045 0.187730 -0.464725
0.331194 0.188298 -0.465340
0.331636 0.188658 -0.465115
0.332731 0.188550 -0.465356
0.331310 0.187893 -0.464833
0.331070 0.188661 -0.464848
0.331027 0.188978 -0.464947
0.330801 0.187484 -0.464781
0.331144 0.187306 -0.464514
0.331308 0.187623 -0.464786
0.331386 0.188497 -0.464661
0.331569 0.188524 -0.464965
0.331400 0.187812 -0.465375
0.331362 0.188375 -0.465517
0.331246 0.187960 -0.465565
0.331651 0.187631 -0.465540
0.331664 0.188114 -0.465023
0.331370 0.186975 -0.465263
0.331496 0.187134 -0.465392
0.331188 0.187029 -0.464793
0.331862 0.186237 -0.464520
0.331751 0.186737 -0.465064
0.331765 0.185913 -0.464929
0.331557 0.185873 -0.464044
0.331813 0.186519 -0.464205
0.331758 0.187043 -0.464280
0.331586 0.186869 -0.464271
0.332311 0.187428 -0.464852
0.332096 0.188220 -0.465331
0.331852 0.187348 -0.464886
0.331563 0.186449 -0.464858
0.331886 0.186363 -0.463899
0.331883 0.188163 -0.464124
0.331818 0.188310 -0.464035
0.331599 0.187577 -0.463702
0.331656 0.187306 -0.464313
0.331614 0.186832 -0.465554
0.332613 0.187098 -0.464938
0.331989 0.187028 -0.464796
0.331844 0.186891 -0.464516
0.331410 0.186650 -0.464517
0.331761 0.187100 -0.462753
0.332487 0.187148 -0.463244
0.332101 0.186753 -0.464894
0.332047 0.187542 -0.464292
0.332376 0.186409 -0.464788
0.332218 0.186457 -0.464695
0.332682 0.186456 -0.464876
0.332484 0.185810 -0.465182
0.332524 0.185872 -0.465485
0.331926 0.186348 -0.465169
0.331197 0.186896 -0.464920
0.331626 0.186389 -0.464058
0.332040 0.186300 -0.464337
0.332312 0.185736 -0.464474
0.332327 0.185544 -0.464442
0.332637 0.185659 -0.465098
0.332876 0.186272 -0.464347
0.332275 0.186488 -0.464372
0.331477 0.187268 -0.464178
0.331589 0.188425 -0.463912
0.331418 0.188217 -0.463537
0.331517 0.186380 -0.464120
0.331436 0.186764 -0.463952
0.331259 0.186367 -0.464421
0.331364 0.187727 -0.463913
0.331006 0.186575 -0.464660
0.331076 0.187075 -0.463872
0.331491 0.187302 -0.464425
0.332184 0.187624 -0.463138
0.335795 0.188356 -0.458044
0.346927 0.186780 -0.438063
0.335567 0.186382 -0.458553
0.331781 0.186029 -0.465236
0.331458 0.185459 -0.466321
0.331290 0.184949 -0.466588
0.331788 0.185126 -0.466436
0.331570 0.185233 -0.466170
0.331253 0.185927 -0.466102
0.331194 0.185688 -0.466263
0.331465 0.185964 -0.466337
0.331298 0.185508 -0.466374
0.331133 0.185029 -0.466266
0.331232 0.185075 -0.466226
0.331495 0.184801 -0.466162
0.331069 0.184755 -0.466149
0.331099 0.185344 -0.466285
0.331355 0.184916 -0.466066
0.331240 0.184919 -0.466082
0.331646 0.185375 -0.465959
0.331397 0.185446 -0.466048
0.331631 0.184968 -0.466165
0.331542 0.184827 -0.466135
0.331502 0.184850 -0.465909
0.331835 0.185206 -0.465941
0.331625 0.185447 -0.466162
0.331419 0.185441 -0.465958
0.331791 0.185076 -0.466065
0.331896 0.185260 -0.466026
0.331716 0.184906 -0.465873
0.331661 0.184943 -0.466031
0.331513 0.184946 -0.466223
0.331396 0.185242 -0.466186
0.331399 0.184932 -0.466266
0.331535 0.185086 -0.466199
0.331849 0.185410 -0.466428
0.331703 0.185463 -0.466459
0.331261 0.185327 -0.466626
0.331374 0.184862 -0.466560
0.331788 0.185435 -0.465138
0.335051 0.185755 -0.457641
0.346226 0.186642 -0.431504
0.336695 0.186544 -0.455960
0.332698 0.186085 -0.464096
0.331399 0.187861 -0.465866
0.331598 0.185929 -0.466057
0.332061 0.185526 -0.464082
0.335086 0.185522 -0.456167
0.346893 0.185562 -0.429590
0.339051 0.185119 -0.447597
0.348044 0.184992 -0.429926
0.335949 0.184753 -0.456706
0.332529 0.185255 -0.463953
0.332148 0.185049 -0.464383
0.334759 0.185105 -0.457152
0.345380 0.185208 -0.432213
0.335594 0.185232 -0.455531
0.336467 0.185516 -0.453120
0.349431 0.185155 -0.422774
0.349103 0.185135 -0.422954
0.335732 0.184913 -0.455457
0.332282 0.185116 -0.464297
0.331390 0.185076 -0.465278
0.332178 0.185100 -0.464417
0.332716 0.185881 -0.463283
0.336320 0.185553 -0.456368
0.346967 0.186431 -0.431442
0.335801 0.188034 -0.456755
0.332206 0.186177 -0.464237
0.331191 0.185572 -0.465329
0.330958 0.186394 -0.464622
0.331313 0.186700 -0.465118
0.331712 0.186761 -0.465207
0.331996 0.186756 -0.464795
0.331329 0.186763 -0.464586
0.331167 0.186834 -0.465210
0.331413 0.188240 -0.464783
0.331344 0.187097 -0.465399
0.331602 0.186702 -0.465059
0.331579 0.186148 -0.465389
0.331865 0.185791 -0.464976
0.331928 0.186371 -0.464820
0.331898 0.186597 -0.464607
0.331276 0.186307 -0.464903
0.331027 0.186985 -0.464441
0.331549 0.186226 -0.464683
0.331225 0.185815 -0.464807
0.332323 0.186781 -0.464350
0.331384 0.187962 -0.464605
0.331068 0.188145 -0.464582
0.331727 0.187337 -0.464337
0.331582 0.187120 -0.464625
0.331294 0.188555 -0.464637
0.331027 0.188239 -0.464300
0.331496 0.187146 -0.464303
0.331252 0.186692 -0.465049
0.331303 0.187931 -0.465335
0.331275 0.187904 -0.464965
0.331115 0.186475 -0.465225
0.330958 0.186166 -0.464983
0.331466 0.187297 -0.465173
0.331966 0.186046 -0.464622
0.332188 0.186635 -0.464911
0.332062 0.186661 -0.464686
0.331292 0.186032 -0.464787
0.331462 0.187373 -0.464417
0.331067 0.186344 -0.464155
0.331248 0.186080 -0.464134
0.331721 0.185925 -0.464764
0.331705 0.185886 -0.464635
0.331895 0.185460 -0.464606
0.331818 0.185494 -0.464835
0.331557 0.185939 -0.465246
0.331644 0.186510 -0.465155
0.330876 0.186324 -0.463957
0.330971 0.185548 -0.464117
0.330702 0.185965 -0.464134
0.330865 0.186194 -0.464363
0.331069 0.186079 -0.464175
0.331198 0.185964 -0.464275
0.331546 0.187586 -0.464402
0.332194 0.186997 -0.464354
0.332124 0.187035 -0.464570
0.331616 0.186332 -0.464050
0.331785 0.186451 -0.463716
0.332223 0.187552 -0.464118
0.332139 0.186455 -0.464666
0.332881 0.187998 -0.464984
0.331727 0.187989 -0.464978
0.331584 0.186800 -0.464595
0.331779 0.186854 -0.464968
0.331479 0.187907 -0.464525
0.331157 0.187381 -0.464282
0.331231 0.186040 -0.464234
0.331568 0.186056 -0.464118
0.331240 0.185141 -0.464217
0.331526 0.186458 -0.464368
0.332485 0.186633 -0.464320
0.331968 0.186630 -0.464607
0.331300 0.185865 -0.465054
0.331306 0.187190 -0.464712
0.331065 0.186256 -0.464832
0.331215 0.185980 -0.464222
0.330988 0.187563 -0.464904
0.330960 0.187251 -0.464949
0.331215 0.186445 -0.464984
0.331157 0.186368 -0.464731
0.330996 0.187538 -0.464154
0.331163 0.186515 -0.464104
0.331128 0.185963 -0.464113
0.331789 0.185939 -0.463824
0.331927 0.186409 -0.464324
0.331928 0.187599 -0.463733
0.331734 0.186637 -0.463786
0.331453 0.186308 -0.464792
0.330899 0.185733 -0.465241
0.331172 0.186257 -0.464893
0.330951 0.186223 -0.464916
0.331325 0.185934 -0.464722
0.331673 0.185802 -0.464585
0.331793 0.185341 -0.463961
0.332514 0.185669 -0.464460
0.331706 0.187158 -0.464615
0.330870 0.187892 -0.464472
0.331027 0.186840 -0.464790
0.331519 0.185898 -0.464755
0.331584 0.187141 -0.464697
0.332675 0.187300 -0.464390
0.331878 0.186784 -0.464401
0.331490 0.187722 -0.464659
0.331005 0.187009 -0.463818
0.330950 0.188044 -0.463545
0.331437 0.187839 -0.464698
0.331359 0.186129 -0.464811
0.331787 0.186012 -0.464309
0.331453 0.187456 -0.463939
0.331517 0.186553 -0.464415
0.332030 0.185742 -0.464568
0.331907 0.186646 -0.464739
0.331111 0.186895 -0.464522
0.331452 0.186859 -0.464543
0.331377 0.186992 -0.464733
0.331250 0.186951 -0.464567
0.331241 0.185661 -0.464759
0.331459 0.185284 -0.464824
0.331309 0.186054 -0.465218
0.331074 0.186993 -0.464553
0.331106 0.187650 -0.464021
0.331271 0.186206 -0.464878
0.331763 0.186047 -0.464228
0.332070 0.185983 -0.464833
0.332381 0.185639 -0.464941
0.331762 0.186084 -0.464893
0.331743 0.186388 -0.464528
0.331854 0.185085 -0.464479
0.331206 0.185360 -0.464395
0.330758 0.186373 -0.464437
0.330969 0.186249 -0.464600
0.331357 0.185338 -0.464808
0.331463 0.185627 -0.464602
0.332064 0.185239 -0.465000
0.331238 0.185246 -0.465055
0.331576 0.185362 -0.465036
0.331413 0.185737 -0.464862
0.331348 0.185293 -0.464731
0.331355 0.185400 -0.464978
0.331411 0.185977 -0.464823
0.331350 0.186302 -0.464726
0.331828 0.186368 -0.464867
0.331510 0.186056 -0.463829
0.330988 0.185734 -0.464340
0.331536 0.186559 -0.464458
0.330612 0.185844 -0.464764
0.330307 0.186295 -0.464780
0.331655 0.186174 -0.464565
0.331511 0.186259 -0.464343
0.331460 0.185504 -0.464448
0.331355 0.185266 -0.465197
0.331151 0.185603 -0.464535
0.331262 0.186086 -0.464508
0.331735 0.185853 -0.464825
0.332250 0.186525 -0.465476
0.331759 0.187096 -0.465246
0.331200 0.186789 -0.464777
0.331905 0.186776 -0.464350
0.331654 0.185505 -0.464453
0.331613 0.185420 -0.464830
0.331688 0.186270 -0.465437
0.331864 0.186218 -0.465439
0.331257 0.185438 -0.465175
0.331666 0.185577 -0.464184
0.331392 0.185891 -0.464534
0.331665 0.186224 -0.464139
0.331582 0.186337 -0.463987
0.331361 0.185845 -0.464210
0.331904 0.185918 -0.464145
0.332041 0.185440 -0.463721
0.331516 0.185493 -0.464358
0.331719 0.185881 -0.464613
0.331844 0.185915 -0.464286
0.331944 0.185586 -0.464633
0.332286 0.186334 -0.464828
0.332374 0.186629 -0.464610
0.333720 0.186946 -0.464510
0.331930 0.186353 -0.464619
0.332146 0.186234 -0.465055
0.333940 0.187535 -0.465282
0.332637 0.186559 -0.464787
0.331904 0.186744 -0.464564
0.332268 0.186581 -0.464301
0.332150 0.186428 -0.464147
0.331809 0.185971 -0.463823
0.331504 0.185433 -0.464139
0.331552 0.185949 -0.464531
0.331678 0.186481 -0.464755
0.332156 0.188068 -0.465165
0.331969 0.188360 -0.465084
0.332314 0.186194 -0.465178
0.331544 0.186096 -0.465254
0.331804 0.186231 -0.465409
0.332397 0.185657 -0.465473
0.333117 0.185343 -0.465139
0.332113 0.185439 -0.465197
0.331898 0.185940 -0.464559
0.331992 0.186105 -0.464753
0.331595 0.186252 -0.464457
0.331921 0.186444 -0.464354
0.331660 0.186344 -0.464148
0.331650 0.186435 -0.464127
0.331619 0.186068 -0.464362
0.331970 0.185664 -0.464642
0.332098 0.186572 -0.464916
0.332175 0.186584 -0.464810
0.331373 0.186741 -0.464840
0.331576 0.186802 -0.465038
0.331919 0.186513 -0.465184
0.331497 0.186142 -0.465072
0.331321 0.186146 -0.464899
0.330942 0.186451 -0.464266
0.330529 0.185845 -0.464430
0.330982 0.186058 -0.464230
0.330817 0.186335 -0.464450
0.330935 0.185559 -0.464494
0.331533 0.185629 -0.464336
0.331645 0.186399 -0.464528
0.331848 0.186337 -0.464939
0.331582 0.186675 -0.464481
0.331861 0.186632 -0.464654
0.331779 0.187907 -0.464445
0.331974 0.188142 -0.465061
0.332115 0.187326 -0.465102
0.331929 0.187243 -0.464589
0.331352 0.186872 -0.464915
0.331410 0.186649 -0.464394
0.331551 0.186248 -0.464366
0.331894 0.186098 -0.464727
0.331791 0.185978 -0.464659
0.332344 0.185583 -0.464843
0.331663 0.185200 -0.464592
0.331220 0.185293 -0.464023
0.331193 0.186325 -0.464351
0.332392 0.186418 -0.464598
0.332446 0.187715 -0.464598
0.331418 0.187084 -0.464561
0.331447 0.186249 -0.464620
0.331616 0.186097 -0.464057
0.331323 0.186363 -0.463229
0.331656 0.186661 -0.464073
0.331510 0.186800 -0.464668
0.331442 0.188102 -0.464542
0.332097 0.186491 -0.464874
0.331572 0.185680 -0.464524
0.331709 0.186488 -0.463451
0.331630 0.187007 -0.464082
0.330893 0.187964 -0.464347
0.331300 0.187601 -0.463767
0.331343 0.187024 -0.463779
0.330612 0.186603 -0.464761
0.330444 0.185460 -0.464633
0.331085 0.185885 -0.465236
0.331328 0.186392 -0.465104
0.331440 0.186416 -0.464953
0.331223 0.187057 -0.464597
0.331314 0.186382 -0.464491
0.331812 0.186069 -0.464585
0.331523 0.186054 -0.465088
0.331599 0.186354 -0.464890
0.331804 0.187541 -0.464551
0.331314 0.186440 -0.464927
0.331198 0.186720 -0.464940
0.330691 0.187479 -0.464271
0.330582 0.187158 -0.464229
0.331090 0.186184 -0.464544
0.331902 0.186119 -0.464462
0.331774 0.186729 -0.464505
0.332249 0.187640 -0.464316
0.331309 0.186323 -0.464250
0.331759 0.186141 -0.464460
0.331692 0.185319 -0.464040
0.331190 0.185356 -0.464057
0.330645 0.185969 -0.464037
0.330430 0.185991 -0.463904
0.331142 0.185497 -0.464462
0.331640 0.186166 -0.464434
0.331383 0.187509 -0.464898
0.331044 0.186660 -0.465172
0.330774 0.185790 -0.464762
0.330641 0.185190 -0.464625
0.331646 0.185604 -0.464632
0.331651 0.186496 -0.464962
0.331269 0.186694 -0.464945
0.331608 0.186977 -0.465070
0.331018 0.186231 -0.464719
0.331622 0.186378 -0.464994
0.331658 0.186977 -0.464407
0.331730 0.186617 -0.464427
0.332141 0.187255 -0.464385
0.332200 0.185723 -0.463811
0.331982 0.185799 -0.464134
0.331890 0.186115 -0.464393
0.332019 0.187094 -0.464562
0.331555 0.186692 -0.464669
0.331453 0.187044 -0.464739
0.332230 0.186269 -0.464226
0.331167 0.185865 -0.464161
0.331433 0.186788 -0.464659
0.331192 0.185566 -0.464995
0.331479 0.185456 -0.465210
0.331281 0.186069 -0.464903
0.331306 0.186168 -0.464837
0.331272 0.186158 -0.464499
0.331040 0.185897 -0.464795
0.331543 0.185657 -0.464973
0.331707 0.185786 -0.464892
0.331740 0.185369 -0.464678
0.331795 0.185907 -0.464453
0.331501 0.185672 -0.464822
0.331274 0.186128 -0.465019
0.331745 0.186419 -0.464518
0.332313 0.186908 -0.464927
0.332029 0.185521 -0.465027
0.331425 0.185510 -0.464618
0.330802 0.186159 -0.464475
0.331352 0.186383 -0.464800
0.331604 0.186258 -0.464862
0.331493 0.186134 -0.464939
0.331231 0.185981 -0.464864
0.331076 0.186105 -0.464708
0.330893 0.186150 -0.464746
0.331468 0.186482 -0.464872
0.331541 0.185677 -0.464707
0.331741 0.185863 -0.464549
0.331895 0.185507 -0.464425
0.331530 0.185467 -0.465058
0.332161 0.186828 -0.465917
0.332387 0.199191 -0.467663
0.329650 0.244502 -0.472463
0.316023 0.228076 -0.472839
0.289417 0.308938 -0.448074
0.230157 0.417591 -0.349820
0.181039 0.388000 -0.284860
0.137371 0.320720 -0.231309
0.103644 0.246826 -0.193274
0.089627 0.222085 -0.184220
0.086884 0.217981 -0.179875
0.090377 0.224472 -0.181963
0.095593 0.233304 -0.187490
0.090550 0.232674 -0.192778
0.089801 0.223137 -0.196569
0.107331 0.196923 -0.195024
0.132611 0.162913 -0.190990
0.162014 0.125212 -0.185420
0.191916 0.087922 -0.179266
0.218691 0.055147 -0.173479
0.238714 0.030992 -0.169013
0.242636 0.026797 -0.168144
0.242559 0.026890 -0.168504
0.242452 0.027429 -0.168116
0.242050 0.027736 -0.168221
0.241719 0.027851 -0.168039
0.241779 0.027846 -0.168011
0.242459 0.027662 -0.167746
0.242813 0.027024 -0.167918
0.242150 0.027681 -0.168000
0.242012 0.027786 -0.167688
0.242290 0.027314 -0.166858
0.243338 0.025516 -0.164692
0.243191 0.026278 -0.164767
0.242252 0.026619 -0.166551
0.242003 0.027200 -0.167365
0.241990 0.027524 -0.167613
0.242105 0.026773 -0.168025
0.242293 0.026563 -0.166920
0.240259 0.026451 -0.164408
0.240139 0.026331 -0.166386
0.240413 0.027285 -0.166936
0.240045 0.026211 -0.166931
0.240575 0.025897 -0.165189
0.240834 0.025832 -0.164485
0.241327 0.025806 -0.164169
0.241830 0.025714 -0.163799
0.241961 0.025102 -0.163609
0.241500 0.027059 -0.164291
0.241480 0.026792 -0.163859
0.241297 0.025429 -0.163727
0.241290 0.026039 -0.163639
0.241430 0.025474 -0.163644
0.242069 0.024139 -0.163678
0.241677 0.025127 -0.163885
0.241428 0.026050 -0.163698
0.241518 0.025573 -0.163596
0.241626 0.025767 -0.163637
0.241792 0.025703 -0.163575
0.241700 0.025238 -0.163660
0.241026 0.024937 -0.164073
0.241181 0.025635 -0.164430
0.241112 0.025797 -0.163904
0.241473 0.025599 -0.163761
0.241584 0.024735 -0.163600
0.242043 0.024485 -0.163839
0.240482 0.025538 -0.166377
0.240093 0.025901 -0.167059
0.240912 0.025838 -0.167234
0.241522 0.025889 -0.167669
0.242287 0.026503 -0.167536
0.242614 0.025264 -0.166965
0.242420 0.024203 -0.167487
0.237855 0.036042 -0.169748
0.216505 0.094610 -0.180171
0.186525 0.219303 -0.210384
0.155303 0.227911 -0.202332
0.129824 0.212901 -0.187243
0.125996 0.218406 -0.181759
0.126906 0.225667 -0.179077
0.120929 0.234786 -0.187990
0.107912 0.241335 -0.173645
0.092899 0.247542 -0.152723
0.078355 0.253960 -0.129835
0.066748 0.261141 -0.109589
0.060542 0.269641 -0.096595
0.062203 0.280011 -0.095462
0.074198 0.292805 -0.110799
0.098991 0.308576 -0.147217
0.139050 0.327878 -0.209324
0.212529 0.397122 -0.334056
0.281970 0.325714 -0.430311
0.302875 0.246661 -0.467870
0.311742 0.209273 -0.470567
0.327347 0.187650 -0.466538
0.330945 0.185156 -0.460590
0.331308 0.184850 -0.459207
0.330999 0.186036 -0.458657
0.330948 0.185699 -0.458205
0.331169 0.187325 -0.458083
0.330707 0.187283 -0.458037
0.330840 0.187186 -0.458314
0.331101 0.186915 -0.458344
0.331269 0.187308 -0.458506
0.331057 0.188269 -0.458548
0.331268 0.187340 -0.458558
0.330874 0.187030 -0.458575
0.330932 0.186800 -0.458521
0.330505 0.187940 -0.458747
0.331201 0.187776 -0.458280
0.331780 0.188684 -0.458277
0.331578 0.187157 -0.458209
0.331488 0.187822 -0.457424
0.330538 0.187849 -0.458185
0.330742 0.187180 -0.457942
0.330923 0.186528 -0.458416
0.331114 0.186729 -0.458285
0.331576 0.187292 -0.458484
0.331194 0.188457 -0.458210
0.330781 0.187330 -0.458312
0.330606 0.189925 -0.458640
0.330972 0.189793 -0.458418
0.330794 0.187638 -0.458407
0.330476 0.186627 -0.458114
0.330718 0.186984 -0.457882
0.330947 0.188134 -0.458325
0.331400 0.187635 -0.458188
0.330786 0.188138 -0.458233
0.331185 0.188862 -0.458066
0.331416 0.187945 -0.457883
0.331670 0.188486 -0.458454
0.331994 0.186762 -0.458511
0.330771 0.186329 -0.458613
0.330717 0.186475 -0.458513
0.330566 0.188937 -0.458313
0.330567 0.189658 -0.458596
0.330355 0.187749 -0.458283
0.330602 0.186591 -0.458327
0.331258 0.186280 -0.458339
0.331461 0.186213 -0.457908
0.331010 0.186268 -0.457734
0.330674 0.186301 -0.457857
0.330985 0.186234 -0.457756
0.330337 0.186154 -0.457879
0.330808 0.186988 -0.458029
0.331121 0.187118 -0.458145
0.330744 0.187379 -0.458193
0.330737 0.187770 -0.458316
0.330416 0.187548 -0.457435
0.330686 0.187798 -0.458238
0.331284 0.187650 -0.458274
0.331053 0.188503 -0.458568
0.330601 0.188054 -0.458467
0.330281 0.187122 -0.458550
0.330653 0.187827 -0.458248
0.330786 0.188184 -0.457967
0.330867 0.186570 -0.458375
0.331110 0.187342 -0.458169
0.332089 0.186713 -0.458452
0.331237 0.186913 -0.458513
0.330529 0.186887 -0.458504
0.330991 0.186610 -0.458334
0.332039 0.187113 -0.458188
0.331195 0.187910 -0.458220
0.330799 0.188433 -0.458347
0.330827 0.187710 -0.457944
0.330924 0.187657 -0.457776
0.330868 0.186787 -0.457967
0.330762 0.186816 -0.458266
0.331645 0.186436 -0.457316
0.331352 0.186316 -0.457575
0.330627 0.186392 -0.457081
0.330636 0.186775 -0.457828
0.331200 0.186636 -0.458093
0.331929 0.187626 -0.458421
0.331489 0.187157 -0.458331
0.331237 0.186919 -0.457922
0.330692 0.187583 -0.458404
0.330354 0.187172 -0.458311
0.330561 0.186692 -0.457601
0.330945 0.187150 -0.457862
0.331970 0.187824 -0.458010
0.331057 0.187068 -0.458102
0.331067 0.186150 -0.458200
0.330910 0.186645 -0.458038
0.331156 0.185891 -0.457802
0.331022 0.186730 -0.458274
0.331229 0.186877 -0.457702
0.331021 0.186655 -0.457890
0.331083 0.187245 -0.457503
0.330462 0.188142 -0.457011
0.330625 0.187895 -0.457044
0.330290 0.187327 -0.457339
0.330450 0.187089 -0.457902
0.330222 0.187115 -0.458538
0.330901 0.187266 -0.458595
0.331446 0.187689 -0.458412
0.331184 0.186367 -0.458025
0.331107 0.187600 -0.458023
0.331082 0.187688 -0.458494
0.330604 0.186821 -0.458261
0.330593 0.186863 -0.457957
0.331032 0.186643 -0.457883
0.331104 0.186965 -0.458410
0.331135 0.186922 -0.458343
0.331211 0.186441 -0.458190
0.330586 0.186389 -0.457878
0.330497 0.187842 -0.457825
0.330616 0.187620 -0.458153
0.330641 0.187790 -0.458225
0.330953 0.187319 -0.458071
0.331670 0.187065 -0.457776
0.331130 0.186616 -0.458268
0.331098 0.186946 -0.458255
0.331263 0.187110 -0.457583
0.331039 0.187495 -0.457602
0.331849 0.188937 -0.458314
0.331468 0.188761 -0.458084
0.331259 0.187998 -0.458320
0.330958 0.187315 -0.458571
0.330852 0.187081 -0.458648
0.331457 0.186796 -0.458479
0.330841 0.188039 -0.458364
0.330642 0.189395 -0.458277
0.330613 0.188293 -0.458734
0.331011 0.187439 -0.458861
0.330673 0.187710 -0.458538
0.330989 0.187609 -0.458487
0.331401 0.188163 -0.458396
0.331941 0.186832 -0.458043
0.331938 0.186600 -0.457671
0.331159 0.187013 -0.457890
0.330867 0.187065 -0.458405
0.330601 0.187151 -0.458376
0.330867 0.187100 -0.458512
0.331545 0.187126 -0.458496
0.331128 0.187209 -0.458251
0.331262 0.187151 -0.457974
0.330994 0.187207 -0.458100
0.331277 0.187536 -0.458254
0.331163 0.186625 -0.458619
0.331761 0.186342 -0.458543
0.332058 0.186370 -0.457733
0.332222 0.186581 -0.458449
0.331653 0.187364 -0.458552
0.331656 0.186437 -0.458100
0.331619 0.185656 -0.457381
0.331429 0.186954 -0.457056
0.331061 0.188030 -0.457113
0.330711 0.188359 -0.458102
0.331265 0.187062 -0.458506
0.331633 0.187400 -0.458278
0.331112 0.186468 -0.458121
0.330736 0.185862 -0.458031
0.331234 0.186194 -0.457462
0.331237 0.186275 -0.457913
0.331062 0.186351 -0.457572
0.331903 0.186626 -0.457887
0.331337 0.187345 -0.458325
0.331161 0.185997 -0.458196
0.331176 0.186494 -0.458284
0.330959 0.186090 -0.458332
0.331076 0.187661 -0.457809
0.331014 0.188429 -0.457699
0.331500 0.187758 -0.457601
0.330959 0.186590 -0.457010
0.331224 0.187524 -0.456974
0.331215 0.187619 -0.457845
0.331441 0.187530 -0.457811
0.331842 0.187825 -0.457500
0.331529 0.187682 -0.457952
0.331056 0.186708 -0.458527
0.330870 0.186832 -0.458476
0.330806 0.186774 -0.458497
0.330465 0.187658 -0.458182
0.330612 0.187745 -0.458033
0.330739 0.188510 -0.458224
0.330952 0.187015 -0.458143
0.331180 0.187595 -0.457844
0.331907 0.187370 -0.457566
0.331801 0.187423 -0.457326
0.331166 0.187713 -0.458188
0.330876 0.187376 -0.458480
0.331008 0.187914 -0.458428
0.330753 0.188143 -0.458329
0.331085 0.188555 -0.458225
0.331362 0.188006 -0.458272
0.331699 0.187682 -0.457799
0.330882 0.188469 -0.458134
0.330648 0.188264 -0.457645
0.330951 0.188674 -0.457636
0.330771 0.188207 -0.458112
0.331027 0.187668 -0.457899
0.331159 0.186588 -0.457389
0.333915 0.187776 -0.451694
0.342036 0.188613 -0.433776
0.333606 0.188480 -0.452456
0.331469 0.188945 -0.457642
0.330511 0.189251 -0.458048
0.330258 0.188647 -0.457743
0.330763 0.185967 -0.457746
0.330903 0.186564 -0.457225
0.330840 0.186584 -0.457876
0.331216 0.187275 -0.458214
0.330663 0.187760 -0.458366
0.330534 0.187293 -0.458122
0.330414 0.187407 -0.457944
0.330866 0.187826 -0.458060
0.331704 0.187212 -0.457982
0.330789 0.187181 -0.457680
0.331170 0.187597 -0.457112
0.331088 0.187304 -0.457265
0.330671 0.187745 -0.457301
0.331025 0.189133 -0.457603
0.331305 0.187301 -0.457799
0.331225 0.187522 -0.458646
0.331125 0.186854 -0.458445
0.331739 0.187574 -0.458163
0.331111 0.187253 -0.458188
0.331756 0.186979 -0.457792
0.330974 0.186714 -0.458150
0.330455 0.187520 -0.457711
0.330524 0.187286 -0.457922
0.330502 0.187255 -0.458060
0.330694 0.186991 -0.458541
0.330918 0.185819 -0.458813
0.331682 0.185579 -0.458731
0.331953 0.185753 -0.458669
0.332483 0.185838 -0.458846
0.331281 0.188933 -0.459171
0.330500 0.189913 -0.459141
0.331317 0.187273 -0.458947
0.330862 0.187668 -0.458806
0.330569 0.186802 -0.458663
0.330249 0.186202 -0.458794
0.330335 0.186425 -0.458878
0.330031 0.185870 -0.459415
0.330461 0.185788 -0.459133
0.330834 0.185719 -0.458877
0.330725 0.185378 -0.459107
0.330628 0.185745 -0.459035
0.330497 0.187253 -0.458983
0.330410 0.188401 -0.458704
0.330762 0.188053 -0.458774
0.330415 0.188812 -0.459080
0.331002 0.187487 -0.458630
0.331089 0.188167 -0.458642
0.330874 0.187449 -0.458454
0.330601 0.186941 -0.458537
0.330910 0.187247 -0.458190
0.331049 0.186265 -0.458122
0.331204 0.185977 -0.457980
0.331168 0.185891 -0.458055
0.331050 0.185861 -0.458086
0.331369 0.185561 -0.457886
0.330958 0.185210 -0.458148
0.331352 0.186070 -0.457990
0.331902 0.185714 -0.458120
0.331848 0.185826 -0.458086
0.331861 0.186246 -0.458173
0.332267 0.186346 -0.458235
0.331868 0.185767 -0.458075
0.331408 0.185747 -0.458070
0.330819 0.186079 -0.457504
0.331602 0.187271 -0.457924
0.331262 0.186487 -0.458547
0.330948 0.187237 -0.458363
0.331450 0.185940 -0.457795
0.331289 0.185658 -0.457454
0.331352 0.185559 -0.457832
0.331260 0.186428 -0.457936
0.331389 0.185635 -0.458184
0.331539 0.185345 -0.458214
0.331660 0.186922 -0.458281
0.331744 0.191314 -0.458135
0.331759 0.188581 -0.458039
0.331713 0.189428 -0.457933
0.331645 0.186602 -0.458335
0.331603 0.186064 -0.458547
0.331449 0.186766 -0.458454
0.331378 0.186143 -0.458486
0.331817 0.185400 -0.458385
0.331636 0.186085 -0.458248
0.331115 0.186074 -0.458252
0.330869 0.186873 -0.458055
0.331064 0.186855 -0.458175
0.330957 0.185594 -0.458111
0.331224 0.186370 -0.458122
0.331545 0.186757 -0.458145
0.331939 0.186629 -0.458076
0.331190 0.186542 -0.458224
0.330767 0.186899 -0.458082
0.330683 0.186218 -0.458155
0.330815 0.186868 -0.458000
0.331189 0.186384 -0.457587
0.331877 0.186248 -0.458112
0.331505 0.186270 -0.458288
0.331172 0.186759 -0.458299
0.331669 0.185650 -0.458076
0.331941 0.186247 -0.457469
0.331801 0.186429 -0.457779
0.331303 0.186382 -0.457905
0.331238 0.185808 -0.458264
0.331657 0.185832 -0.458185
0.331753 0.186575 -0.458013
0.331338 0.187288 -0.458034
0.331021 0.187403 -0.458074
0.330815 0.187098 -0.458300
0.330815 0.185913 -0.457865
0.330860 0.185916 -0.457970
0.331246 0.186654 -0.458008
0.331764 0.186369 -0.458080
0.331524 0.187146 -0.457952
0.331204 0.186954 -0.458026
0.330834 0.185428 -0.457852
0.330929 0.185126 -0.457987
0.331094 0.186115 -0.457812
0.330985 0.186369 -0.457957
0.331107 0.187288 -0.458110
0.332030 0.188383 -0.458084
0.331506 0.187891 -0.458236
0.331384 0.186215 -0.458263
0.331238 0.186105 -0.458249
0.331186 0.186179 -0.458164
0.331185 0.187189 -0.458255
0.331385 0.187712 -0.457956
0.331237 0.187285 -0.457673
0.331107 0.186403 -0.458268
0.330960 0.186934 -0.458166
0.330925 0.186523 -0.458286
0.331336 0.185811 -0.458273
0.331189 0.185540 -0.458331
0.331029 0.185075 -0.458072
0.330896 0.185482 -0.457994
0.330822 0.185519 -0.458068
0.330831 0.186503 -0.458244
0.331160 0.185280 -0.458413
0.331276 0.185252 -0.458257
0.331433 0.185542 -0.458064
0.331722 0.185346 -0.457916
0.331310 0.186022 -0.458044
0.331261 0.187047 -0.457976
0.331822 0.187104 -0.457731
0.331391 0.186262 -0.457077
0.331022 0.186881 -0.457911
0.331627 0.187760 -0.458257
0.331296 0.187588 -0.457610
0.331222 0.186095 -0.457706
0.331144 0.185910 -0.457806
0.331230 0.186629 -0.457855
0.331796 0.187603 -0.457957
0.333405 0.187177 -0.457617
0.331940 0.186360 -0.458100
0.331249 0.187326 -0.458031
0.331170 0.186706 -0.458102
0.331240 0.186532 -0.457885
0.331259 0.188730 -0.458084
0.331382 0.189273 -0.458153
0.331701 0.192034 -0.457871
0.331252 0.189166 -0.457815
0.330983 0.188227 -0.457921
0.331411 0.187258 -0.458378
0.331134 0.185926 -0.458427
0.331562 0.186471 -0.458425
0.332091 0.186715 -0.458816
0.331824 0.186075 -0.458784
0.331065 0.185816 -0.458640
0.330697 0.185357 -0.458956
0.330200 0.185681 -0.458846
0.330504 0.185504 -0.458937
0.330963 0.185841 -0.459050
0.330951 0.186437 -0.459287
0.332001 0.186556 -0.459016
0.332144 0.186301 -0.458887
0.330920 0.186489 -0.458431
0.330704 0.185655 -0.458723
0.330714 0.185496 -0.458614
0.330661 0.185737 -0.458701
0.330541 0.185721 -0.458650
0.330384 0.186161 -0.458630
0.330605 0.185691 -0.458670
0.330713 0.185920 -0.458802
0.330645 0.186214 -0.458905
0.330956 0.185593 -0.459068
0.330919 0.186195 -0.458964
0.331165 0.185826 -0.458913
0.332256 0.186542 -0.458712
0.331713 0.186324 -0.458596
0.330984 0.185751 -0.458972
0.331013 0.185316 -0.458835
0.331091 0.187322 -0.458653
0.331057 0.190568 -0.458414
0.331031 0.188259 -0.457744
0.331847 0.187301 -0.458044
0.330963 0.186407 -0.458280
0.331035 0.186338 -0.458286
0.330894 0.186185 -0.458261
0.330838 0.186082 -0.458033
0.330933 0.186203 -0.457434
0.330749 0.187028 -0.458107
0.330612 0.187000 -0.457954
0.330937 0.186762 -0.457218
0.330767 0.186916 -0.457995
0.330725 0.186999 -0.458041
0.330716 0.186882 -0.458014
0.330742 0.186084 -0.457998
0.331807 0.186407 -0.458130
0.331183 0.187640 -0.457840
0.331562 0.190130 -0.457819
0.331250 0.187816 -0.457478
0.331135 0.186963 -0.456757
0.330849 0.186488 -0.457519
0.330889 0.187152 -0.458193
0.330994 0.187764 -0.457963
0.330800 0.187127 -0.457693
0.330981 0.186271 -0.456959
0.331006 0.186885 -0.456881
0.331886 0.186824 -0.457420
0.330765 0.186307 -0.457835
0.330629 0.186022 -0.457606
0.331549 0.186076 -0.457259
0.331418 0.186000 -0.457699
0.331067 0.186635 -0.457703
0.330582 0.186773 -0.457037
0.330862 0.188375 -0.457414
0.330883 0.192573 -0.458241
0.330414 0.193483 -0.458408
0.330911 0.192425 -0.458110
0.330946 0.186974 -0.456945
0.331993 0.186212 -0.456775
0.331919 0.186467 -0.457809
0.331747 0.186298 -0.458158
0.331199 0.188082 -0.458068
0.331116 0.191166 -0.456994
0.331156 0.187589 -0.457586
0.330901 0.186950 -0.458082
0.331180 0.186800 -0.458065
0.331199 0.188416 -0.457925
0.331213 0.188391 -0.457580
0.331282 0.188349 -0.458156
0.331998 0.188368 -0.458285
0.332513 0.188193 -0.457829
0.331275 0.189683 -0.457720
0.331156 0.188505 -0.457210
0.330864 0.188189 -0.457198
0.331265 0.186359 -0.457474
0.331408 0.186006 -0.457400
0.332006 0.186741 -0.457942
0.331665 0.186278 -0.457341
0.330951 0.187233 -0.458191
0.331277 0.187758 -0.458164
0.331370 0.186570 -0.457322
0.330993 0.186622 -0.457210
0.330617 0.186849 -0.458156
0.330844 0.186077 -0.458236
0.331294 0.187757 -0.458432
0.331662 0.186488 -0.457929
0.331534 0.186850 -0.457233
0.331808 0.186123 -0.458160
0.331446 0.185551 -0.457533
0.331546 0.187109 -0.458094
0.331815 0.190824 -0.458221
0.331602 0.188698 -0.458200
0.331950 0.187091 -0.457107
0.331200 0.186070 -0.457218
0.330856 0.185748 -0.457251
0.330887 0.185859 -0.457515
0.331603 0.186014 -0.457428
0.331393 0.186827 -0.457129
0.331025 0.186172 -0.457605
0.331203 0.185449 -0.457264
0.331190 0.185269 -0.457612
0.331306 0.185372 -0.457382
0.331098 0.186565 -0.457609
0.331419 0.187755 -0.457733
0.331557 0.190465 -0.457600
0.331663 0.186736 -0.457269
0.331124 0.186638 -0.457621
0.332038 0.188057 -0.458041
0.331341 0.186150 -0.457740
0.332408 0.185447 -0.457144
0.331468 0.186732 -0.456749
0.331071 0.187778 -0.457560
0.331591 0.186874 -0.457218
0.332082 0.185696 -0.456318
0.331812 0.186960 -0.457225
0.330972 0.190958 -0.457991
0.331414 0.187152 -0.457900
0.331811 0.185906 -0.457803
0.331998 0.186870 -0.457969
0.332319 0.187260 -0.458215
0.331525 0.187114 -0.457813
0.331588 0.186054 -0.457438
0.331237 0.185968 -0.458074
0.330878 0.186262 -0.457510
0.330424 0.187078 -0.457452
0.331218 0.186969 -0.457125
0.331644 0.186561 -0.458196
0.331821 0.186423 -0.458418
0.331368 0.187462 -0.458001
0.331891 0.191557 -0.457918
0.331231 0.191331 -0.457525
0.331635 0.186795 -0.457276
0.331234 0.186484 -0.457507
0.331152 0.190048 -0.457579
0.331998 0.186857 -0.457323
0.331129 0.186124 -0.457453
0.330684 0.186290 -0.457494
0.330859 0.186464 -0.457377
0.331635 0.186130 -0.458038
0.331677 0.187425 -0.458096
0.331129 0.186256 -0.457789
0.331984 0.185607 -0.457877
0.331298 0.186070 -0.458214
0.331579 0.186278 -0.457518
0.330962 0.186051 -0.457419
0.331561 0.186306 -0.457591
0.332024 0.186750 -0.457985
0.331683 0.186438 -0.457862
0.331613 0.186705 -0.457117
0.331217 0.186358 -0.457821
0.331488 0.185443 -0.458239
0.331466 0.185812 -0.457910
0.331662 0.185889 -0.457904
0.331653 0.186015 -0.458107
0.331101 0.185751 -0.457310
0.331596 0.187197 -0.458085
0.331491 0.185606 -0.457632
0.331148 0.185180 -0.457920
0.331115 0.185637 -0.458382
0.330614 0.185806 -0.458423
0.330806 0.187650 -0.458210
0.331627 0.186240 -0.458313
0.331464 0.188241 -0.458429
0.331049 0.192290 -0.458209
0.331654 0.188517 -0.457633
0.331315 0.186573 -0.457726
0.330548 0.186444 -0.458034
0.330603 0.186296 -0.457130
0.331058 0.185957 -0.457501
0.331182 0.185265 -0.457609
0.330962 0.185410 -0.458361
0.331208 0.186498 -0.458717
0.331568 0.186097 -0.458492
0.331318 0.185644 -0.457779
0.331166 0.187193 -0.458112
0.330527 0.186776 -0.457855
0.331115 0.186300 -0.457408
0.331369 0.185905 -0.457474
0.331513 0.185304 -0.457542
0.331033 0.185008 -0.457680
0.331383 0.185576 -0.457773
0.331017 0.185489 -0.457606
0.330884 0.186530 -0.457647
0.331026 0.186883 -0.457892
0.330599 0.186322 -0.457881
0.330278 0.186847 -0.457724
0.330645 0.186963 -0.457739
0.331572 0.186019 -0.458358
0.330650 0.185951 -0.458458
0.330554 0.186066 -0.458401
0.330656 0.185550 -0.458111
0.330911 0.186083 -0.457101
0.331367 0.186417 -0.457419
0.330957 0.187060 -0.458324
0.331072 0.186495 -0.458118
0.330534 0.186057 -0.457869
0.330546 0.185479 -0.457994
0.330600 0.186372 -0.458360
0.330755 0.188181 -0.458424
0.331024 0.187105 -0.458294
0.330675 0.186220 -0.458372
0.330510 0.186187 -0.457535
0.331125 0.186363 -0.457829
0.331772 0.187458 -0.457622
0.331772 0.186199 -0.457104
0.331938 0.186086 -0.457353
0.331525 0.186570 -0.457239
0.331514 0.186338 -0.457253
0.332209 0.186877 -0.457144
0.331251 0.186516 -0.457546
0.331466 0.185913 -0.457680
0.332177 0.185963 -0.457704
0.331355 0.186305 -0.457840
0.330967 0.187281 -0.458004
0.331200 0.186385 -0.457784
0.331901 0.185887 -0.457947
0.332082 0.186342 -0.458370
0.331422 0.188130 -0.458335
0.330770 0.186862 -0.457928
0.330593 0.186096 -0.458176
0.330570 0.186595 -0.458108
0.330943 0.186713 -0.457973
0.331776 0.190102 -0.457826
0.331939 0.186958 -0.458052
0.331950 0.186114 -0.458157
0.331509 0.186420 -0.458037
0.331942 0.187566 -0.457802
0.331570 0.186611 -0.457705
0.331517 0.187491 -0.457498
0.330873 0.187259 -0.458120
0.330805 0.185686 -0.457905
0.331030 0.185347 -0.458211
0.331717 0.186376 -0.458082
0.331382 0.186168 -0.457394
0.331574 0.185976 -0.457311
0.330733 0.185691 -0.457846
0.331170 0.186335 -0.457305
0.331718 0.187447 -0.456940
0.331390 0.186386 -0.457181
0.330770 0.185843 -0.457769
0.331040 0.186965 -0.457763
0.330980 0.186003 -0.457362
0.331020 0.186147 -0.458201
0.331140 0.186907 -0.458157
0.330934 0.186942 -0.458362
0.331382 0.188727 -0.458402
0.331167 0.191399 -0.458259
0.330911 0.187593 -0.457815
0.331567 0.185816 -0.457565
0.331140 0.185817 -0.457337
0.331004 0.185587 -0.458042
0.331397 0.187101 -0.458337
0.331470 0.190195 -0.457980
0.332204 0.186920 -0.458024
0.331647 0.187005 -0.458388
0.330274 0.186652 -0.458344
0.331073 0.188228 -0.458135
0.331492 0.187033 -0.458103
0.332074 0.188456 -0.458271
0.332548 0.186745 -0.458417
0.331893 0.186754 -0.458182
0.331390 0.185649 -0.457792
0.331006 0.186462 -0.457689
0.331148 0.186708 -0.457786
0.331504 0.187743 -0.457490
0.331829 0.186946 -0.457661
0.331865 0.186073 -0.457347
0.332100 0.186181 -0.457230
0.331456 0.186110 -0.456864
0.331024 0.185896 -0.456816
0.331484 0.185516 -0.457416
0.331219 0.185928 -0.457564
0.331610 0.186073 -0.457348
0.331143 0.186085 -0.457738
0.331386 0.186307 -0.457690
0.331913 0.187778 -0.457477
0.331630 0.186290 -0.457909
0.331969 0.185936 -0.457246
0.332485 0.186363 -0.457617
0.331578 0.186246 -0.457638
0.332016 0.186335 -0.457679
0.332370 0.188756 -0.458165
0.331184 0.187225 -0.457712
0.331093 0.189032 -0.457115
0.331237 0.192218 -0.457826
0.331097 0.187688 -0.458120
0.330735 0.186249 -0.458426
0.330591 0.185988 -0.458436
0.330898 0.185825 -0.457745
0.330859 0.187086 -0.458195
0.331322 0.188071 -0.458092
0.331887 0.188049 -0.457694
0.331116 0.187027 -0.458325
0.330828 0.186314 -0.458431
0.331689 0.186112 -0.458287
0.330776 0.186977 -0.458241
0.331117 0.190480 -0.458234
0.331592 0.187955 -0.457875
0.332642 0.186389 -0.457927
0.331231 0.185404 -0.457448
0.330779 0.185570 -0.457694
0.330760 0.186893 -0.457760
0.331101 0.187565 -0.457852
0.331273 0.188378 -0.457913
0.330813 0.187415 -0.457720
0.330869 0.186481 -0.457933
0.331558 0.186833 -0.458090
0.331125 0.186245 -0.458016
0.330619 0.186995 -0.458088
0.330649 0.187348 -0.457827
0.330756 0.188920 -0.457146
0.330821 0.188666 -0.458010
0.330663 0.186473 -0.457879
0.330891 0.185848 -0.457701
0.331156 0.186055 -0.457844
0.331470 0.186853 -0.457871
0.331842 0.186292 -0.457824
0.330717 0.185862 -0.458374
0.331310 0.186035 -0.458317
0.332345 0.186464 -0.458018
0.331787 0.187076 -0.457798
0.331075 0.191208 -0.457807
0.331038 0.187821 -0.457353
0.330745 0.186346 -0.458073
0.330880 0.186754 -0.457914
0.330739 0.187017 -0.458059
0.331443 0.187262 -0.457453
0.331670 0.187227 -0.456689
0.331281 0.187140 -0.456895
0.331171 0.186827 -0.457550
0.331041 0.186385 -0.458145
0.332188 0.186870 -0.458141
0.332435 0.186285 -0.458197
0.331793 0.185995 -0.457232
0.332369 0.186301 -0.457117
0.332615 0.186057 -0.457439
0.331567 0.186304 -0.457098
0.331163 0.185304 -0.457253
0.331619 0.185366 -0.457807
0.330749 0.186932 -0.458132
0.331181 0.185879 -0.458067
0.331985 0.185809 -0.457223
0.331471 0.185492 -0.457054
0.331366 0.186525 -0.457538
0.331052 0.186498 -0.457952
0.331201 0.185627 -0.457717
0.331187 0.185388 -0.457653
0.330943 0.185327 -0.458176
0.330847 0.185387 -0.457926
0.331083 0.186343 -0.458017
0.331439 0.185991 -0.457997
0.331752 0.185283 -0.458200
0.331501 0.185183 -0.457716
0.331194 0.186081 -0.457292
0.331908 0.185982 -0.457106
0.331610 0.185457 -0.457887
0.331635 0.185637 -0.458010
0.331001 0.185745 -0.457470
0.331023 0.185921 -0.457398
0.330931 0.185552 -0.458029
0.331267 0.186534 -0.457717
0.331221 0.185706 -0.457242
0.331147 0.186446 -0.457218
0.331253 0.186086 -0.457930
0.330963 0.186709 -0.458321
0.330734 0.187774 -0.458579
0.331180 0.187009 -0.457612
0.331106 0.185285 -0.457839
0.330826 0.185171 -0.458043
0.330683 0.185824 -0.458111
0.330886 0.186727 -0.458154
0.331666 0.185617 -0.457828
0.331720 0.185895 -0.456994
0.331174 0.186141 -0.457603
0.330745 0.187035 -0.457704
0.330943 0.186556 -0.457623
0.330572 0.186064 -0.457813
0.330318 0.185458 -0.458025
0.330609 0.185906 -0.457150
0.331381 0.186529 -0.457556
0.330989 0.185244 -0.458009
0.331353 0.185800 -0.457943
0.331368 0.186166 -0.458080
0.331392 0.186969 -0.457730
0.330818 0.186460 -0.458020
0.331176 0.186745 -0.458293
0.330967 0.185305 -0.458019
0.331339 0.185523 -0.458043
0.331261 0.186974 -0.457954
0.331284 0.187128 -0.457123
0.330731 0.186448 -0.457395
0.330559 0.186232 -0.457514
0.330577 0.186016 -0.457782
0.330372 0.186280 -0.458223
0.330968 0.186996 -0.458237
0.330882 0.187161 -0.457407
0.331587 0.187384 -0.457836
0.331143 0.187005 -0.457135
0.331979 0.185800 -0.457770
0.331489 0.185752 -0.457511
0.331753 0.186079 -0.456828
0.332147 0.186046 -0.457377
0.331626 0.186554 -0.458024
0.332272 0.187663 -0.457988
0.331740 0.186286 -0.456927
0.330787 0.186191 -0.456978
0.330862 0.186099 -0.458107
0.331898 0.186848 -0.458378
0.331605 0.186400 -0.458226
0.331734 0.186510 -0.457995
0.331306 0.186818 -0.457800
0.331309 0.186761 -0.457996
0.331810 0.187081 -0.457375
0.331289 0.186429 -0.458025
0.331268 0.186118 -0.458438
0.331285 0.186349 -0.458326
0.331278 0.186925 -0.458049
0.330902 0.186462 -0.458396
0.330948 0.186577 -0.458355
0.331930 0.187196 -0.458310
0.331544 0.187029 -0.458071
0.332035 0.186837 -0.457758
0.330963 0.186438 -0.457719
0.330662 0.185864 -0.458220
0.330829 0.187345 -0.458050
0.331006 0.186440 -0.457917
0.332137 0.186237 -0.458216
0.331843 0.186127 -0.458199
0.330982 0.185877 -0.457862
0.330989 0.186108 -0.458025
0.331462 0.186115 -0.457741
0.331224 0.185920 -0.457540
0.330886 0.187057 -0.457125
0.331132 0.186224 -0.457815
0.330652 0.186306 -0.457788
0.330508 0.187305 -0.457979
0.330556 0.188004 -0.458259
0.331576 0.187068 -0.458278
0.331299 0.186006 -0.457859
0.331008 0.185868 -0.457795
0.330972 0.186633 -0.458092
0.331024 0.188428 -0.458355
0.331007 0.187999 -0.458267
0.331103 0.187454 -0.457726
0.331368 0.187029 -0.457729
0.331056 0.186501 -0.458080
0.331301 0.185838 -0.458144
0.330730 0.185851 -0.457927
0.330957 0.186370 -0.458380
0.330670 0.185773 -0.458712
0.330870 0.185017 -0.458743
0.330872 0.185621 -0.458913
0.330780 0.185782 -0.458562
0.330518 0.185377 -0.458856
0.330913 0.184877 -0.459290
0.330903 0.185029 -0.459310
0.331173 0.185432 -0.458981
0.331192 0.185647 -0.459229
0.330708 0.185246 -0.459366
0.330357 0.186671 -0.459110
0.330051 0.186426 -0.458984
0.330085 0.186151 -0.458920
0.330463 0.188611 -0.458843
0.330409 0.186635 -0.458903
0.330687 0.185902 -0.458729
0.330699 0.185315 -0.459209
0.330580 0.185640 -0.458787
0.330487 0.185321 -0.458799
0.330695 0.185503 -0.458315
0.330897 0.184691 -0.458400
0.331308 0.185144 -0.458745
0.331167 0.185758 -0.458756
0.330635 0.185689 -0.458915
0.330758 0.184952 -0.458723
0.331273 0.184644 -0.459092
0.330703 0.184524 -0.458309
0.330287 0.185463 -0.458580
0.330791 0.185351 -0.458545
0.331743 0.185338 -0.458150
0.331393 0.184850 -0.457437
0.331088 0.185386 -0.458010
0.331187 0.186112 -0.457719
0.331525 0.187199 -0.458153
0.330903 0.186167 -0.457674
0.332328 0.185720 -0.457207
0.332436 0.186223 -0.457265
0.331650 0.185488 -0.456852
0.331225 0.185600 -0.457466
0.330805 0.186609 -0.458012
0.331463 0.187375 -0.457499
0.331295 0.185987 -0.456703
0.331972 0.187353 -0.455839
0.332419 0.188508 -0.456715
0.331074 0.188194 -0.457056
0.331129 0.185713 -0.457235
0.331440 0.185106 -0.456813
0.331862 0.185436 -0.456616
0.331286 0.185044 -0.456758
0.331510 0.186074 -0.457009
0.331724 0.186005 -0.457299
0.332495 0.186421 -0.458187
0.331553 0.188028 -0.458363
0.332079 0.189195 -0.457964
0.331285 0.188860 -0.458142
0.331194 0.188067 -0.458114
0.331055 0.187249 -0.457910
0.330894 0.188002 -0.458040
0.330603 0.188336 -0.457625
0.330846 0.188965 -0.457894
0.331094 0.188020 -0.457747
0.331287 0.188537 -0.458001
0.331103 0.186308 -0.458037
0.331237 0.185254 -0.457950
0.331300 0.185613 -0.457980
0.331177 0.186071 -0.458160
0.331336 0.186232 -0.458091
0.331580 0.187829 -0.458050
0.331204 0.187065 -0.457980
0.330772 0.188875 -0.458040
0.330898 0.186893 -0.457998
0.332264 0.186163 -0.457684
0.332003 0.186723 -0.457506
0.331176 0.186360 -0.457875
0.331025 0.187501 -0.458427
0.331077 0.189386 -0.458261
0.331306 0.192470 -0.458280
0.331337 0.190373 -0.457857
0.332803 0.187477 -0.457936
0.331569 0.186396 -0.457769
0.331401 0.186203 -0.458050
0.331477 0.186378 -0.458358
0.331463 0.187912 -0.458097
0.330648 0.188709 -0.457374
0.330210 0.187265 -0.457375
0.330720 0.187778 -0.458028
0.330767 0.187993 -0.458044
0.330752 0.189666 -0.457700
0.331163 0.188049 -0.457372
0.330479 0.190036 -0.457351
0.330419 0.189505 -0.457546
0.330277 0.189039 -0.457918
