0.217421 0.104593 -0.458400
0.217487 0.104611 -0.458158
0.217601 0.104337 -0.458638
0.217308 0.104530 -0.458142
0.217414 0.104863 -0.458326
0.217392 0.105214 -0.458467
0.217217 0.104798 -0.458074
0.217215 0.104543 -0.458468
0.217416 0.104795 -0.459055
0.217510 0.104664 -0.459189
0.217011 0.104728 -0.458908
0.217169 0.104771 -0.459054
0.217534 0.104366 -0.459213
0.217352 0.104812 -0.458547
0.217605 0.104767 -0.458518
0.217542 0.104740 -0.458495
0.217679 0.104721 -0.458761
0.217616 0.104733 -0.458714
0.217525 0.104831 -0.458800
0.217677 0.105195 -0.459007
0.217619 0.104768 -0.459332
0.217472 0.105080 -0.459249
0.217436 0.106132 -0.458996
0.217434 0.108510 -0.459210
0.217439 0.107684 -0.459634
0.217427 0.106652 -0.459365
0.217324 0.105643 -0.459136
0.216916 0.105183 -0.458942
0.216874 0.105418 -0.458695
0.216465 0.105549 -0.459115
0.217385 0.105888 -0.459257
0.217663 0.105842 -0.459249
0.217468 0.105155 -0.459507
0.217114 0.105029 -0.459382
0.216647 0.105089 -0.459211
0.215540 0.105591 -0.459261
0.216889 0.105238 -0.459218
0.216974 0.105319 -0.458882
0.217260 0.105045 -0.459394
0.217028 0.104997 -0.459234
0.217401 0.104927 -0.459114
0.217571 0.104887 -0.458888
0.217305 0.105596 -0.459082
0.216210 0.105043 -0.459018
0.217239 0.104683 -0.458968
0.217400 0.104842 -0.458414
0.217629 0.105697 -0.458900
0.217650 0.105943 -0.458730
0.217481 0.106183 -0.458719
0.216871 0.109052 -0.459038
0.216996 0.106615 -0.459213
0.216887 0.106484 -0.459273
0.217457 0.105509 -0.459287
0.217338 0.105721 -0.458691
0.216253 0.106641 -0.459085
0.215919 0.106628 -0.458946
0.216092 0.106631 -0.458618
0.216770 0.105345 -0.458602
0.216883 0.104951 -0.458472
0.217043 0.104909 -0.458595
0.216359 0.105852 -0.458570
0.216623 0.105403 -0.458771
0.216509 0.105840 -0.459078
0.216119 0.106043 -0.459193
0.216498 0.105639 -0.459173
0.216322 0.105431 -0.458859
0.217084 0.105056 -0.457697
0.217266 0.105303 -0.458761
0.217935 0.105281 -0.459104
0.217102 0.105591 -0.458902
0.217146 0.105761 -0.459066
0.216014 0.106157 -0.459157
0.215857 0.106649 -0.459004
0.216966 0.105847 -0.459052
0.217119 0.105551 -0.458998
0.216959 0.105096 -0.458771
0.216312 0.105285 -0.457927
0.216457 0.105243 -0.457781
0.216771 0.106271 -0.458611
0.215526 0.110094 -0.459170
0.215463 0.106791 -0.459096
0.215687 0.106125 -0.459143
0.215077 0.106172 -0.458924
0.216544 0.105570 -0.459085
0.216793 0.105212 -0.459037
0.216279 0.105548 -0.459184
0.216504 0.105193 -0.458827
0.216028 0.105938 -0.458590
0.216392 0.108378 -0.458660
0.215266 0.113094 -0.458665
0.215335 0.107979 -0.458940
0.216595 0.105901 -0.458792
0.216811 0.105384 -0.458790
0.217050 0.105028 -0.458908
0.216360 0.105030 -0.458263
0.216418 0.105029 -0.458801
0.216193 0.105133 -0.459049
0.215146 0.105571 -0.458789
0.214643 0.105154 -0.459063
0.215104 0.105685 -0.458884
0.216561 0.105460 -0.459037
0.216733 0.105007 -0.458637
0.216796 0.105075 -0.458293
0.217064 0.105489 -0.458459
0.217324 0.105542 -0.458369
0.217355 0.106191 -0.458658
0.217216 0.106656 -0.458731
0.216609 0.105827 -0.458531
0.215885 0.105634 -0.457769
0.216358 0.105233 -0.458538
0.216689 0.105448 -0.458880
0.216958 0.105235 -0.458414
0.216950 0.105467 -0.458633
0.217057 0.106733 -0.458429
0.216521 0.105742 -0.458995
0.215626 0.105152 -0.459020
0.216335 0.105343 -0.458636
0.215557 0.105972 -0.457896
0.216608 0.104980 -0.458366
0.216405 0.104997 -0.458010
0.215347 0.105086 -0.457552
0.215325 0.105303 -0.459087
0.216282 0.104986 -0.459093
0.216168 0.104734 -0.458538
0.216105 0.104930 -0.458810
0.215458 0.104886 -0.458697
0.215937 0.104666 -0.459160
0.215397 0.104887 -0.458776
0.216054 0.104949 -0.458843
0.215253 0.104946 -0.457935
0.215954 0.104766 -0.456337
0.216273 0.105261 -0.458344
0.216224 0.105035 -0.458917
0.215537 0.104946 -0.459064
0.216612 0.104887 -0.459186
0.216519 0.104894 -0.458966
0.215281 0.105775 -0.459214
0.215231 0.106103 -0.459244
0.215922 0.104989 -0.459226
0.215491 0.104908 -0.459168
0.216173 0.104964 -0.458951
0.215679 0.105158 -0.459209
0.216875 0.104950 -0.459321
0.217041 0.104833 -0.458879
0.216489 0.105588 -0.458762
0.216556 0.106274 -0.459173
0.216608 0.104892 -0.459439
0.216702 0.104592 -0.459252
0.216402 0.104568 -0.459079
0.217158 0.104709 -0.459141
0.216924 0.105229 -0.459149
0.217228 0.105000 -0.458997
0.217215 0.105460 -0.459387
0.216842 0.105688 -0.459002
0.217129 0.105539 -0.459226
0.217130 0.105117 -0.459251
0.216817 0.104942 -0.459000
0.216875 0.104843 -0.459470
0.216926 0.104582 -0.459331
0.216742 0.104586 -0.459157
0.216952 0.104830 -0.458904
0.216955 0.104648 -0.459231
0.216775 0.104662 -0.459525
0.216803 0.104926 -0.459316
0.216595 0.104987 -0.459317
0.216414 0.104960 -0.459323
0.216406 0.104960 -0.459178
0.216560 0.104758 -0.458937
0.216750 0.104672 -0.459150
0.217052 0.104840 -0.458945
0.217296 0.104624 -0.459514
0.216794 0.104596 -0.459640
0.216561 0.104809 -0.459684
0.216898 0.105478 -0.459649
0.216943 0.106257 -0.459605
0.216884 0.107350 -0.459509
0.217063 0.105438 -0.459215
0.217019 0.105473 -0.459146
0.216888 0.105771 -0.458969
0.216857 0.105585 -0.458861
0.216170 0.105505 -0.458714
0.216742 0.105398 -0.458783
0.216579 0.105264 -0.459017
0.215395 0.105851 -0.459129
0.216829 0.106125 -0.459182
0.217116 0.105997 -0.459407
0.217181 0.106827 -0.459511
0.217166 0.105548 -0.459312
0.217006 0.105098 -0.458830
0.215891 0.105080 -0.458753
0.214743 0.105373 -0.459176
0.215638 0.105513 -0.459168
0.216796 0.105623 -0.459367
0.216939 0.105946 -0.459497
0.217125 0.105938 -0.459140
0.216846 0.105648 -0.458981
0.214864 0.105824 -0.459112
0.214594 0.106805 -0.459183
0.215114 0.106863 -0.459209
0.217051 0.106027 -0.459165
0.217281 0.105210 -0.459012
0.216794 0.104760 -0.458853
0.217070 0.104801 -0.458882
0.217233 0.104854 -0.458494
0.217123 0.104754 -0.458614
0.216912 0.105570 -0.459317
0.217070 0.105346 -0.459191
0.216941 0.105413 -0.459321
0.216920 0.106718 -0.459719
0.216105 0.105131 -0.459328
0.215136 0.104723 -0.459205
0.216557 0.105169 -0.458994
0.216660 0.105772 -0.458842
0.217099 0.105464 -0.458388
0.217332 0.104831 -0.458968
0.217413 0.104566 -0.459103
0.217280 0.104800 -0.459130
0.217360 0.105000 -0.459235
0.217368 0.105259 -0.459338
0.217090 0.104970 -0.458700
0.216700 0.105095 -0.458978
0.216968 0.105427 -0.459091
0.217225 0.105436 -0.458952
0.217050 0.105176 -0.459105
0.216490 0.105374 -0.459253
0.215961 0.105343 -0.458272
0.215495 0.106182 -0.459210
0.215792 0.106711 -0.459339
0.216947 0.105622 -0.459245
0.217500 0.105504 -0.459369
0.217127 0.105331 -0.459222
0.216976 0.104904 -0.459348
0.216984 0.105040 -0.458618
0.216550 0.105109 -0.458623
0.215743 0.105121 -0.459781
0.217070 0.105096 -0.458991
0.217501 0.105006 -0.459111
0.217329 0.105154 -0.459033
0.217516 0.105337 -0.458673
0.217275 0.104991 -0.458523
0.217271 0.104905 -0.458250
0.217021 0.105279 -0.458592
0.216111 0.105958 -0.459656
0.217682 0.107449 -0.459011
0.217360 0.105811 -0.459233
0.217419 0.105519 -0.459542
0.217613 0.105380 -0.459073
0.217616 0.105071 -0.458666
0.217423 0.105427 -0.459377
0.217321 0.107008 -0.458889
0.217097 0.105779 -0.458973
0.216355 0.105664 -0.459531
0.217157 0.105419 -0.459092
0.216808 0.106106 -0.458329
0.217254 0.106836 -0.457930
0.217387 0.105676 -0.458576
0.217212 0.105809 -0.458686
0.216675 0.106771 -0.458169
0.217151 0.106035 -0.458366
0.217206 0.106839 -0.458500
0.217441 0.106728 -0.458396
0.217629 0.105783 -0.458830
0.217667 0.105472 -0.458918
0.217635 0.105184 -0.458841
0.217475 0.105200 -0.458856
0.217335 0.105362 -0.458738
0.217180 0.105761 -0.458656
0.217074 0.105419 -0.458503
0.216042 0.105544 -0.458954
0.216531 0.105936 -0.458981
0.215773 0.107283 -0.460225
0.216816 0.106821 -0.459188
0.217198 0.105639 -0.458957
0.217655 0.105400 -0.459240
0.217704 0.104996 -0.459777
0.217502 0.104891 -0.459195
0.217406 0.104957 -0.458747
0.217452 0.104666 -0.458958
0.217439 0.104932 -0.458861
0.217437 0.105198 -0.459204
0.217428 0.105266 -0.458982
0.217372 0.105323 -0.459021
0.217125 0.105664 -0.458972
0.217173 0.105550 -0.459091
0.217387 0.105358 -0.459063
0.217436 0.105395 -0.458676
0.217415 0.105292 -0.458546
0.217339 0.105273 -0.458578
0.217738 0.105311 -0.458736
0.217530 0.105472 -0.459440
0.217466 0.105457 -0.459531
0.217446 0.105279 -0.459132
0.217398 0.105555 -0.458691
0.217209 0.105886 -0.458588
0.217186 0.105701 -0.458604
0.217240 0.105597 -0.458738
0.216802 0.105416 -0.459165
0.217212 0.105076 -0.458579
0.217073 0.104663 -0.458219
0.217366 0.104779 -0.458244
0.217249 0.104924 -0.458716
0.216405 0.105098 -0.458814
0.215495 0.105201 -0.459497
0.215864 0.105199 -0.459245
0.216603 0.105541 -0.458702
0.216714 0.106842 -0.458701
0.215698 0.106022 -0.459820
0.216555 0.105575 -0.459132
0.216826 0.105495 -0.458935
0.215787 0.106860 -0.459213
0.216847 0.105608 -0.459103
0.217294 0.105755 -0.459044
0.217175 0.105457 -0.459055
0.216998 0.105432 -0.458779
0.216532 0.105834 -0.459063
0.217151 0.105263 -0.459003
0.217001 0.105576 -0.458821
0.216542 0.105708 -0.459382
0.217238 0.105592 -0.459171
0.217425 0.105609 -0.459128
0.217415 0.106853 -0.459067
0.217245 0.106183 -0.458860
0.217317 0.106862 -0.458796
0.217073 0.105622 -0.459078
0.216763 0.105322 -0.459207
0.217285 0.105735 -0.458897
0.217432 0.105653 -0.459099
0.217467 0.105861 -0.459060
0.217502 0.105785 -0.458685
0.217600 0.105692 -0.458752
0.217266 0.106052 -0.458953
0.217224 0.106867 -0.458740
0.217346 0.105653 -0.459031
0.217066 0.105355 -0.459332
0.215922 0.105469 -0.460011
0.217018 0.105516 -0.459274
0.217149 0.105520 -0.459051
0.217152 0.105469 -0.458710
0.217152 0.105275 -0.458672
0.217155 0.105464 -0.458692
0.217203 0.105269 -0.458805
0.217397 0.105299 -0.459069
0.217433 0.105618 -0.459115
0.217395 0.105454 -0.458860
0.217438 0.105727 -0.458639
0.217452 0.105722 -0.458742
0.217463 0.105411 -0.458659
0.217453 0.105285 -0.458681
0.217435 0.105267 -0.458927
0.217402 0.105302 -0.458673
0.217250 0.105428 -0.458818
0.217346 0.105298 -0.459270
0.217179 0.105418 -0.458769
0.217134 0.105314 -0.458745
0.217128 0.105448 -0.459314
0.217144 0.106240 -0.459163
0.217189 0.106075 -0.458744
0.217394 0.106113 -0.459020
0.217431 0.105405 -0.458795
0.217387 0.105090 -0.459061
0.217439 0.105308 -0.458959
0.217445 0.105043 -0.458442
0.217391 0.105141 -0.458864
0.217173 0.105235 -0.458708
0.217136 0.105583 -0.458974
0.217176 0.106783 -0.458979
0.217342 0.105726 -0.458771
0.217237 0.105836 -0.459161
0.217385 0.105508 -0.459178
0.217393 0.105781 -0.459222
0.217247 0.105383 -0.458888
0.217394 0.105295 -0.459089
0.217385 0.105377 -0.459086
0.217191 0.105708 -0.459113
0.217192 0.105283 -0.459115
0.217401 0.105082 -0.459313
0.217444 0.105243 -0.458820
0.217455 0.105489 -0.459027
0.217492 0.106352 -0.459014
0.217646 0.105455 -0.458750
0.217727 0.105283 -0.459092
0.217668 0.105254 -0.459219
0.217519 0.105238 -0.459224
0.217003 0.105171 -0.459140
0.217077 0.105224 -0.459204
0.217103 0.105173 -0.458883
0.217122 0.105223 -0.459085
0.217134 0.105151 -0.459064
0.217187 0.105126 -0.458934
0.217397 0.105094 -0.459437
0.217455 0.104995 -0.459204
0.217485 0.105096 -0.459182
0.217540 0.105132 -0.459292
0.217255 0.105155 -0.459145
0.217284 0.105065 -0.458610
0.217213 0.105156 -0.458938
0.217341 0.105151 -0.459090
0.217186 0.105199 -0.459132
0.217132 0.105232 -0.459175
0.217180 0.105152 -0.459315
0.217376 0.105134 -0.459274
0.217377 0.105150 -0.459088
0.217428 0.105220 -0.458844
0.217407 0.105151 -0.459073
0.217303 0.105132 -0.459124
0.217599 0.105130 -0.459156
0.217495 0.105134 -0.459235
0.217461 0.105143 -0.459113
0.217446 0.105023 -0.459111
0.217396 0.105159 -0.459233
0.217210 0.105180 -0.459150
0.217212 0.105087 -0.459103
0.217345 0.104734 -0.459114
0.217192 0.105027 -0.458814
0.217138 0.105113 -0.459011
0.217138 0.105131 -0.459082
0.217189 0.105145 -0.458896
0.217336 0.105200 -0.459219
0.217229 0.105245 -0.459101
0.217341 0.105212 -0.458583
0.217229 0.105199 -0.458842
0.217347 0.105183 -0.458984
0.217216 0.105135 -0.458977
0.217241 0.105134 -0.459475
0.217538 0.105202 -0.459360
0.217269 0.105344 -0.459293
0.217328 0.105811 -0.459184
0.217340 0.105542 -0.459106
0.217367 0.105210 -0.459255
0.217475 0.105140 -0.459078
0.217619 0.105190 -0.458760
0.217568 0.105404 -0.458701
0.217226 0.105194 -0.458970
0.217153 0.105134 -0.458713
0.217177 0.105133 -0.458685
0.217345 0.105192 -0.459158
0.217253 0.105403 -0.459741
0.217401 0.105251 -0.458935
0.217389 0.105205 -0.458715
0.217188 0.105199 -0.458967
0.217158 0.105221 -0.458745
0.217225 0.105305 -0.458844
0.217492 0.105198 -0.459237
0.217319 0.105324 -0.459819
0.217557 0.105748 -0.459209
0.217465 0.105401 -0.458975
0.216814 0.105494 -0.458664
0.217006 0.105273 -0.458972
0.216820 0.105276 -0.458849
0.215953 0.105367 -0.459562
0.216839 0.105453 -0.458736
0.217100 0.105699 -0.458564
0.217178 0.105631 -0.458922
0.217280 0.105757 -0.459085
0.217173 0.105373 -0.459057
0.217156 0.105614 -0.458814
0.217179 0.106878 -0.458905
0.217282 0.106096 -0.459010
0.217221 0.105397 -0.458650
0.217342 0.105304 -0.458654
0.217145 0.105181 -0.459046
0.216944 0.105345 -0.459277
0.217085 0.106020 -0.458632
0.217140 0.105386 -0.458295
0.217153 0.105205 -0.458902
0.217149 0.105111 -0.458948
0.217122 0.105047 -0.458747
0.217051 0.105153 -0.458531
0.216812 0.105164 -0.459244
0.217443 0.105238 -0.459351
0.217231 0.105184 -0.458685
0.217162 0.105030 -0.459057
0.217220 0.104677 -0.459201
0.217434 0.104938 -0.459323
0.217451 0.105283 -0.459229
0.217280 0.105022 -0.458768
0.217408 0.105647 -0.458843
0.217446 0.105376 -0.459110
0.217454 0.105285 -0.458959
0.217443 0.105242 -0.459387
0.217380 0.105150 -0.459690
0.217157 0.105149 -0.459375
0.217314 0.105229 -0.459465
0.217238 0.105222 -0.459279
0.217426 0.105409 -0.459174
0.217589 0.105160 -0.459053
0.217978 0.104972 -0.458825
0.217179 0.104966 -0.459046
0.217417 0.104988 -0.459252
0.217653 0.105264 -0.459170
0.217540 0.105578 -0.459451
0.217533 0.106056 -0.459126
0.216952 0.105460 -0.459434
0.216903 0.105267 -0.459240
0.217285 0.105154 -0.459292
0.217256 0.105184 -0.459163
0.217390 0.105357 -0.459121
0.216844 0.105071 -0.459068
0.217255 0.105144 -0.459003
0.217240 0.105101 -0.458794
0.217362 0.105006 -0.458887
0.217248 0.105141 -0.458794
0.217363 0.105146 -0.458998
0.217230 0.105184 -0.459030
0.217357 0.105181 -0.459091
0.217311 0.105159 -0.459047
0.217677 0.105195 -0.459226
0.217677 0.105523 -0.459269
0.217345 0.106388 -0.458868
0.217586 0.105574 -0.458798
0.218048 0.105404 -0.458931
0.217526 0.105210 -0.458826
0.217899 0.105194 -0.459061
0.217735 0.105515 -0.458930
0.217376 0.106371 -0.458488
0.217598 0.105516 -0.459002
0.217295 0.105235 -0.459122
0.217349 0.105430 -0.459192
0.217193 0.105855 -0.459239
0.217201 0.106244 -0.459285
0.217402 0.105476 -0.459690
0.217503 0.105185 -0.459565
0.217682 0.105173 -0.458693
0.217505 0.105328 -0.458804
0.217441 0.105131 -0.459417
0.217396 0.104954 -0.459025
0.217483 0.105095 -0.459639
0.217646 0.105189 -0.459755
0.217502 0.105234 -0.459696
0.217449 0.105166 -0.459427
0.217380 0.105177 -0.459709
0.217196 0.105138 -0.459878
0.217190 0.105127 -0.459372
0.217387 0.105125 -0.458000
0.217423 0.105134 -0.458519
0.217374 0.105185 -0.458720
0.217440 0.105367 -0.459000
0.217518 0.105271 -0.458821
0.217753 0.105154 -0.459150
0.217737 0.105145 -0.459272
0.217460 0.105247 -0.459593
0.217193 0.105368 -0.459656
0.217138 0.105750 -0.459333
0.217124 0.105872 -0.459234
0.217140 0.105581 -0.459346
0.217193 0.105304 -0.459390
0.217446 0.105182 -0.459433
0.217665 0.105279 -0.459960
0.217558 0.105412 -0.459786
0.217649 0.105217 -0.459722
0.217439 0.105226 -0.459600
0.217211 0.105150 -0.460091
0.217244 0.105149 -0.460028
0.217623 0.105212 -0.459412
0.217543 0.105140 -0.459523
0.217629 0.105139 -0.459211
0.217490 0.105267 -0.459128
0.217452 0.105651 -0.459132
0.217452 0.106182 -0.459190
0.217491 0.105601 -0.459207
0.217550 0.105789 -0.459163
0.217822 0.105444 -0.458469
0.217386 0.105867 -0.458731
0.217615 0.106491 -0.459190
0.218197 0.106686 -0.459296
0.217596 0.105867 -0.459134
0.217341 0.105747 -0.459161
0.217668 0.105300 -0.459099
0.217659 0.105193 -0.458818
0.217341 0.105182 -0.458783
0.217511 0.105207 -0.459121
0.217372 0.105312 -0.458768
0.217322 0.105663 -0.458803
0.217315 0.105314 -0.459454
0.217770 0.105211 -0.459399
0.217644 0.105187 -0.459343
0.217979 0.105176 -0.459488
0.218126 0.105294 -0.459038
0.218107 0.105175 -0.459687
0.217144 0.105196 -0.459022
0.216940 0.105275 -0.459275
0.216472 0.105683 -0.459367
0.217319 0.105310 -0.458743
0.217314 0.105169 -0.459459
0.217138 0.105177 -0.459841
0.217276 0.105156 -0.459066
0.217218 0.105061 -0.458555
0.217321 0.105183 -0.459167
0.217302 0.105321 -0.458943
0.217171 0.105699 -0.459728
0.217193 0.105267 -0.459417
0.217425 0.105142 -0.459648
0.217581 0.105122 -0.459910
0.217488 0.105153 -0.459596
0.217641 0.105284 -0.459336
0.217391 0.105424 -0.459747
0.216982 0.105253 -0.459057
0.217116 0.105218 -0.459804
0.217212 0.105283 -0.459339
0.216985 0.105453 -0.459152
0.217140 0.105377 -0.459017
0.217300 0.105232 -0.458641
0.217315 0.105180 -0.458627
0.217233 0.105178 -0.458899
0.217345 0.105136 -0.458599
0.217202 0.105124 -0.458661
0.217230 0.105119 -0.459200
0.217528 0.105121 -0.458781
0.217445 0.105166 -0.458856
0.217467 0.105611 -0.459557
0.217024 0.105288 -0.458774
0.217107 0.105147 -0.458589
0.217150 0.105150 -0.458880
0.217152 0.105335 -0.458380
0.217151 0.106000 -0.458274
0.217142 0.105415 -0.458401
0.217103 0.105378 -0.458922
0.216985 0.105992 -0.458399
0.217244 0.105395 -0.458323
0.217224 0.105463 -0.458925
0.217322 0.105511 -0.458883
0.217377 0.106148 -0.459071
0.217221 0.105835 -0.459168
0.217278 0.105254 -0.459217
0.217186 0.105062 -0.459471
0.217204 0.105164 -0.459326
0.217352 0.105234 -0.459597
0.217205 0.105209 -0.459242
0.217102 0.105199 -0.459042
0.217079 0.105188 -0.458577
0.216790 0.105151 -0.457993
0.215944 0.105175 -0.458069
0.215874 0.105139 -0.458232
0.216493 0.105131 -0.458552
0.216513 0.105132 -0.458213
0.215931 0.105134 -0.458024
0.215801 0.105118 -0.457752
0.216041 0.105015 -0.458094
0.216289 0.104634 -0.458268
0.215377 0.104694 -0.458803
0.215465 0.104973 -0.459090
0.215857 0.105191 -0.459196
0.216716 0.105153 -0.459153
0.216671 0.105146 -0.459597
0.216425 0.105201 -0.459343
0.216871 0.105404 -0.458908
0.216133 0.105166 -0.458860
0.216173 0.105019 -0.457895
0.216031 0.105159 -0.457955
0.216772 0.105209 -0.458502
0.216811 0.105144 -0.458377
0.216211 0.105091 -0.458790
0.216306 0.104958 -0.458667
0.216147 0.105091 -0.458030
0.216159 0.104951 -0.458655
0.216387 0.104885 -0.458706
0.216543 0.104952 -0.458390
0.216933 0.105119 -0.458690
0.217000 0.105225 -0.458778
0.216548 0.105061 -0.458875
0.216396 0.105050 -0.458218
0.216241 0.105131 -0.457954
0.216501 0.105034 -0.458391
0.216520 0.105023 -0.458436
0.216687 0.105068 -0.458970
0.216206 0.104944 -0.458802
0.215959 0.104865 -0.458296
0.216247 0.104858 -0.458233
0.216126 0.104917 -0.458621
0.216126 0.105026 -0.458405
0.217039 0.105405 -0.458870
0.217022 0.105430 -0.459151
0.216792 0.105364 -0.459386
0.215787 0.105722 -0.459163
0.217030 0.105793 -0.459169
0.217736 0.105662 -0.460137
0.216634 0.105108 -0.458634
0.216341 0.105111 -0.458357
0.217061 0.105239 -0.458744
0.217333 0.105684 -0.459242
0.216924 0.105698 -0.459026
0.216240 0.105308 -0.458440
0.216483 0.105205 -0.458363
0.216983 0.105341 -0.458748
0.217211 0.105179 -0.458791
0.216270 0.105130 -0.457876
0.216629 0.105087 -0.457850
0.217141 0.104952 -0.458249
0.216290 0.104927 -0.458223
0.216187 0.104984 -0.458182
0.216472 0.105243 -0.458247
0.216960 0.105470 -0.458448
0.217253 0.105411 -0.458717
0.217274 0.104972 -0.458904
0.217328 0.104897 -0.458715
0.217291 0.105243 -0.458654
0.217071 0.104860 -0.458759
0.216456 0.105332 -0.458958
0.216967 0.105500 -0.458923
0.216571 0.105618 -0.458667
0.216342 0.105128 -0.458030
0.216220 0.104951 -0.458502
0.216572 0.104918 -0.458270
0.215843 0.104918 -0.458258
0.216151 0.104923 -0.458621
0.216190 0.104940 -0.458203
0.216537 0.105004 -0.457664
0.217292 0.105074 -0.458340
0.216943 0.104997 -0.459047
0.216456 0.105094 -0.458421
0.216247 0.105094 -0.458181
0.215903 0.104998 -0.458067
0.216027 0.105088 -0.457869
0.216222 0.105070 -0.458510
0.216211 0.104924 -0.458233
0.216659 0.105040 -0.458397
0.216247 0.105481 -0.459324
0.217046 0.105157 -0.459491
0.217021 0.105610 -0.459557
0.216891 0.107220 -0.458883
0.217204 0.106298 -0.458952
0.217054 0.105874 -0.458837
0.216259 0.105280 -0.458952
0.217068 0.105273 -0.459330
0.217242 0.105689 -0.458764
0.217124 0.105772 -0.458577
0.217030 0.105381 -0.458530
0.217070 0.105597 -0.458326
0.217244 0.106758 -0.457961
0.217211 0.105608 -0.458350
0.217308 0.105408 -0.458452
0.217326 0.105809 -0.458206
0.217239 0.105209 -0.458591
0.216920 0.105114 -0.458947
0.217241 0.105023 -0.458722
0.217328 0.104717 -0.458573
0.217308 0.104904 -0.458524
0.217152 0.104858 -0.458459
0.217064 0.104616 -0.458277
0.217095 0.104678 -0.458618
0.217298 0.104490 -0.458764
0.217341 0.104724 -0.458623
0.217357 0.104867 -0.458290
0.217411 0.105439 -0.458481
0.217559 0.108525 -0.458281
0.217403 0.106989 -0.458580
0.217323 0.105060 -0.458618
0.217223 0.104965 -0.458542
0.217306 0.104929 -0.458905
0.217326 0.105219 -0.458737
0.217368 0.106155 -0.459087
0.217463 0.109172 -0.459160
0.217767 0.106097 -0.459231
0.217459 0.105154 -0.459198
0.217360 0.105421 -0.459102
0.217342 0.105638 -0.458659
0.217348 0.105639 -0.458392
0.217333 0.105106 -0.458835
0.217341 0.104943 -0.458735
0.217347 0.104815 -0.458725
0.217353 0.104673 -0.458929
0.217322 0.104848 -0.458612
0.217205 0.105023 -0.458651
0.217298 0.104897 -0.458652
0.217337 0.104883 -0.458732
0.217346 0.104998 -0.458795
0.217343 0.104932 -0.458797
0.217315 0.105369 -0.459098
0.217207 0.106707 -0.459165
0.217233 0.108769 -0.459268
0.216989 0.106581 -0.459093
0.217278 0.105626 -0.459016
0.217412 0.106272 -0.459543
0.217318 0.108697 -0.459228
0.217153 0.106720 -0.458883
0.217313 0.105275 -0.458691
0.217392 0.104761 -0.458594
0.217555 0.104799 -0.458604
0.217400 0.104873 -0.458845
0.217358 0.104863 -0.459049
0.217315 0.104893 -0.458837
0.217227 0.104885 -0.457778
0.217315 0.105035 -0.458520
0.217341 0.105610 -0.458789
0.217340 0.105194 -0.458993
0.217301 0.105241 -0.458794
0.217127 0.105565 -0.458861
0.217289 0.104921 -0.459030
0.217340 0.105712 -0.459077
0.217361 0.105804 -0.459004
0.217367 0.105301 -0.459341
0.217364 0.105029 -0.459117
0.217336 0.104966 -0.459093
0.217237 0.106172 -0.459098
0.216886 0.110120 -0.458914
0.217075 0.110123 -0.458190
0.217107 0.106279 -0.458408
0.216968 0.104833 -0.458428
0.217021 0.103808 -0.458479
0.217135 0.103182 -0.458547
0.217288 0.102894 -0.458621
0.217458 0.102883 -0.458694
0.217620 0.103088 -0.458755
0.217753 0.103449 -0.458794
0.217834 0.103903 -0.458804
0.217839 0.104391 -0.458774
0.217746 0.104850 -0.458695
0.217453 0.105211 -0.458494
0.217138 0.105437 -0.458325
0.216968 0.105317 -0.458309
0.216777 0.105547 -0.458731
0.216971 0.105031 -0.458666
0.217114 0.104810 -0.458149
0.217452 0.104940 -0.458686
0.217085 0.105402 -0.458282
0.216543 0.105451 -0.458259
0.216280 0.105172 -0.458711
0.216730 0.104984 -0.459015
0.216574 0.105000 -0.459078
0.216914 0.105033 -0.459028
0.216951 0.105142 -0.458677
0.216792 0.104975 -0.458706
0.216863 0.104936 -0.458631
0.216602 0.104971 -0.458699
0.216724 0.105004 -0.458968
0.216780 0.105153 -0.458598
0.217035 0.105727 -0.458449
0.217038 0.105814 -0.458130
0.216974 0.105736 -0.458027
0.216799 0.105263 -0.458472
0.216947 0.105599 -0.458606
0.216977 0.105449 -0.458629
0.216903 0.105594 -0.458200
0.217060 0.105217 -0.458068
0.217107 0.105581 -0.458154
0.217041 0.105250 -0.458468
0.216991 0.105719 -0.458609
0.216887 0.105508 -0.458720
0.216588 0.105253 -0.458627
0.216920 0.105722 -0.458597
0.216997 0.105788 -0.458590
0.217022 0.105713 -0.458598
0.217026 0.105685 -0.458737
0.217024 0.105384 -0.458569
0.217006 0.105702 -0.458255
0.216912 0.105798 -0.458532
0.216592 0.105851 -0.458505
0.216909 0.105999 -0.458227
0.216992 0.106141 -0.458202
0.217021 0.105893 -0.458541
0.217040 0.105811 -0.458738
0.217100 0.105728 -0.458620
0.217099 0.105339 -0.458667
0.217038 0.105464 -0.458357
0.217022 0.106986 -0.458909
0.217019 0.105973 -0.458900
0.217011 0.106214 -0.458802
0.216973 0.107084 -0.458596
0.216873 0.106492 -0.458583
0.216972 0.105796 -0.458600
0.216949 0.105879 -0.458666
0.216810 0.105830 -0.458870
0.216990 0.105834 -0.458307
0.217118 0.105575 -0.458919
0.217164 0.105832 -0.458971
0.217067 0.105806 -0.458402
0.217067 0.105761 -0.458533
0.216923 0.105813 -0.458872
0.217072 0.105943 -0.458692
0.217036 0.106123 -0.458673
0.217038 0.106697 -0.459003
0.217088 0.106168 -0.458801
0.217097 0.106536 -0.458588
0.217034 0.107118 -0.458170
0.216986 0.110365 -0.458873
0.216858 0.107212 -0.458860
0.216920 0.106056 -0.459179
0.216742 0.105857 -0.458964
0.216738 0.105951 -0.459005
0.216896 0.107444 -0.458746
0.216802 0.108902 -0.458710
0.216953 0.106287 -0.459054
0.216963 0.105523 -0.459193
0.216823 0.105975 -0.459186
0.216962 0.106627 -0.458593
0.217004 0.106051 -0.458279
0.216965 0.105977 -0.458108
0.216798 0.105893 -0.458147
0.216952 0.105399 -0.458691
0.217010 0.105040 -0.458697
0.217072 0.105226 -0.458712
0.217044 0.105910 -0.458433
0.217030 0.106629 -0.458764
0.216998 0.105371 -0.458828
0.217097 0.105132 -0.458897
0.217499 0.104948 -0.459162
0.217916 0.104859 -0.459408
0.218192 0.104844 -0.459534
0.217990 0.104857 -0.459376
0.217605 0.104932 -0.458853
0.217227 0.105067 -0.458299
0.217154 0.105512 -0.457913
0.217223 0.105123 -0.458182
0.217500 0.105066 -0.458562
0.217348 0.105416 -0.458424
0.217224 0.105915 -0.458773
0.217315 0.105162 -0.458997
0.217337 0.104941 -0.459029
0.217305 0.104864 -0.459278
0.217150 0.104889 -0.459557
0.216997 0.104875 -0.459507
0.217265 0.104964 -0.459020
0.217279 0.105296 -0.458205
0.217093 0.104972 -0.458874
0.217133 0.104925 -0.458920
0.217182 0.104958 -0.459359
0.217324 0.105264 -0.459681
0.217411 0.105062 -0.459272
0.217259 0.105308 -0.459137
0.216884 0.104958 -0.459054
0.217050 0.104871 -0.458996
0.217044 0.104916 -0.458652
0.217150 0.105020 -0.458711
0.217306 0.105496 -0.459073
0.217341 0.105070 -0.459136
0.217335 0.104941 -0.459135
0.217335 0.104904 -0.458932
0.217306 0.104874 -0.458942
0.217250 0.104964 -0.458657
0.217478 0.105201 -0.458597
0.217226 0.105540 -0.458682
0.217218 0.105079 -0.459074
0.217465 0.104976 -0.459304
0.217160 0.105065 -0.459252
0.216933 0.105029 -0.459088
0.217130 0.105083 -0.458655
0.217294 0.105059 -0.458503
0.217239 0.105475 -0.458990
0.216867 0.104928 -0.458977
0.216717 0.104570 -0.458803
0.217223 0.104858 -0.458843
0.217215 0.105043 -0.458783
0.217294 0.104994 -0.459064
0.217207 0.105103 -0.459017
0.217220 0.105152 -0.458961
0.216943 0.105244 -0.458967
0.217096 0.105244 -0.459255
0.217212 0.105164 -0.459482
0.217544 0.105190 -0.458907
0.217532 0.105108 -0.459072
0.217903 0.105569 -0.459367
0.217564 0.105378 -0.459253
0.217456 0.106645 -0.458997
0.217360 0.106413 -0.458229
0.217343 0.109647 -0.458854
0.217354 0.107145 -0.458900
0.217357 0.108768 -0.459067
0.217356 0.106571 -0.459137
0.217349 0.105690 -0.458981
0.217372 0.104943 -0.458621
0.217432 0.104769 -0.458754
0.217391 0.105031 -0.459598
0.217517 0.105284 -0.459025
0.217787 0.106042 -0.459562
0.217913 0.106175 -0.459818
0.217595 0.108136 -0.459619
0.217565 0.106382 -0.459200
0.217344 0.105185 -0.458972
0.217575 0.104871 -0.458781
0.217500 0.104705 -0.459144
0.216895 0.104830 -0.458909
0.216596 0.104941 -0.459428
0.216750 0.104819 -0.458979
0.216903 0.104855 -0.459383
0.217244 0.104904 -0.458684
0.216955 0.104889 -0.458631
0.217007 0.104932 -0.458591
0.216969 0.104715 -0.458436
0.216787 0.104903 -0.458377
0.216592 0.105217 -0.458561
0.216684 0.104770 -0.458894
0.216583 0.105263 -0.458392
0.217040 0.106071 -0.458335
0.217225 0.105590 -0.458271
0.216725 0.105074 -0.458056
0.216778 0.104825 -0.458354
0.216759 0.104726 -0.458102
0.216670 0.105524 -0.458453
0.217076 0.105260 -0.458540
0.217276 0.105741 -0.458324
0.217234 0.105720 -0.457597
0.216963 0.105122 -0.458135
0.217298 0.104833 -0.458329
0.216736 0.104654 -0.458186
0.216801 0.104865 -0.457917
0.216895 0.105507 -0.458406
0.217213 0.105216 -0.458264
0.217161 0.105822 -0.458148
0.217138 0.106287 -0.458216
0.217180 0.105293 -0.458465
0.217281 0.105134 -0.458476
0.217184 0.104562 -0.458175
0.217154 0.104759 -0.458420
0.216727 0.106257 -0.458562
0.217017 0.108491 -0.458591
0.217167 0.105891 -0.458564
0.217446 0.105373 -0.458449
0.217619 0.104908 -0.458415
0.217306 0.104653 -0.458583
0.217303 0.104976 -0.458593
0.216871 0.105061 -0.458660
0.216968 0.105645 -0.459199
0.217094 0.105642 -0.458765
0.217447 0.105043 -0.459866
0.217166 0.104924 -0.460180
0.216944 0.104895 -0.460109
0.217111 0.104861 -0.459562
0.217243 0.104927 -0.458885
0.217095 0.105103 -0.459211
0.217143 0.105847 -0.458923
0.217194 0.105181 -0.459418
0.216873 0.105309 -0.458654
0.217058 0.105638 -0.458867
0.217170 0.105425 -0.459283
0.217352 0.105044 -0.459037
0.217252 0.104926 -0.459705
0.217363 0.104921 -0.459123
0.217192 0.105013 -0.459826
0.217171 0.105505 -0.459431
0.217250 0.105174 -0.459616
0.217082 0.105396 -0.459647
0.217114 0.105205 -0.459454
0.217021 0.105177 -0.459730
0.216626 0.105158 -0.458985
0.216707 0.104928 -0.459294
0.217405 0.104923 -0.460006
0.217376 0.105040 -0.460093
0.217265 0.104940 -0.459736
0.216924 0.105036 -0.459556
0.216943 0.104899 -0.459847
0.217292 0.104898 -0.460108
0.217151 0.105041 -0.460061
0.216939 0.105003 -0.460157
0.217087 0.105201 -0.460012
0.217151 0.105556 -0.459454
0.217255 0.105226 -0.459544
0.217061 0.105589 -0.458852
0.216717 0.105213 -0.458663
0.217061 0.105501 -0.458821
0.217287 0.105030 -0.458896
0.217198 0.105090 -0.459113
0.216729 0.105638 -0.459068
0.216903 0.105629 -0.458693
0.216677 0.105171 -0.458663
0.216970 0.104825 -0.458952
0.216919 0.104873 -0.459507
0.217079 0.105077 -0.458900
0.217014 0.105226 -0.458891
0.216600 0.104991 -0.459718
0.216554 0.105245 -0.459365
0.216797 0.105868 -0.459383
0.216959 0.106950 -0.459461
0.216888 0.106069 -0.459279
0.216922 0.105238 -0.459603
0.216812 0.105163 -0.459310
0.217044 0.105395 -0.459270
0.217336 0.105687 -0.459118
0.216821 0.105563 -0.458803
0.217143 0.105385 -0.459109
0.217440 0.104961 -0.458371
0.217103 0.104671 -0.458186
0.216677 0.104530 -0.458403
0.216758 0.105174 -0.459320
0.216607 0.104932 -0.458798
0.216788 0.104931 -0.458412
0.216936 0.105573 -0.458085
0.217234 0.105931 -0.458491
0.216658 0.105966 -0.458230
0.216535 0.105607 -0.458292
0.216622 0.105336 -0.458798
0.217124 0.104669 -0.458687
0.217078 0.104910 -0.458407
0.217124 0.105762 -0.458775
0.217117 0.105597 -0.458383
0.217057 0.105450 -0.458319
0.217115 0.105419 -0.458517
0.217059 0.105146 -0.458540
0.216836 0.105506 -0.458576
0.216931 0.104939 -0.458820
0.217362 0.105027 -0.458446
0.217513 0.105894 -0.458787
0.217500 0.105146 -0.459153
0.217633 0.104848 -0.458879
0.217653 0.105361 -0.458836
0.217643 0.105380 -0.458870
0.217598 0.104958 -0.459384
0.217572 0.105424 -0.458825
0.217553 0.105861 -0.458586
0.217542 0.105780 -0.458262
0.217550 0.106179 -0.458328
0.217550 0.105668 -0.459008
0.217501 0.105387 -0.458960
0.217557 0.104970 -0.459026
0.217581 0.105046 -0.458333
0.217574 0.104674 -0.458313
0.217567 0.104617 -0.458858
0.217578 0.104777 -0.459474
0.217532 0.104860 -0.459494
0.217372 0.105361 -0.458876
0.217436 0.105997 -0.458827
0.216987 0.105017 -0.458881
0.217296 0.104933 -0.459187
0.217521 0.105165 -0.458999
0.217532 0.104906 -0.458252
0.217174 0.105424 -0.458686
0.217508 0.104920 -0.458934
0.217455 0.104886 -0.458426
0.217110 0.104996 -0.458679
0.217115 0.104803 -0.458717
0.217474 0.104879 -0.458685
0.217379 0.105114 -0.458508
0.217396 0.105597 -0.458059
0.217582 0.105115 -0.458831
0.217560 0.105192 -0.458868
0.217400 0.105971 -0.459002
0.216634 0.106395 -0.459698
0.216842 0.105263 -0.459751
0.216781 0.104953 -0.459504
0.217001 0.105062 -0.458572
0.217233 0.104987 -0.458622
0.217247 0.105061 -0.458606
0.217395 0.104946 -0.458714
0.216840 0.104852 -0.458681
0.217184 0.104625 -0.458609
0.217408 0.104848 -0.459143
0.216915 0.105091 -0.458900
0.216266 0.105152 -0.458872
0.217217 0.104896 -0.458704
0.217089 0.104612 -0.458431
0.217017 0.105042 -0.458891
0.216646 0.105250 -0.459069
0.216768 0.105007 -0.459035
0.217107 0.104925 -0.459024
0.216805 0.104877 -0.459183
0.216781 0.104922 -0.459138
0.217021 0.104969 -0.459066
0.216950 0.104949 -0.458974
0.217161 0.105002 -0.458718
0.216900 0.105214 -0.459075
0.217113 0.104943 -0.459428
0.216775 0.104881 -0.459058
0.217107 0.104926 -0.458755
0.216836 0.104973 -0.458724
0.216870 0.104917 -0.459008
0.216592 0.104794 -0.458993
0.216651 0.104549 -0.459024
0.217163 0.104732 -0.459016
0.217174 0.104724 -0.458677
0.217135 0.105399 -0.458341
0.217077 0.105043 -0.458927
0.216787 0.104898 -0.459177
0.216809 0.104920 -0.459107
0.217162 0.104994 -0.459011
0.217013 0.105232 -0.458694
0.216844 0.105052 -0.458404
0.217064 0.105011 -0.458221
0.217028 0.105325 -0.458813
0.216634 0.106096 -0.458650
0.216718 0.105690 -0.458791
0.217443 0.105208 -0.459400
0.217505 0.105458 -0.458929
0.217006 0.105166 -0.459234
0.216726 0.104936 -0.459100
0.216919 0.104785 -0.459527
0.217005 0.104840 -0.458966
0.217331 0.104714 -0.458618
0.217127 0.104649 -0.458034
0.217448 0.104911 -0.458683
0.217446 0.105657 -0.459122
0.217118 0.105613 -0.458622
0.217314 0.104874 -0.458769
0.217124 0.104744 -0.458978
0.217179 0.104936 -0.459591
0.216306 0.105179 -0.459012
0.216864 0.105011 -0.458393
0.217363 0.104930 -0.458606
0.217040 0.104879 -0.458713
0.217041 0.104914 -0.458927
0.217416 0.104923 -0.459560
0.217206 0.104912 -0.459792
0.217489 0.104863 -0.459690
0.217571 0.104853 -0.459576
0.217355 0.104887 -0.459769
0.217409 0.105049 -0.459551
0.217068 0.105444 -0.458492
0.216909 0.104827 -0.458613
0.216891 0.104866 -0.458834
0.216966 0.105083 -0.459156
0.217044 0.105644 -0.458772
0.217509 0.105058 -0.458355
0.217585 0.104946 -0.458623
0.217659 0.105010 -0.458715
0.217860 0.105458 -0.458763
0.217150 0.104960 -0.458727
0.217116 0.105045 -0.458659
0.217471 0.105020 -0.458539
0.217473 0.105288 -0.458048
0.216921 0.105349 -0.458604
0.216243 0.105922 -0.458820
0.217179 0.105154 -0.459364
0.217261 0.105022 -0.458489
0.217362 0.105260 -0.458395
0.217527 0.107488 -0.458934
0.217556 0.105165 -0.458493
0.217328 0.104516 -0.458745
0.217567 0.104581 -0.458839
0.217582 0.104781 -0.459171
0.217420 0.104836 -0.458629
0.217431 0.104846 -0.459179
0.217185 0.105001 -0.458884
0.217462 0.104911 -0.458705
0.217542 0.105000 -0.458908
0.217563 0.105386 -0.459323
0.217625 0.104906 -0.459294
0.217629 0.104498 -0.458903
0.217561 0.104472 -0.458839
0.217257 0.104724 -0.458854
0.217366 0.104622 -0.459143
0.217132 0.104430 -0.458406
0.217518 0.104468 -0.458237
0.217561 0.104782 -0.458216
0.217521 0.105061 -0.458413
0.217152 0.105011 -0.458992
0.217452 0.104551 -0.458340
0.217497 0.104404 -0.458432
0.217152 0.104411 -0.459114
0.217475 0.104505 -0.459173
0.217608 0.105003 -0.458967
0.217532 0.105325 -0.458911
0.217173 0.106013 -0.459023
0.217303 0.105298 -0.458542
0.217388 0.106061 -0.458978
0.217558 0.105846 -0.458869
0.217453 0.108293 -0.459226
0.216909 0.105521 -0.459012
0.217557 0.105425 -0.459452
0.218042 0.105319 -0.458922
0.217761 0.104923 -0.458883
0.217668 0.104754 -0.459024
0.217640 0.104574 -0.458463
0.217653 0.104876 -0.458676
0.217668 0.104886 -0.458856
0.217706 0.104786 -0.458965
0.217112 0.105021 -0.458244
0.217636 0.104968 -0.458334
0.217400 0.104914 -0.458816
0.217800 0.105003 -0.458482
0.217797 0.105007 -0.459001
0.218077 0.104682 -0.458811
0.217928 0.104810 -0.458761
0.217544 0.104695 -0.458792
0.216853 0.104730 -0.458815
0.216734 0.104992 -0.458727
0.216988 0.104918 -0.458377
0.217322 0.105033 -0.458551
0.217672 0.105510 -0.458481
0.217856 0.105109 -0.459403
0.216870 0.105140 -0.459353
0.216928 0.105057 -0.458961
0.217452 0.105603 -0.458960
0.217459 0.106356 -0.459389
0.217465 0.105235 -0.459676
0.217843 0.104883 -0.459372
0.217752 0.105319 -0.459305
0.217026 0.105329 -0.458991
0.217189 0.105671 -0.459285
0.217157 0.105219 -0.459374
0.217118 0.105514 -0.459240
0.216971 0.105738 -0.458917
0.216751 0.105270 -0.459121
0.216783 0.105063 -0.458907
0.217138 0.105157 -0.459135
0.217448 0.105644 -0.458790
0.217116 0.105041 -0.458833
0.217001 0.104958 -0.459221
0.216916 0.105206 -0.459160
0.216683 0.106337 -0.458794
0.217011 0.105646 -0.458807
0.217000 0.105297 -0.458842
0.216961 0.107198 -0.458961
0.216852 0.105436 -0.459480
0.217175 0.104806 -0.458935
0.217100 0.104899 -0.458890
0.217291 0.105088 -0.459010
0.217447 0.105908 -0.458597
0.217473 0.107386 -0.459215
0.217061 0.105385 -0.458701
0.217682 0.105135 -0.459158
0.217655 0.105456 -0.457979
0.217790 0.105586 -0.458432
0.217668 0.105036 -0.457972
0.217573 0.104758 -0.458102
0.217603 0.104697 -0.458382
0.217605 0.104733 -0.459467
0.217797 0.105051 -0.459594
0.217820 0.105538 -0.458926
0.217720 0.106429 -0.458854
0.217775 0.105609 -0.458938
0.217632 0.104982 -0.458322
0.217644 0.105427 -0.458298
0.217648 0.107653 -0.458655
0.217615 0.105597 -0.458714
0.217454 0.105023 -0.458618
0.217143 0.105031 -0.459338
0.217524 0.105613 -0.458447
0.217610 0.105744 -0.458294
0.217563 0.107898 -0.458435
0.217513 0.106332 -0.457744
0.217149 0.105342 -0.458010
0.217502 0.105320 -0.457959
0.217497 0.104921 -0.458153
0.217332 0.104778 -0.458463
0.217484 0.104611 -0.458854
0.217556 0.104961 -0.459290
0.217829 0.105633 -0.459030
0.217687 0.105686 -0.458055
0.217588 0.105248 -0.458172
0.217548 0.105034 -0.458596
0.217690 0.105369 -0.458703
0.217365 0.105454 -0.458471
0.217183 0.105095 -0.458996
0.217137 0.105143 -0.459171
0.217100 0.104985 -0.459260
0.216995 0.105127 -0.458491
0.217371 0.104653 -0.458572
0.216985 0.104849 -0.458736
0.217004 0.105219 -0.458981
0.217082 0.106033 -0.459094
0.216975 0.105404 -0.459026
0.216851 0.105395 -0.458694
0.217142 0.106655 -0.458803
0.216911 0.105312 -0.459437
0.217213 0.104595 -0.459572
0.217166 0.104608 -0.459326
0.217125 0.105328 -0.459208
0.216969 0.105099 -0.459133
0.216743 0.104631 -0.458808
0.216680 0.104927 -0.458856
0.216690 0.105110 -0.459477
0.216735 0.105480 -0.459247
0.216894 0.105233 -0.459451
0.216815 0.105155 -0.459414
0.217073 0.105235 -0.459538
0.217148 0.105855 -0.459093
0.216681 0.107028 -0.458675
0.216791 0.107362 -0.458596
0.217206 0.107522 -0.458525
0.217174 0.107169 -0.458633
0.216691 0.105807 -0.458691
0.216777 0.105627 -0.458668
0.217199 0.105380 -0.458826
0.217222 0.105845 -0.458382
0.216881 0.105528 -0.458559
0.216954 0.104787 -0.459015
0.216590 0.104853 -0.459533
0.216507 0.105686 -0.459787
0.216618 0.107528 -0.458908
0.217057 0.106649 -0.458677
0.216782 0.109376 -0.458957
0.217210 0.106910 -0.458959
0.217329 0.105580 -0.458707
0.217308 0.105759 -0.459348
0.217167 0.105397 -0.458742
0.217073 0.105748 -0.458504
0.216840 0.107475 -0.458449
0.216961 0.105864 -0.458594
0.216608 0.105622 -0.458798
0.216526 0.105439 -0.459157
0.216600 0.105501 -0.458995
0.217028 0.105504 -0.458564
0.217103 0.105132 -0.458465
0.217196 0.105532 -0.459108
0.216281 0.105733 -0.458823
0.217334 0.105114 -0.458694
0.217510 0.105217 -0.458775
0.216371 0.106511 -0.458789
0.217068 0.107486 -0.458184
0.217245 0.106451 -0.458565
0.216975 0.105542 -0.458605
0.216637 0.105661 -0.459186
0.217079 0.105537 -0.458841
0.216872 0.106878 -0.458730
0.216348 0.110555 -0.458649
0.216833 0.106755 -0.459108
0.216988 0.105191 -0.459142
0.217137 0.105021 -0.458808
0.217522 0.104966 -0.458636
0.217877 0.105156 -0.459211
0.217440 0.104851 -0.460482
0.214582 0.105854 -0.463430
0.203221 0.112515 -0.464510
0.197167 0.132500 -0.437193
0.187263 0.137966 -0.329045
0.176376 0.140714 -0.198895
0.165816 0.145369 -0.092359
0.155093 0.150095 0.008608
0.144223 0.154884 0.104116
0.133223 0.159728 0.194274
0.122110 0.164617 0.279192
0.110902 0.169542 0.358982
0.099614 0.174496 0.433752
0.088265 0.179468 0.503612
0.076871 0.184452 0.568674
0.065449 0.189436 0.629045
0.054016 0.194414 0.684838
0.042589 0.199376 0.736161
0.031185 0.204314 0.783125
0.019821 0.209218 0.825840
0.008513 0.214080 0.864416
-0.002720 0.218891 0.898962
-0.013862 0.223643 0.929589
-0.024897 0.228327 0.956407
-0.035807 0.232933 0.979525
-0.046575 0.237454 0.999055
-0.057184 0.241880 1.015105
-0.067617 0.246203 1.027786
-0.077858 0.250413 1.037207
-0.087890 0.254503 1.043480
-0.097694 0.258464 1.046713
-0.107255 0.262286 1.047018
-0.116556 0.265961 1.044503
-0.125579 0.269480 1.039279
-0.134307 0.272834 1.031456
-0.142724 0.276016 1.021144
-0.150812 0.279015 1.008453
-0.158555 0.281823 0.993493
-0.165936 0.284432 0.976373
-0.172937 0.286833 0.957205
-0.179542 0.289016 0.936098
-0.185734 0.290974 0.913161
-0.191495 0.292697 0.888506
-0.196810 0.294177 0.862241
-0.201660 0.295404 0.834478
-0.206028 0.296371 0.805326
-0.209899 0.297069 0.774894
-0.213255 0.297488 0.743294
-0.216078 0.297619 0.710635
-0.218352 0.297456 0.677027
-0.220061 0.296987 0.642580
-0.221186 0.296205 0.607404
-0.221711 0.295101 0.571609
-0.221620 0.293667 0.535306
-0.220894 0.291893 0.498603
-0.219518 0.289770 0.461612
-0.217474 0.287290 0.424442
-0.214745 0.284445 0.387202
-0.211314 0.281225 0.350005
-0.207164 0.277621 0.312958
-0.202279 0.273626 0.276172
-0.196641 0.269230 0.239758
-0.190233 0.264424 0.203825
-0.183039 0.259200 0.168483
-0.175041 0.253548 0.133843
-0.166222 0.247461 0.100014
-0.156566 0.240929 0.067106
-0.146055 0.233944 0.035229
-0.134673 0.226497 0.004494
-0.122402 0.218579 -0.024990
-0.109226 0.210182 -0.053113
-0.095128 0.201296 -0.079764
-0.080090 0.191913 -0.104834
-0.064096 0.182024 -0.128213
-0.047128 0.171621 -0.149790
-0.029170 0.160694 -0.169456
-0.010205 0.149235 -0.187101
0.009784 0.137236 -0.202614
0.030815 0.124686 -0.215886
0.052904 0.111579 -0.226806
0.076068 0.097904 -0.235265
0.100324 0.083654 -0.241152
0.125689 0.068819 -0.244358
0.152180 0.053390 -0.244772
0.179814 0.037360 -0.242285
0.208608 0.020718 -0.236786
0.238944 0.003217 -0.227791
0.269910 -0.014543 -0.216146
0.300960 -0.032202 -0.202321
0.331547 -0.049399 -0.186788
0.361126 -0.065775 -0.170018
0.389149 -0.080967 -0.152482
0.415070 -0.094617 -0.134650
0.438343 -0.106364 -0.116996
0.458421 -0.115846 -0.099988
0.474757 -0.122705 -0.084099
0.486806 -0.126578 -0.069799
0.494020 -0.127107 -0.057560
0.495853 -0.123930 -0.047852
0.491759 -0.116688 -0.041148
0.481191 -0.105019 -0.037917
0.463603 -0.088563 -0.038632
0.438448 -0.066960 -0.043762
0.405180 -0.039849 -0.053780
0.363252 -0.006871 -0.069156
0.312117 0.032336 -0.090361
0.251230 0.078132 -0.117867
0.180044 0.130877 -0.152144
0.091549 0.223434 -0.167623
-0.029531 0.254300 -0.294150
-0.031855 0.163176 -0.391352
-0.042912 0.126723 -0.432345
-0.021127 0.108815 -0.450493
-0.014717 0.102892 -0.458279
-0.013486 0.102017 -0.458282
-0.013431 0.102418 -0.457667
-0.013419 0.103124 -0.457273
-0.013176 0.103202 -0.457233
-0.013501 0.102640 -0.457258
-0.013623 0.102501 -0.457544
-0.013666 0.102539 -0.457777
-0.013703 0.102634 -0.457384
-0.013616 0.103117 -0.457451
-0.013523 0.102825 -0.457793
-0.013270 0.103167 -0.457710
-0.013551 0.102919 -0.457480
-0.013608 0.103241 -0.457772
-0.013547 0.103370 -0.458173
-0.013291 0.103265 -0.457668
-0.013537 0.102771 -0.457487
-0.013641 0.103076 -0.457465
-0.013526 0.102929 -0.457559
-0.012888 0.103651 -0.457940
-0.013519 0.102859 -0.458187
-0.013683 0.103176 -0.457611
-0.013737 0.103320 -0.457624
-0.013659 0.103590 -0.458277
-0.013593 0.104474 -0.458316
-0.013268 0.103766 -0.457709
-0.013439 0.103764 -0.457761
-0.013289 0.103035 -0.458466
-0.013471 0.103535 -0.458457
-0.013208 0.104407 -0.458550
-0.013270 0.103449 -0.458435
-0.013605 0.102784 -0.458117
-0.013595 0.103163 -0.458593
-0.013575 0.103265 -0.458550
-0.013598 0.103168 -0.458633
-0.013703 0.102709 -0.458555
-0.014017 0.102654 -0.458534
-0.013728 0.103336 -0.458542
-0.013620 0.104221 -0.458583
-0.013590 0.104872 -0.458524
-0.013601 0.104717 -0.458578
-0.013580 0.103679 -0.458492
-0.013488 0.103340 -0.458466
-0.013117 0.103276 -0.458475
-0.013158 0.103271 -0.458732
-0.013416 0.103297 -0.458724
-0.013136 0.103475 -0.458772
-0.013220 0.104222 -0.458778
-0.013441 0.104874 -0.458651
-0.013244 0.104874 -0.458836
-0.013432 0.104303 -0.458744
-0.013141 0.104255 -0.458718
-0.013165 0.104570 -0.458601
-0.013430 0.103676 -0.458674
-0.013283 0.103721 -0.458672
-0.013559 0.103116 -0.458581
-0.013636 0.104447 -0.458618
-0.013637 0.104390 -0.458612
-0.013538 0.104891 -0.458558
-0.013211 0.104846 -0.458679
-0.013424 0.104164 -0.458481
-0.013145 0.103730 -0.458231
-0.013056 0.104446 -0.457903
-0.013024 0.103707 -0.457877
-0.013171 0.103727 -0.458118
-0.013509 0.104316 -0.458579
-0.013532 0.103050 -0.458626
-0.013330 0.103283 -0.458844
-0.013436 0.103410 -0.458921
-0.013087 0.103614 -0.458736
-0.012776 0.104400 -0.458221
-0.013332 0.103039 -0.458487
-0.013270 0.102762 -0.458327
-0.013540 0.102933 -0.458732
-0.013667 0.104529 -0.458786
-0.013632 0.104553 -0.458682
-0.013546 0.103107 -0.458579
-0.013316 0.103486 -0.458791
-0.013444 0.104407 -0.458862
-0.013252 0.103555 -0.458930
-0.013594 0.102959 -0.458851
-0.013627 0.103207 -0.458918
-0.013289 0.103327 -0.458961
-0.013301 0.103329 -0.458749
-0.013617 0.103397 -0.458710
-0.013540 0.103459 -0.458777
-0.013287 0.103850 -0.458868
-0.013549 0.103496 -0.458617
-0.013656 0.103269 -0.458603
-0.013725 0.102836 -0.458710
-0.013622 0.103519 -0.458626
-0.013405 0.104395 -0.459009
-0.012477 0.103518 -0.459568
-0.013393 0.102767 -0.459061
-0.013617 0.102626 -0.458558
-0.013717 0.103263 -0.458630
-0.013717 0.103800 -0.458850
-0.013613 0.103448 -0.458637
-0.013531 0.103429 -0.458819
-0.013344 0.103596 -0.458760
-0.013537 0.104267 -0.458654
-0.013602 0.104594 -0.458443
-0.013532 0.103526 -0.458504
-0.013194 0.102973 -0.458828
-0.013110 0.103106 -0.458902
-0.013138 0.102833 -0.458888
-0.013500 0.102793 -0.459110
-0.013287 0.103013 -0.458845
-0.013283 0.102529 -0.458760
-0.013541 0.102625 -0.458597
-0.013350 0.103252 -0.458785
-0.013533 0.105444 -0.458821
-0.013325 0.103830 -0.458750
-0.013428 0.102961 -0.458637
-0.013117 0.102887 -0.458559
-0.013124 0.103386 -0.458770
-0.013289 0.103433 -0.458635
-0.013848 0.103622 -0.458862
-0.013343 0.104581 -0.458947
-0.013182 0.104251 -0.458944
-0.013116 0.103884 -0.458842
-0.013215 0.104535 -0.458833
-0.013647 0.104020 -0.459044
-0.013816 0.105089 -0.459010
-0.014001 0.103738 -0.459185
-0.013251 0.103262 -0.459285
