-0.043430 0.130409 -0.025906 False
-0.041107 0.128007 -0.026771 False
-0.038801 0.125621 -0.027634 False
-0.036497 0.123219 -0.028489 False
-0.034182 0.120766 -0.029330 False
-0.031843 0.118230 -0.030152 False
-0.029467 0.115575 -0.030949 False
-0.027041 0.112770 -0.031714 False
-0.024550 0.109779 -0.032442 False
-0.021982 0.106570 -0.033127 False
-0.019324 0.103109 -0.033763 False
-0.016563 0.099362 -0.034344 False
-0.013684 0.095296 -0.034865 False
-0.010674 0.090876 -0.035318 False
-0.007522 0.086070 -0.035700 False
-0.004212 0.080844 -0.036002 False
-0.000732 0.075164 -0.036220 False
0.002932 0.068996 -0.036348 False
0.006792 0.062307 -0.036380 False
0.010863 0.055064 -0.036310 False
0.015156 0.047232 -0.036132 False
0.019687 0.038778 -0.035840 False
0.024467 0.029668 -0.035428 False
0.030963 0.017332 -0.034826 True
0.034713 0.009217 -0.033869 True
0.037042 0.004039 -0.033685 False
0.038360 0.000811 -0.033685 False
0.038895 -0.000831 -0.033748 False
0.038874 -0.001250 -0.033750 False
0.038526 -0.000807 -0.033571 False
0.038080 0.000133 -0.033087 False
0.037762 0.001208 -0.032176 True
0.037787 0.001397 -0.030890 True
0.038477 0.001805 -0.027282 True
0.039544 0.002492 -0.025816 True
0.042622 0.004187 -0.023506 False
0.046987 0.006489 -0.021043 False
0.052556 0.009341 -0.018486 False
0.059242 0.012685 -0.015898 False
0.066962 0.016465 -0.013338 False
0.075630 0.020622 -0.010868 False
0.085163 0.025101 -0.008548 False
0.095475 0.029843 -0.006438 False
0.106482 0.034791 -0.004601 False
0.118099 0.039888 -0.003096 False
0.130242 0.045077 -0.001984 False
0.142825 0.050301 -0.001325 False
0.155765 0.055502 -0.001182 False
0.168976 0.060624 -0.001613 False
0.182373 0.065608 -0.002681 False
0.195873 0.070398 -0.004445 False
0.209390 0.074936 -0.006967 False
0.222840 0.079166 -0.010307 False
0.236139 0.083030 -0.014526 False
0.250385 0.085861 -0.019839 False
0.263668 0.090420 -0.028243 False
0.270806 0.093589 -0.033523 False
0.275410 0.094705 -0.035771 False
0.278308 0.092262 -0.033637 False
0.276096 0.094145 -0.028636 False
0.272542 0.095783 -0.024527 False
0.270049 0.099119 -0.022420 False
0.261264 0.098241 -0.023542 False
0.249374 0.095211 -0.024994 False
0.239262 0.094195 -0.026652 False
0.234018 0.093834 -0.029516 False
0.231012 0.094099 -0.031483 False
0.227070 0.093719 -0.031993 False
0.226093 0.093923 -0.033820 False
0.227763 0.095603 -0.038109 False
0.224487 0.098990 -0.045856 False
0.225807 0.106498 -0.059069 False
0.242691 0.121182 -0.077901 False
0.279224 0.149165 -0.114444 False
0.303820 0.164880 -0.152438 False
0.318024 0.172422 -0.184154 False
0.322301 0.194831 -0.198760 False
0.323291 0.263687 -0.205262 False
0.304064 0.267472 -0.228044 False
0.281774 0.247683 -0.243481 False
0.231186 0.178516 -0.180648 False
0.212626 0.158449 -0.150133 False
0.217379 0.157976 -0.162183 False
0.245083 0.183256 -0.226957 False
0.245810 0.157417 -0.218919 False
0.247439 0.152480 -0.213223 False
0.253854 0.139604 -0.205723 False
0.258720 0.122373 -0.207473 False
0.257548 0.110536 -0.209394 False
0.253591 0.101241 -0.209416 False
0.249076 0.096581 -0.208360 False
0.245920 0.093628 -0.209091 False
0.243420 0.093812 -0.209240 False
0.242650 0.094154 -0.211043 False
0.241655 0.093937 -0.212282 False
0.240280 0.091537 -0.210849 False
0.238122 0.088620 -0.209585 False
0.231748 0.088605 -0.205426 False
0.222740 0.091221 -0.196218 False
0.213589 0.112996 -0.175729 False
0.218411 0.178728 -0.131228 False
0.247590 0.233143 -0.099634 False
0.270350 0.252055 -0.094466 False
0.258509 0.251183 -0.081784 False
0.248830 0.248873 -0.077605 False
0.249107 0.241840 -0.077020 False
0.244606 0.237152 -0.070207 False
0.239495 0.239026 -0.061142 False
0.236293 0.241556 -0.058932 False
0.233781 0.242842 -0.057239 False
0.233420 0.241266 -0.056093 False
0.231827 0.244187 -0.055195 False
0.228963 0.252015 -0.055225 False
0.229345 0.254405 -0.059113 False
0.226972 0.256391 -0.058513 False
0.225966 0.256476 -0.056557 False
0.226273 0.256399 -0.056794 False
0.233216 0.259211 -0.058390 False
0.234082 0.259896 -0.059495 False
0.232225 0.260446 -0.059759 False
0.228508 0.263073 -0.059936 False
0.222385 0.267254 -0.058071 False
0.221434 0.268145 -0.057452 False
0.219872 0.264924 -0.057631 False
0.222756 0.257616 -0.057463 False
0.219911 0.248066 -0.058890 False
0.221363 0.245430 -0.059115 False
0.234425 0.250737 -0.065055 False
0.280217 0.277246 -0.080032 False
0.263768 0.255367 -0.068421 False
0.245646 0.243825 -0.063562 False
0.240099 0.235867 -0.064940 False
0.231380 0.222880 -0.072893 False
0.225871 0.211794 -0.068971 False
0.228945 0.204311 -0.054973 False
0.236282 0.197654 -0.038308 False
0.241353 0.181642 -0.032172 False
0.231213 0.164188 -0.045843 False
0.220344 0.151568 -0.075683 False
0.212429 0.131646 -0.097991 False
0.200554 0.119157 -0.121606 False
0.195685 0.106579 -0.139375 False
0.194821 0.101008 -0.147871 False
0.195296 0.101213 -0.154952 False
0.194742 0.107937 -0.163995 False
0.205685 0.115288 -0.174713 False
0.218529 0.116844 -0.179127 False
0.228476 0.116774 -0.182844 False
0.231325 0.116232 -0.186494 False
0.234043 0.115635 -0.190706 False
0.231711 0.114046 -0.195458 False
0.227157 0.113438 -0.196306 False
0.225892 0.113176 -0.196940 False
0.226286 0.111691 -0.199403 False
0.226523 0.113034 -0.204994 False
0.226679 0.126174 -0.216489 False
0.239731 0.172243 -0.238746 False
0.236064 0.164206 -0.230648 False
0.220275 0.100363 -0.165049 False
0.215491 0.080585 -0.144420 False
0.217630 0.076418 -0.141843 False
0.221366 0.076281 -0.144956 False
0.234131 0.079710 -0.156270 False
0.266823 0.078619 -0.196327 False
0.241692 0.077367 -0.172556 False
0.265839 0.080403 -0.216569 False
0.267886 0.079748 -0.226238 False
0.265531 0.078723 -0.227456 False
0.263837 0.078166 -0.225760 False
0.265225 0.076821 -0.226333 False
0.265279 0.075799 -0.224467 False
0.255241 0.075320 -0.208935 False
0.218904 0.074322 -0.155265 False
0.252522 0.074572 -0.204241 False
0.251269 0.072224 -0.200790 False
0.210009 0.067972 -0.133505 False
0.175424 0.084883 -0.102152 False
0.107571 0.129684 -0.086755 False
0.057247 0.154848 -0.069310 False
0.073918 0.158001 -0.063180 False
0.108637 0.169395 -0.079885 False
0.146494 0.180651 -0.111461 False
0.183074 0.169353 -0.146845 False
0.208510 0.139526 -0.166061 False
0.220589 0.132176 -0.173613 False
0.233010 0.139863 -0.170788 False
0.254722 0.154325 -0.146851 False
0.261498 0.152318 -0.119848 False
0.266732 0.147572 -0.118128 False
0.274801 0.145884 -0.136680 False
0.277757 0.160548 -0.164549 False
0.287311 0.155258 -0.181141 False
0.248064 0.130027 -0.198745 False
0.211004 0.102050 -0.207111 False
0.193021 0.062424 -0.205699 False
0.193201 0.050430 -0.207173 True
0.197343 0.046670 -0.210540 False
0.199153 0.045918 -0.215509 False
0.196410 0.043239 -0.215524 False
0.194437 0.040001 -0.215036 False
0.193692 0.037588 -0.215111 False
0.196938 0.038400 -0.221168 False
0.211512 0.044846 -0.244001 False
0.193788 0.047428 -0.219413 False
0.193259 0.083645 -0.212558 False
0.217749 0.133553 -0.223850 False
0.228615 0.135239 -0.226437 False
0.230525 0.135036 -0.227598 False
0.229378 0.127804 -0.224680 False
0.226916 0.126408 -0.220383 False
0.225554 0.131715 -0.217684 False
0.225324 0.125925 -0.218725 False
0.222201 0.133453 -0.218322 False
0.218148 0.132456 -0.217221 False
0.214650 0.125675 -0.215675 False
0.202831 0.129855 -0.207831 False
0.193710 0.151345 -0.185866 False
0.216806 0.183505 -0.128518 False
0.248344 0.172985 -0.067697 False
0.222616 0.165253 -0.031417 False
0.204245 0.168775 -0.021046 False
0.202944 0.181177 -0.019851 False
0.220699 0.199224 -0.026286 False
0.265834 0.225752 -0.045309 False
0.262878 0.229805 -0.045574 False
0.206677 0.216183 -0.033412 False
0.162422 0.182606 -0.052875 False
0.150589 0.142223 -0.091322 False
0.169374 0.121096 -0.155423 False
0.201813 0.140908 -0.204693 False
0.235305 0.148312 -0.226541 False
0.250308 0.147287 -0.232464 False
0.252859 0.147199 -0.234575 False
0.252177 0.149205 -0.242284 False
0.246786 0.154517 -0.254302 False
0.230516 0.170337 -0.269067 False
0.188572 0.166781 -0.274532 False
0.178799 0.163994 -0.276514 False
0.185918 0.171553 -0.277822 False
0.216751 0.193107 -0.289793 False
0.219664 0.199127 -0.289200 False
0.198155 0.192878 -0.274106 False
0.221531 0.197343 -0.286463 False
0.216655 0.188653 -0.282844 False
0.180220 0.165632 -0.270236 False
0.168728 0.155050 -0.265725 False
0.168983 0.154323 -0.267152 False
0.180895 0.151874 -0.274282 False
0.219227 0.144913 -0.286646 False
0.232786 0.143057 -0.291158 False
0.233506 0.142922 -0.291660 False
0.233288 0.142655 -0.291695 False
0.230912 0.143683 -0.290310 False
0.223631 0.145713 -0.287487 False
0.197952 0.152284 -0.278687 False
0.219540 0.155871 -0.278044 False
0.223620 0.167536 -0.270630 False
0.222914 0.189329 -0.252248 False
0.215898 0.190186 -0.233304 False
0.213161 0.184628 -0.222696 False
0.212033 0.181572 -0.218842 False
0.209959 0.180712 -0.219157 False
0.204675 0.185109 -0.218250 False
0.181961 0.197270 -0.207152 False
0.164411 0.206604 -0.181514 False
0.161014 0.200523 -0.166668 False
0.160173 0.199063 -0.160710 False
0.160173 0.203009 -0.157034 False
0.164425 0.202275 -0.149376 False
0.169285 0.198763 -0.123378 False
0.163779 0.186998 -0.052738 False
0.251608 0.216965 -0.082638 False
0.265306 0.214728 -0.078438 False
0.223317 0.197766 -0.065901 False
0.205202 0.190395 -0.061837 False
0.197203 0.190629 -0.054950 False
0.199766 0.199925 -0.048989 False
0.215248 0.210716 -0.052184 False
0.246195 0.226742 -0.073614 False
0.247025 0.233005 -0.088669 False
0.238446 0.240001 -0.088158 False
0.224418 0.216421 -0.067623 False
0.208216 0.189311 -0.052294 False
0.197986 0.172951 -0.045841 False
0.195627 0.169414 -0.045762 False
0.200280 0.173753 -0.048081 False
0.206094 0.174905 -0.048705 False
0.210399 0.172552 -0.046528 False
0.212633 0.166574 -0.044108 False
0.213402 0.160548 -0.043538 False
0.214254 0.157066 -0.042740 False
0.214112 0.154204 -0.041624 False
0.212610 0.152341 -0.038532 False
0.208403 0.146965 -0.033724 False
0.197293 0.133062 -0.021811 False
0.171108 0.116902 -0.018345 False
0.139062 0.098865 -0.017256 False
0.104633 0.080079 -0.017886 False
0.071301 0.061672 -0.019581 False
0.042543 0.044770 -0.021684 False
0.021838 0.030501 -0.023539 False
0.020387 0.024557 -0.023704 False
0.027061 0.013868 -0.022727 True
0.030921 0.006840 -0.024451 True
0.029004 -0.002796 -0.019912 False
0.026229 -0.010758 -0.014514 False
0.023856 -0.015429 -0.009882 False
0.023143 -0.015189 -0.007638 False
0.025348 -0.008417 -0.009409 False
0.031732 0.006505 -0.016818 True
0.036306 0.037161 -0.025559 False
0.067809 0.072283 -0.056724 False
0.113594 0.108634 -0.113080 False
0.155046 0.131371 -0.182930 False
0.209308 0.182714 -0.223828 False
0.226921 0.198211 -0.244644 False
0.205603 0.139087 -0.240869 False
0.204813 0.125608 -0.245315 False
0.206626 0.124753 -0.235419 False
0.196476 0.127992 -0.199966 False
0.151619 0.119154 -0.101017 False
0.183293 0.134091 -0.169215 False
0.200989 0.154782 -0.187994 False
0.223425 0.191225 -0.193095 False
0.222455 0.214132 -0.201912 False
0.197794 0.211198 -0.208668 False
0.182421 0.178981 -0.174374 False
0.139782 0.144412 -0.095748 False
0.182558 0.192385 -0.181481 False
0.192504 0.179487 -0.194415 False
0.197210 0.201278 -0.200256 False
0.193205 0.199593 -0.208973 False
0.188952 0.161480 -0.196439 False
0.190410 0.174624 -0.192510 False
0.188802 0.167543 -0.192200 False
0.184595 0.145614 -0.192682 False
0.183540 0.132475 -0.192703 False
0.183810 0.130597 -0.192137 False
0.186344 0.131679 -0.191619 False
0.192538 0.143093 -0.190631 False
0.186484 0.131520 -0.191678 False
0.184757 0.128488 -0.192274 False
0.184874 0.128641 -0.193117 False
0.185448 0.131352 -0.193327 False
0.184223 0.127689 -0.193242 False
0.181280 0.127604 -0.193005 False
0.176905 0.127610 -0.192738 False
0.171426 0.126659 -0.190838 False
0.160130 0.130004 -0.184815 False
0.147247 0.159927 -0.162219 False
0.147955 0.200403 -0.125327 False
0.158833 0.227225 -0.083746 False
0.186424 0.237826 -0.055057 False
0.216880 0.239631 -0.042231 False
0.234731 0.243058 -0.037547 False
0.233731 0.240768 -0.033456 False
0.230254 0.238929 -0.027552 False
0.236678 0.246817 -0.025449 False
0.260921 0.272975 -0.030970 False
0.304754 0.315290 -0.049062 False
0.327101 0.335282 -0.064729 False
0.304929 0.339729 -0.070012 False
0.283412 0.337761 -0.072698 False
0.257919 0.332507 -0.067001 False
0.239435 0.328558 -0.069054 False
0.232630 0.318456 -0.074391 False
0.230748 0.300675 -0.074844 False
0.230180 0.293198 -0.071610 False
0.231414 0.285637 -0.065278 False
0.243625 0.285227 -0.058517 False
0.253619 0.285326 -0.061948 False
0.239121 0.283834 -0.066531 False
0.235302 0.284642 -0.083301 False
0.240468 0.285542 -0.080797 False
0.234806 0.284954 -0.073227 False
0.227931 0.274869 -0.073765 False
0.218362 0.269218 -0.079484 False
0.214064 0.286124 -0.097635 False
0.184578 0.281989 -0.109434 False
0.154737 0.249545 -0.110133 False
0.146581 0.226241 -0.116397 False
0.151384 0.204533 -0.107101 False
0.173815 0.182691 -0.092602 False
0.211461 0.178004 -0.087135 False
0.240933 0.193404 -0.088279 False
0.313659 0.251058 -0.143844 False
0.329070 0.269064 -0.161378 False
0.327117 0.276114 -0.166625 False
0.321566 0.279270 -0.168083 False
0.317234 0.283318 -0.169516 False
0.313986 0.287413 -0.170287 False
0.311242 0.291809 -0.170821 False
0.309789 0.295037 -0.171472 False
0.306948 0.297452 -0.171797 False
0.304501 0.299989 -0.172265 False
0.302888 0.302444 -0.172989 False
0.301620 0.303754 -0.173549 False
0.300330 0.304536 -0.173851 False
0.299699 0.305834 -0.174167 False
0.298566 0.306841 -0.174125 False
0.299318 0.309007 -0.174629 False
0.298198 0.308959 -0.174031 False
0.297926 0.309014 -0.173396 False
0.298547 0.309257 -0.173565 False
0.298087 0.309240 -0.173402 False
0.298465 0.309928 -0.173886 False
0.298769 0.309963 -0.173897 False
0.298687 0.309845 -0.174061 False
0.298478 0.309494 -0.174083 False
0.297157 0.309044 -0.173848 False
0.297965 0.309770 -0.174365 False
0.299021 0.310458 -0.174914 False
0.299223 0.310248 -0.175326 False
0.299337 0.310572 -0.175374 False
0.298709 0.310333 -0.175141 False
0.299300 0.310696 -0.175296 False
0.298929 0.311604 -0.175140 False
0.298504 0.311874 -0.175243 False
0.298833 0.311809 -0.175402 False
0.298298 0.311525 -0.175264 False
0.298060 0.311507 -0.175029 False
0.297808 0.311179 -0.174781 False
0.298004 0.311046 -0.174947 False
0.298102 0.311591 -0.175258 False
0.298724 0.310954 -0.175942 False
0.300563 0.309854 -0.176420 False
0.303436 0.308817 -0.176698 False
0.302246 0.304969 -0.172721 False
0.290220 0.285926 -0.153222 False
0.218339 0.232708 -0.088913 False
0.200837 0.264608 -0.086257 False
0.203333 0.312891 -0.103540 False
0.218715 0.324181 -0.133578 False
0.238521 0.310262 -0.141042 False
0.249252 0.290231 -0.136256 False
0.254406 0.233919 -0.117542 False
0.260499 0.274237 -0.120033 False
0.261188 0.287811 -0.117496 False
0.262271 0.294899 -0.113229 False
0.263123 0.299041 -0.109931 False
0.261018 0.299691 -0.108283 False
0.253236 0.297255 -0.106665 False
0.251712 0.296554 -0.106159 False
0.253819 0.298220 -0.108254 False
0.252747 0.297813 -0.106951 False
0.248005 0.289354 -0.103898 False
0.241102 0.284616 -0.102528 False
0.241291 0.282051 -0.099105 False
0.245108 0.280278 -0.096626 False
0.248512 0.281183 -0.094689 False
0.246370 0.291073 -0.090140 False
0.243582 0.293596 -0.090664 False
0.244786 0.291702 -0.091304 False
0.245582 0.291515 -0.089540 False
0.249064 0.283123 -0.091080 False
0.250108 0.280313 -0.093533 False
0.252770 0.281002 -0.095087 False
0.254136 0.280871 -0.095573 False
0.253713 0.281377 -0.095949 False
0.259735 0.284626 -0.096262 False
0.262180 0.282199 -0.093795 False
0.262570 0.277115 -0.094801 False
0.263350 0.274264 -0.095154 False
0.264220 0.274340 -0.094431 False
0.265736 0.275251 -0.096595 False
0.265544 0.273567 -0.099684 False
0.266063 0.275907 -0.105410 False
0.268686 0.281376 -0.109036 False
0.270129 0.284822 -0.110005 False
0.270998 0.285183 -0.112823 False
0.270038 0.283420 -0.116945 False
0.271881 0.283478 -0.122593 False
0.274530 0.285003 -0.128686 False
0.274926 0.286016 -0.133840 False
0.277031 0.296643 -0.147575 False
0.273955 0.292390 -0.156392 False
0.280912 0.281566 -0.144965 False
0.294286 0.274748 -0.129906 False
0.294343 0.274860 -0.125308 False
0.288151 0.276960 -0.126771 False
0.282132 0.281664 -0.127326 False
0.278184 0.285927 -0.126954 False
0.272804 0.290807 -0.130222 False
0.272361 0.299825 -0.133918 False
0.275672 0.297663 -0.133168 False
0.265902 0.286089 -0.127435 False
0.250793 0.278080 -0.130304 False
0.266745 0.272231 -0.128487 False
0.272774 0.270127 -0.128597 False
0.274740 0.270976 -0.131452 False
0.270344 0.275748 -0.136471 False
0.268081 0.282555 -0.143697 False
0.271139 0.283843 -0.147860 False
0.282288 0.292740 -0.152534 False
0.269350 0.289597 -0.141170 False
0.272432 0.291504 -0.138722 False
0.280744 0.308098 -0.134343 False
0.275503 0.335668 -0.116729 False
0.231846 0.318378 -0.079764 False
0.207285 0.294728 -0.059066 False
0.185645 0.264045 -0.045435 False
0.183138 0.246305 -0.044375 False
0.189430 0.240105 -0.049135 False
0.195745 0.237631 -0.054122 False
0.201288 0.234325 -0.059198 False
0.200889 0.236906 -0.060202 False
0.197961 0.237501 -0.059659 False
0.196520 0.236106 -0.058599 False
0.197168 0.233863 -0.057787 False
0.200831 0.231695 -0.058609 False
0.199219 0.230834 -0.062136 False
0.188312 0.225423 -0.073282 False
0.170744 0.213687 -0.099846 False
0.149471 0.192990 -0.129663 False
0.149463 0.169136 -0.167084 False
0.152112 0.158970 -0.186649 False
0.164768 0.151964 -0.194635 False
0.189556 0.164684 -0.196074 False
0.240895 0.207650 -0.201681 False
0.233415 0.212101 -0.175464 False
0.174635 0.171101 -0.110950 False
0.215609 0.207945 -0.171064 False
0.222603 0.222302 -0.190066 False
0.218239 0.226122 -0.193608 False
0.211115 0.223200 -0.192553 False
0.207187 0.228195 -0.190997 False
0.206111 0.226656 -0.190119 False
0.209362 0.230338 -0.190286 False
0.216778 0.243838 -0.192729 False
0.220048 0.250945 -0.197554 False
0.228447 0.259616 -0.196277 False
0.232577 0.262373 -0.203124 False
0.228544 0.258229 -0.208481 False
0.235924 0.247947 -0.224260 False
0.239628 0.259178 -0.205760 False
0.237292 0.242617 -0.202184 False
0.205897 0.175734 -0.198259 False
0.217829 0.204170 -0.191929 False
0.216795 0.199653 -0.189517 False
0.222100 0.215097 -0.191351 False
0.224953 0.222425 -0.198391 False
0.217670 0.218832 -0.211208 False
0.209021 0.221410 -0.231510 False
0.203111 0.222431 -0.244636 False
0.197343 0.220960 -0.254878 False
0.194963 0.215919 -0.260728 False
0.199000 0.219879 -0.262182 False
0.200701 0.218791 -0.261706 False
0.199332 0.215445 -0.260676 False
0.186465 0.205654 -0.259216 False
0.157244 0.192396 -0.260353 False
0.152250 0.180922 -0.260172 False
0.154455 0.216660 -0.268422 False
0.154280 0.199954 -0.260566 False
0.132505 0.175260 -0.237241 False
0.127360 0.179355 -0.186504 False
0.132371 0.168883 -0.121187 False
0.129187 0.119491 -0.064124 False
0.080992 0.061496 -0.029345 False
0.049930 0.038979 -0.020727 False
0.028177 0.026232 -0.017788 False
0.028682 0.021996 -0.022306 True
0.072066 0.027169 -0.022620 True
0.226704 0.070170 -0.016544 False
0.268938 0.082612 -0.015469 False
0.276351 0.084030 -0.016784 False
0.269628 0.080821 -0.020923 False
0.225958 0.068263 -0.020578 False
0.078682 0.023289 -0.018759 True
0.039567 0.034267 -0.023754 True
0.047143 0.101731 -0.033443 False
0.093959 0.148079 -0.033185 False
0.143313 0.167970 -0.026985 False
0.165068 0.170361 -0.025833 False
0.163154 0.166884 -0.030279 False
0.154123 0.158206 -0.037205 False
0.147064 0.142822 -0.044893 False
0.152291 0.120936 -0.053658 False
0.165314 0.100048 -0.062126 False
0.182091 0.088396 -0.068290 False
0.208983 0.088391 -0.073324 False
0.248804 0.093480 -0.081445 False
0.304639 0.094474 -0.089898 False
0.261377 0.094261 -0.087125 False
0.246122 0.093665 -0.086629 False
0.243274 0.094577 -0.086392 False
0.245436 0.095240 -0.088678 False
0.247917 0.094310 -0.091876 False
0.249714 0.091790 -0.094935 False
0.249359 0.090985 -0.097623 False
0.249000 0.088495 -0.096804 False
0.248400 0.087278 -0.096888 False
0.248137 0.087837 -0.099038 False
0.247147 0.088250 -0.101319 False
0.245181 0.088060 -0.102501 False
0.243749 0.087900 -0.101794 False
0.245520 0.088957 -0.100202 False
0.243501 0.090633 -0.099478 False
0.236735 0.093484 -0.100788 False
0.232558 0.096846 -0.102452 False
0.230723 0.100102 -0.101828 False
0.229531 0.100351 -0.095993 False
0.225258 0.096364 -0.090882 False
0.221234 0.092591 -0.086195 False
0.225293 0.091320 -0.085994 False
0.232079 0.089577 -0.089896 False
0.236971 0.089256 -0.095077 False
0.241614 0.094130 -0.100307 False
0.248380 0.101915 -0.107541 False
0.249125 0.105483 -0.110863 False
0.245021 0.104666 -0.109589 False
0.242229 0.103579 -0.107400 False
0.240353 0.100387 -0.107814 False
0.242473 0.099952 -0.112951 False
0.246189 0.103011 -0.118425 False
0.249329 0.106163 -0.122260 False
0.255872 0.110556 -0.126533 False
0.270978 0.119711 -0.134890 True
0.301769 0.142276 -0.158309 False
0.327972 0.182428 -0.202548 False
0.360245 0.248087 -0.255170 False
0.321476 0.202001 -0.218531 False
0.268224 0.174077 -0.096162 False
0.313934 0.164489 -0.172986 False
0.342699 0.171727 -0.193095 False
0.322857 0.169180 -0.171653 False
0.249561 0.145992 -0.075845 False
0.207189 0.124955 -0.063294 False
0.277374 0.155267 -0.146800 False
0.223946 0.110814 -0.089569 False
0.240231 0.122073 -0.112125 False
0.306865 0.172128 -0.192316 False
0.325188 0.180395 -0.206371 False
0.324828 0.194313 -0.199609 False
0.308045 0.168292 -0.183047 False
0.267385 0.148061 -0.135905 False
0.317418 0.212342 -0.176444 False
0.322746 0.225050 -0.189256 False
0.298363 0.155415 -0.182421 False
0.287792 0.138578 -0.180437 False
0.281433 0.136008 -0.177960 False
0.278258 0.135004 -0.171788 False
0.281035 0.133693 -0.167167 False
0.283406 0.131318 -0.162496 False
0.287865 0.132420 -0.161622 False
0.290181 0.130926 -0.160724 False
0.292592 0.133082 -0.161819 False
0.291724 0.134526 -0.161545 False
0.285309 0.133478 -0.157918 False
0.280792 0.134152 -0.153873 False
0.280187 0.134648 -0.150930 False
0.283024 0.135959 -0.149342 False
0.284492 0.139322 -0.149199 False
0.282299 0.144500 -0.151769 False
0.281658 0.160254 -0.160705 False
0.282837 0.169837 -0.162967 False
0.287171 0.177571 -0.163423 False
0.296280 0.184319 -0.173249 False
0.310772 0.192178 -0.200289 False
0.319512 0.201298 -0.237983 False
0.323774 0.229450 -0.271960 False
0.321243 0.273764 -0.290713 False
0.314396 0.324307 -0.304717 False
0.298765 0.360684 -0.333380 False
0.276884 0.357853 -0.388141 False
0.269927 0.318623 -0.443239 False
0.299910 0.270293 -0.458757 False
0.414121 0.281250 -0.414364 False
0.435009 0.273719 -0.418324 False
0.436679 0.257987 -0.439052 False
0.433228 0.238062 -0.462619 False
0.430783 0.224616 -0.480498 False
0.432649 0.212869 -0.490510 False
0.435104 0.202833 -0.496616 False
0.437752 0.194356 -0.499638 False
0.440197 0.187285 -0.500401 False
0.442043 0.181469 -0.499726 False
0.442894 0.176754 -0.498437 False
0.439839 0.174109 -0.499191 False
0.438779 0.168430 -0.497926 False
0.439741 0.163809 -0.495812 False
0.448659 0.164811 -0.491885 False
0.454115 0.165473 -0.489086 False
0.456613 0.165834 -0.486662 False
0.454276 0.164585 -0.487181 False
0.451066 0.161137 -0.487520 False
0.454874 0.163364 -0.486075 False
0.457264 0.164208 -0.484872 False
0.457094 0.163651 -0.484259 False
0.458184 0.165803 -0.483349 False
0.455735 0.162251 -0.483072 False
0.461684 0.163270 -0.480545 False
0.461695 0.162629 -0.479807 False
0.467468 0.161638 -0.477621 False
0.465502 0.159420 -0.477591 False
0.465079 0.156279 -0.476528 False
0.468981 0.157201 -0.475216 False
0.467574 0.154358 -0.474064 False
0.473340 0.153963 -0.469875 False
0.473964 0.153173 -0.466847 False
0.471018 0.150480 -0.466050 False
0.476324 0.149021 -0.464346 False
0.481020 0.142553 -0.462973 False
0.486277 0.139257 -0.459991 False
0.484538 0.131337 -0.455480 False
0.480697 0.121940 -0.449062 False
0.480281 0.115958 -0.443472 False
0.480283 0.109716 -0.439394 False
0.479936 0.107744 -0.436111 False
0.477935 0.105282 -0.430926 False
0.467072 0.123420 -0.422555 False
0.420465 0.175153 -0.417363 False
0.279805 0.308058 -0.447901 False
0.223282 0.377687 -0.407320 False
0.202941 0.402364 -0.347011 False
0.198262 0.398802 -0.280555 False
0.201232 0.379374 -0.216546 False
0.213090 0.350765 -0.169862 False
0.238492 0.306253 -0.125428 False
0.261283 0.270202 -0.102244 False
0.276164 0.247721 -0.091706 False
0.278052 0.228460 -0.090393 False
0.268585 0.211930 -0.092582 False
0.259321 0.204124 -0.096581 False
0.253272 0.202359 -0.102201 False
0.251127 0.199598 -0.108608 False
0.254796 0.195961 -0.117284 False
0.259681 0.186220 -0.129206 False
0.261021 0.176919 -0.140906 False
0.257896 0.163700 -0.149573 False
0.258372 0.153817 -0.156041 False
0.265994 0.146427 -0.159722 False
0.289103 0.152358 -0.160532 False
0.327403 0.203958 -0.166192 False
0.338171 0.207103 -0.163520 False
0.340491 0.203782 -0.164018 False
0.340733 0.204914 -0.164517 False
0.338658 0.200249 -0.165284 False
0.308990 0.141697 -0.162013 False
0.305410 0.121242 -0.165877 False
0.304937 0.111547 -0.171404 False
0.305379 0.108342 -0.178150 False
0.302265 0.106971 -0.179968 False
0.292029 0.103000 -0.165852 False
0.248365 0.094253 -0.115871 False
0.318894 0.131076 -0.154094 False
0.354481 0.147084 -0.161600 False
0.360447 0.141737 -0.157460 False
0.354489 0.130324 -0.153265 False
0.344500 0.120282 -0.156066 False
0.321242 0.105818 -0.171760 False
0.307030 0.114469 -0.186126 False
0.306056 0.127715 -0.195578 False
0.329254 0.150567 -0.188788 False
0.315077 0.109589 -0.141672 False
0.299556 0.093801 -0.113615 False
0.285470 0.089919 -0.107317 False
0.271829 0.092024 -0.106433 False
0.262702 0.093860 -0.104597 False
0.258847 0.093114 -0.100839 False
0.257595 0.089349 -0.098411 False
0.257382 0.088958 -0.100629 False
0.259692 0.089883 -0.104474 False
0.262687 0.091533 -0.107816 False
0.263150 0.091781 -0.109649 False
0.261161 0.091518 -0.109725 False
0.260668 0.090408 -0.109851 False
0.261030 0.090100 -0.110710 False
0.262931 0.090847 -0.111792 False
0.264050 0.092207 -0.110543 False
0.263355 0.093596 -0.109168 False
0.262084 0.095907 -0.108346 False
0.259303 0.099650 -0.107770 False
0.253850 0.105764 -0.105970 False
0.245268 0.107825 -0.101453 False
0.238338 0.108063 -0.098434 False
0.234399 0.109107 -0.097897 False
0.229475 0.110705 -0.095215 False
0.221744 0.112420 -0.092119 False
0.203504 0.119720 -0.090297 False
0.175959 0.134885 -0.099784 False
0.154208 0.152747 -0.126751 False
0.133846 0.167165 -0.156565 False
0.124156 0.168923 -0.175449 False
0.119679 0.164811 -0.181854 False
0.117327 0.157081 -0.185733 False
0.112529 0.150431 -0.187640 False
0.110186 0.148491 -0.185930 False
0.121742 0.151452 -0.129151 False
0.179511 0.207228 -0.223662 False
0.200425 0.233519 -0.256107 False
0.196319 0.232808 -0.265891 False
0.174337 0.217640 -0.265236 False
0.168381 0.220123 -0.254601 False
0.163582 0.224668 -0.252546 False
0.156799 0.216259 -0.254052 False
0.157117 0.226097 -0.256066 False
0.146311 0.216337 -0.263307 False
0.146390 0.213973 -0.245433 False
0.124909 0.165561 -0.237397 False
0.123106 0.163242 -0.234796 False
0.132103 0.206463 -0.237653 False
0.132678 0.210510 -0.248007 False
0.124442 0.181294 -0.243972 False
0.135355 0.211744 -0.259085 False
0.133539 0.212772 -0.251743 False
0.138607 0.215512 -0.240566 False
0.123184 0.163065 -0.236884 False
0.118812 0.149258 -0.236245 False
0.117849 0.147334 -0.236302 False
0.118514 0.147801 -0.236734 False
0.117912 0.147521 -0.236281 False
0.117154 0.146148 -0.235621 False
0.116778 0.147206 -0.235522 False
0.116104 0.146932 -0.235449 False
0.116486 0.147485 -0.235871 False
0.116458 0.146891 -0.235685 False
0.117015 0.147613 -0.236128 False
0.116619 0.147717 -0.235867 False
0.116268 0.147000 -0.235847 False
0.116151 0.146301 -0.236134 False
0.115497 0.146215 -0.234960 False
0.116682 0.152067 -0.228645 False
0.125866 0.174174 -0.210227 False
0.134782 0.171583 -0.243692 False
0.163537 0.221141 -0.281576 False
0.157536 0.226694 -0.283897 False
0.142504 0.169644 -0.251233 False
0.137644 0.156570 -0.241329 False
0.139500 0.158387 -0.242435 False
0.143847 0.178838 -0.252167 False
0.153941 0.243747 -0.283190 False
0.154270 0.250454 -0.284251 False
0.149781 0.202953 -0.260656 False
0.150736 0.227007 -0.262739 False
0.155268 0.197523 -0.259259 False
0.157585 0.183519 -0.257645 False
0.160907 0.190768 -0.258511 False
0.169201 0.251328 -0.266448 False
0.208815 0.248589 -0.260760 False
0.175042 0.194815 -0.256237 False
0.165149 0.182110 -0.255053 False
0.162619 0.181120 -0.254368 False
0.161734 0.178626 -0.253911 False
0.162253 0.178046 -0.253538 False
0.162315 0.181020 -0.253436 False
0.161887 0.177851 -0.252923 False
0.161215 0.179353 -0.252294 False
0.162569 0.178248 -0.252419 False
0.163360 0.176886 -0.252826 False
0.163209 0.175369 -0.253085 False
0.163005 0.172897 -0.253065 False
0.162098 0.172392 -0.252862 False
0.161505 0.170502 -0.251740 False
0.161372 0.171235 -0.250787 False
0.160623 0.173926 -0.249804 False
0.160874 0.172300 -0.249601 False
0.160865 0.169768 -0.249467 False
0.161094 0.167534 -0.249802 False
0.160982 0.166958 -0.249753 False
0.161209 0.165574 -0.249519 False
0.161199 0.165831 -0.249129 False
0.160890 0.165575 -0.248860 False
0.160627 0.167222 -0.248721 False
0.161357 0.163810 -0.249130 False
0.162164 0.162411 -0.249805 False
0.161690 0.163665 -0.249871 False
0.161920 0.164881 -0.250677 False
0.160233 0.169036 -0.250399 False
0.160167 0.168010 -0.251359 False
0.158877 0.167116 -0.254274 False
0.152795 0.166887 -0.257451 False
0.144823 0.166665 -0.263079 False
0.139428 0.162938 -0.269260 False
0.134714 0.158462 -0.273586 False
0.132499 0.155058 -0.276090 False
0.131735 0.154715 -0.276440 False
0.131793 0.154301 -0.276158 False
0.132188 0.153681 -0.276095 False
0.131974 0.152335 -0.276803 False
0.131066 0.149644 -0.277835 False
0.129382 0.146556 -0.279876 False
0.126078 0.144732 -0.282194 False
0.122726 0.144530 -0.281966 False
0.118799 0.143869 -0.278497 False
0.125837 0.148322 -0.265138 False
0.160025 0.161809 -0.229112 False
0.135167 0.159499 -0.262264 False
0.149446 0.190107 -0.260410 False
0.180765 0.211784 -0.274276 False
0.178592 0.215698 -0.279231 False
0.176178 0.214393 -0.278528 False
0.179539 0.227865 -0.280930 False
0.182291 0.245099 -0.289265 False
0.173817 0.227325 -0.283108 False
0.165897 0.209116 -0.277445 False
0.157585 0.178526 -0.279577 False
0.181996 0.231361 -0.292652 False
0.182190 0.237136 -0.301035 False
0.189992 0.249440 -0.310961 False
0.188700 0.236188 -0.298747 False
0.190804 0.243958 -0.293758 False
0.184141 0.219347 -0.279623 False
0.167576 0.189700 -0.273271 False
0.145159 0.159703 -0.272869 False
0.156024 0.180032 -0.271338 False
0.169319 0.202744 -0.272535 False
0.170550 0.202571 -0.274255 False
0.162324 0.197633 -0.276542 False
0.146675 0.192276 -0.284005 False
0.125478 0.179651 -0.295102 False
0.114759 0.175813 -0.302712 False
0.108356 0.170772 -0.307510 False
0.106078 0.174854 -0.312305 False
0.102726 0.190186 -0.316328 False
0.095927 0.202822 -0.308027 False
0.073198 0.181865 -0.261936 False
0.090181 0.173190 -0.166486 False
0.153643 0.133311 -0.087901 False
0.278342 0.060630 -0.056198 False
0.281832 0.049865 -0.045370 False
0.167816 0.049882 -0.033947 False
0.099367 0.046609 -0.027753 False
0.050815 0.039271 -0.022973 False
0.033475 0.030778 -0.026530 False
0.038842 0.020445 -0.029580 True
0.082256 0.021718 -0.028856 True
0.253485 0.057047 -0.027141 False
0.296982 0.067932 -0.028322 False
0.302379 0.071507 -0.031254 False
0.300535 0.073840 -0.034175 False
0.292251 0.073532 -0.036059 False
0.253168 0.067748 -0.034894 False
0.108314 0.046418 -0.028394 True
0.134284 0.067304 -0.059362 False
0.205323 0.057638 -0.095692 False
0.246547 0.036884 -0.128208 False
0.247886 0.024247 -0.152675 True
0.237544 0.015616 -0.163498 True
0.229866 0.007517 -0.162381 True
0.227905 0.005277 -0.161670 True
0.226926 0.004392 -0.160952 True
0.226665 0.004749 -0.160784 True
0.227295 0.005199 -0.160972 True
0.228272 0.005061 -0.161878 True
0.229024 0.005022 -0.162820 True
0.228139 0.005153 -0.162171 True
0.226639 0.005120 -0.161785 True
0.225688 0.004992 -0.161153 True
0.225512 0.004977 -0.161602 True
0.226750 0.005384 -0.161889 True
0.226868 0.005389 -0.161877 True
0.225865 0.005028 -0.161427 True
0.227498 0.004614 -0.162891 True
0.227323 0.004994 -0.163056 True
0.226470 0.005336 -0.162427 True
0.226844 0.005337 -0.162811 True
0.226507 0.005109 -0.162598 True
0.228186 0.004419 -0.164031 True
0.227905 0.004378 -0.163578 True
0.228788 0.004688 -0.163851 True
0.228778 0.005337 -0.162802 True
0.228437 0.004580 -0.163706 True
0.227609 0.004901 -0.163171 True
0.229207 0.003896 -0.164971 True
0.228896 0.003898 -0.165068 True
0.226680 0.004575 -0.162987 True
0.227497 0.004374 -0.163590 True
0.226483 0.004926 -0.162257 True
0.225853 0.004988 -0.161777 True
0.226741 0.005560 -0.162053 True
0.227178 0.005277 -0.162611 True
0.226114 0.004917 -0.162951 True
0.223063 0.004657 -0.162973 True
0.222417 0.004611 -0.162832 True
0.221872 0.004694 -0.162213 True
0.222397 0.004505 -0.162675 True
0.222690 0.004335 -0.163058 True
0.222651 0.004067 -0.163510 True
0.222248 0.003190 -0.162837 True
0.222030 0.003583 -0.161597 True
0.225528 0.007820 -0.162331 True
0.237250 0.028739 -0.174003 True
0.274596 0.073002 -0.213267 False
0.314513 0.115714 -0.270894 False
0.336964 0.138206 -0.316477 False
0.336268 0.155750 -0.314724 False
0.341101 0.156461 -0.301661 False
0.351509 0.181221 -0.293605 False
0.355816 0.194995 -0.293612 False
0.368899 0.218796 -0.294842 False
0.378627 0.232534 -0.303923 False
0.374368 0.221697 -0.313877 False
0.364832 0.228438 -0.295180 False
0.328720 0.203534 -0.277045 False
0.246979 0.149546 -0.175868 False
0.334044 0.202280 -0.267957 False
0.357151 0.208212 -0.311191 False
0.367697 0.223472 -0.299627 False
0.354839 0.217433 -0.295947 False
0.360445 0.261909 -0.310110 False
0.353275 0.244178 -0.309760 False
0.307008 0.131714 -0.283626 False
0.283608 0.097545 -0.277288 False
0.275398 0.089946 -0.276176 False
0.274475 0.090614 -0.277982 False
0.278344 0.093281 -0.279315 False
0.281465 0.094881 -0.278043 False
0.282003 0.096004 -0.277217 False
0.278252 0.098053 -0.276982 False
0.277708 0.099440 -0.278610 False
0.277545 0.100000 -0.279460 False
0.275866 0.099563 -0.280524 False
0.272617 0.097957 -0.279842 False
0.267871 0.096858 -0.279287 False
0.264753 0.095907 -0.279500 False
0.266997 0.095577 -0.285291 False
0.281355 0.098407 -0.310406 False
0.296154 0.106408 -0.344333 False
0.302025 0.114769 -0.376157 False
0.303310 0.119494 -0.410359 False
0.298557 0.122379 -0.437719 False
0.293545 0.126078 -0.455780 False
0.291615 0.127445 -0.466339 False
0.292590 0.125659 -0.473983 False
0.294946 0.125906 -0.477726 False
0.297235 0.127241 -0.481163 False
0.299558 0.128454 -0.487239 False
0.300619 0.128865 -0.492041 False
0.300097 0.129264 -0.495845 False
0.300383 0.129587 -0.499318 False
0.300691 0.129811 -0.502324 False
0.301008 0.129940 -0.504883 False
0.301322 0.129982 -0.507015 False
0.301619 0.129941 -0.508740 False
0.301887 0.129825 -0.510079 False
0.302113 0.129638 -0.511052 False
0.302285 0.129388 -0.511678 False
0.302390 0.129078 -0.511979 False
0.302414 0.128716 -0.511975 False
0.302346 0.128307 -0.511685 False
0.302172 0.127858 -0.511130 False
0.301880 0.127373 -0.510331 False
0.301457 0.126860 -0.509307 False
0.300890 0.126323 -0.508079 False
0.300167 0.125769 -0.506667 False
0.299274 0.125203 -0.505091 False
0.298200 0.124632 -0.503371 False
0.296931 0.124061 -0.501528 False
0.295454 0.123496 -0.499582 False
0.294226 0.123297 -0.497000 False
0.290531 0.121673 -0.495682 False
0.287116 0.121050 -0.494092 False
0.288931 0.120286 -0.494224 False
0.291971 0.122878 -0.494367 False
0.291626 0.125346 -0.494487 False
0.289762 0.125290 -0.494720 False
0.290111 0.125684 -0.494843 False
0.295963 0.128031 -0.495970 False
0.298554 0.130161 -0.497179 False
0.295146 0.130792 -0.497795 False
0.292646 0.130444 -0.498346 False
0.293299 0.128566 -0.498366 False
0.294749 0.128790 -0.497303 False
0.294112 0.128748 -0.496360 False
0.293750 0.128246 -0.496090 False
0.293519 0.127512 -0.495790 False
0.292101 0.126411 -0.495153 False
0.290251 0.123133 -0.494988 False
0.287927 0.120795 -0.494546 False
0.286118 0.119636 -0.493548 False
0.285523 0.118276 -0.492928 False
0.284779 0.118178 -0.492443 False
0.284376 0.119257 -0.492291 False
0.283833 0.119571 -0.492058 False
0.282532 0.118978 -0.491187 False
0.281528 0.118969 -0.490210 False
0.280518 0.117963 -0.489234 False
0.280739 0.116738 -0.488661 False
0.280350 0.118194 -0.487712 False
0.280239 0.119756 -0.486884 False
0.279284 0.121094 -0.485915 False
0.277419 0.122980 -0.484217 False
0.276883 0.125054 -0.482501 False
0.277533 0.128288 -0.481312 False
0.277672 0.132222 -0.479971 False
0.277558 0.133831 -0.477784 False
0.276903 0.134007 -0.475902 False
0.275329 0.135150 -0.473236 False
0.273261 0.136175 -0.470691 False
0.271446 0.137388 -0.468039 False
0.270827 0.140019 -0.465004 False
0.271044 0.148244 -0.457076 False
0.271132 0.159997 -0.443418 False
0.271719 0.177812 -0.416222 False
0.272653 0.187402 -0.384654 False
0.277104 0.194406 -0.344645 False
0.291593 0.215281 -0.306525 False
0.278481 0.170540 -0.266094 False
0.276455 0.157661 -0.236623 False
0.276370 0.161903 -0.211169 False
0.268662 0.147204 -0.195732 False
0.260465 0.138180 -0.189751 False
0.253090 0.136621 -0.193417 False
0.247314 0.135196 -0.200891 False
0.249665 0.129949 -0.202874 False
0.250537 0.122403 -0.202407 False
0.248179 0.112760 -0.203404 False
0.249737 0.105135 -0.203155 False
0.254279 0.100046 -0.202551 False
0.256947 0.097584 -0.203100 False
0.258080 0.096689 -0.200901 False
0.257476 0.096247 -0.200110 False
0.256876 0.094877 -0.199325 False
0.258163 0.092393 -0.197343 False
0.260872 0.092661 -0.197416 False
0.261205 0.094713 -0.197827 False
0.260870 0.093879 -0.196991 False
0.262209 0.097179 -0.197387 False
0.262068 0.100359 -0.196437 False
0.267278 0.097215 -0.194335 False
0.271982 0.095628 -0.193810 False
0.280103 0.106971 -0.194833 False
0.310937 0.152427 -0.197017 False
0.290578 0.115293 -0.191487 False
0.315130 0.143604 -0.190615 False
0.319033 0.158487 -0.191002 False
0.313629 0.159961 -0.194703 False
0.306969 0.163286 -0.209303 False
0.295805 0.140069 -0.221697 False
0.305323 0.156503 -0.241513 False
0.350780 0.214431 -0.246659 False
0.309776 0.138812 -0.199054 False
0.281481 0.107979 -0.162858 False
0.257746 0.095811 -0.140603 False
0.240519 0.095702 -0.131190 False
0.235236 0.097227 -0.128430 False
0.236012 0.100429 -0.128423 False
0.239807 0.103213 -0.130792 False
0.241984 0.105966 -0.132585 False
0.243532 0.106499 -0.133213 False
0.244029 0.102661 -0.131324 False
0.243814 0.102630 -0.131418 False
0.242926 0.108761 -0.134385 False
0.243560 0.127209 -0.148624 False
0.246596 0.162725 -0.200690 False
0.237523 0.219347 -0.291055 False
0.145476 0.203225 -0.300302 False
0.125816 0.213216 -0.310451 False
0.126917 0.209547 -0.309105 False
0.136683 0.215086 -0.302608 False
0.153040 0.221909 -0.292836 False
0.170174 0.233907 -0.289357 False
0.171191 0.237327 -0.293278 False
0.165707 0.236126 -0.298233 False
0.156831 0.225957 -0.301461 False
0.160724 0.233550 -0.290209 False
0.148134 0.224813 -0.295229 False
0.157631 0.228841 -0.284292 False
0.152160 0.226427 -0.287121 False
0.153929 0.216989 -0.283900 False
0.160964 0.233046 -0.282562 False
0.169553 0.241156 -0.283195 False
0.173486 0.256515 -0.286261 False
0.173955 0.264876 -0.285880 False
0.169209 0.263841 -0.284170 False
0.155545 0.242285 -0.278956 False
0.135403 0.167013 -0.275391 False
0.131602 0.146816 -0.275431 False
0.132699 0.143312 -0.276081 False
0.132200 0.143763 -0.276222 False
0.130651 0.144920 -0.279124 False
0.131520 0.148605 -0.284181 False
0.138595 0.149999 -0.287901 False
0.142053 0.146275 -0.285640 False
0.143020 0.145226 -0.284683 False
0.143430 0.144114 -0.284098 False
0.143552 0.143119 -0.282752 False
0.143310 0.142870 -0.282434 False
0.143553 0.142883 -0.282398 False
0.144268 0.142876 -0.283076 False
0.143634 0.144694 -0.282191 False
0.143680 0.145581 -0.281993 False
0.144540 0.146328 -0.281760 False
0.145771 0.147321 -0.281480 False
0.147625 0.147302 -0.281570 False
0.151147 0.148906 -0.282774 False
0.158829 0.159646 -0.284977 False
0.164292 0.178943 -0.294223 False
0.198082 0.247159 -0.334981 False
0.186374 0.269418 -0.322902 False
0.203463 0.274771 -0.337362 False
0.207655 0.275184 -0.335552 False
0.212098 0.274211 -0.325149 False
0.217960 0.264625 -0.302508 False
0.197545 0.228131 -0.246409 False
0.192791 0.218289 -0.230500 False
0.193755 0.219869 -0.227004 False
0.201843 0.234668 -0.237658 False
0.228426 0.283614 -0.281911 False
0.215581 0.269975 -0.281652 False
0.199049 0.230567 -0.234936 False
0.199503 0.214231 -0.230406 False
0.217094 0.198754 -0.258348 False
0.218521 0.239560 -0.281131 False
0.227534 0.210279 -0.273479 False
0.235825 0.257820 -0.286135 False
0.229486 0.271445 -0.286400 False
0.242115 0.262363 -0.280791 False
0.234714 0.248530 -0.279324 False
0.230360 0.200800 -0.265492 False
0.228531 0.198916 -0.264449 False
0.226466 0.236020 -0.273276 False
0.230147 0.198872 -0.263985 False
0.230047 0.199832 -0.263611 False
0.224146 0.239999 -0.271949 False
0.234246 0.196746 -0.263829 False
0.235556 0.185161 -0.260099 False
0.235988 0.183652 -0.258439 False
0.236678 0.184288 -0.257858 False
0.236107 0.185121 -0.256914 False
0.236480 0.184313 -0.256445 False
0.237705 0.185328 -0.256368 False
0.239618 0.183325 -0.256486 False
0.238321 0.187161 -0.255100 False
0.239961 0.186133 -0.255206 False
0.241351 0.183709 -0.255275 False
0.243466 0.186431 -0.255079 False
0.243704 0.186417 -0.255421 False
0.246015 0.188414 -0.256885 False
0.242828 0.186746 -0.256412 False
0.240391 0.189840 -0.256357 False
0.236384 0.204468 -0.255419 False
0.224792 0.250929 -0.252983 False
0.237342 0.203451 -0.255516 False
0.241344 0.189425 -0.255740 False
0.242523 0.186242 -0.254912 False
0.242725 0.185814 -0.253653 False
0.241259 0.186463 -0.252316 False
0.239836 0.188085 -0.251405 False
0.240616 0.191666 -0.251569 False
0.243015 0.194998 -0.252675 False
0.241153 0.189106 -0.251355 False
0.242627 0.190095 -0.251297 False
0.239898 0.182687 -0.250507 False
0.234349 0.181203 -0.249466 False
0.222956 0.177379 -0.247279 False
0.213264 0.171895 -0.247255 False
0.200282 0.169556 -0.246276 False
0.190208 0.168555 -0.247532 False
0.186125 0.167267 -0.249156 False
0.183304 0.165052 -0.249154 False
0.180348 0.162176 -0.247863 False
0.178516 0.159172 -0.247125 False
0.176272 0.155205 -0.246053 False
0.175071 0.153112 -0.246335 False
0.176139 0.150710 -0.248296 False
0.177576 0.148251 -0.249835 False
0.177020 0.147008 -0.250227 False
0.177432 0.146159 -0.251051 False
0.178430 0.145970 -0.252373 False
0.178880 0.147910 -0.253713 False
0.185943 0.161754 -0.256274 False
0.210770 0.217640 -0.260402 False
0.211149 0.229332 -0.258810 False
0.210291 0.231914 -0.258351 False
0.207034 0.234128 -0.258030 False
0.191106 0.200962 -0.253608 False
0.185092 0.181201 -0.253160 False
0.189803 0.205432 -0.254032 False
0.200199 0.235877 -0.258732 False
0.206204 0.249319 -0.261649 False
0.212743 0.247452 -0.262359 False
0.206029 0.227294 -0.258513 False
0.208990 0.238928 -0.259522 False
0.209420 0.240340 -0.259750 False
0.212877 0.251794 -0.260514 False
0.221717 0.261964 -0.262988 False
0.212948 0.243070 -0.270209 False
0.188841 0.175329 -0.269846 False
0.210343 0.238396 -0.292521 False
0.207687 0.246488 -0.282194 False
0.207282 0.220631 -0.276153 False
0.191884 0.163001 -0.260556 False
0.201877 0.188073 -0.253967 False
0.200580 0.186538 -0.252296 False
0.182285 0.151987 -0.253927 False
0.164713 0.133987 -0.255450 False
0.160708 0.153229 -0.258674 False
0.146707 0.148769 -0.264792 False
0.141016 0.146389 -0.268780 False
0.137816 0.145591 -0.270317 False
0.134935 0.136386 -0.273680 False
0.133347 0.149190 -0.271408 False
0.132067 0.145155 -0.270873 False
0.133270 0.149964 -0.269235 False
0.130887 0.149532 -0.269445 False
0.125398 0.150036 -0.275654 False
0.118211 0.150999 -0.288697 False
0.113134 0.151492 -0.300496 False
0.109887 0.151590 -0.306102 False
0.108832 0.153419 -0.296651 False
0.133132 0.170401 -0.252470 False
0.109637 0.163407 -0.213077 False
0.166864 0.148340 -0.163767 False
0.229418 0.122018 -0.125808 False
0.318922 0.108221 -0.108651 False
0.339637 0.109317 -0.111167 False
0.331545 0.105440 -0.113775 False
0.283745 0.075715 -0.104374 False
0.266282 0.063498 -0.100813 False
0.260893 0.060120 -0.095747 False
0.259964 0.060788 -0.090883 False
0.264236 0.062511 -0.086152 False
0.263092 0.067729 -0.083502 False
0.212517 0.073644 -0.075339 False
0.108390 0.056567 -0.043723 False
0.049176 0.033736 -0.023372 False
0.036741 0.018126 -0.019937 True
0.081653 0.021856 -0.027755 True
0.259564 0.064887 -0.055764 False
0.308326 0.073994 -0.057015 False
0.315852 0.074146 -0.052309 False
0.307356 0.074245 -0.050935 False
0.271617 0.077269 -0.052170 False
0.147633 0.083620 -0.048158 False
0.172094 0.092589 -0.063753 False
0.230288 0.091054 -0.080688 False
0.266143 0.088657 -0.087423 False
0.275204 0.089581 -0.088919 False
0.277071 0.092891 -0.087170 False
0.278539 0.096028 -0.088277 False
0.275049 0.094501 -0.091437 False
0.283636 0.092364 -0.094546 False
0.309196 0.097111 -0.102402 False
0.342409 0.108848 -0.123414 False
0.371728 0.140014 -0.170614 False
0.394656 0.171284 -0.226255 False
0.422927 0.219392 -0.277667 False
0.396281 0.201043 -0.273296 False
0.371357 0.195200 -0.265355 False
0.380830 0.207159 -0.257121 False
0.385418 0.202513 -0.249074 False
0.380606 0.189961 -0.242106 False
0.352086 0.165475 -0.236774 False
0.342933 0.160791 -0.234498 False
0.345248 0.153882 -0.233428 False
0.376237 0.172645 -0.243018 False
0.366821 0.171822 -0.237442 False
0.321268 0.151489 -0.220401 False
0.308391 0.145673 -0.215361 False
0.304292 0.145445 -0.212384 False
0.303192 0.145610 -0.212304 False
0.302624 0.147834 -0.211767 False
0.302100 0.154985 -0.211279 False
0.304610 0.168246 -0.214528 False
0.291524 0.163470 -0.226190 False
0.287686 0.155975 -0.212285 False
0.267309 0.182873 -0.154566 False
0.265259 0.184816 -0.141010 False
0.264053 0.185547 -0.148069 False
0.261599 0.169332 -0.193498 False
0.257093 0.174929 -0.201370 False
0.261005 0.175942 -0.193580 False
0.267974 0.169030 -0.191196 False
0.271827 0.163317 -0.179981 False
0.269688 0.173932 -0.146604 False
0.281792 0.142407 -0.164449 False
0.255496 0.162394 -0.134325 False
0.246156 0.177078 -0.116158 False
0.231040 0.176606 -0.112260 False
0.230767 0.161610 -0.119114 False
0.256633 0.145830 -0.126745 False
0.263196 0.148876 -0.102115 False
0.288298 0.199175 -0.097607 False
0.234369 0.147557 -0.084873 False
0.257403 0.156881 -0.088050 False
0.278748 0.174632 -0.094248 False
0.321139 0.221591 -0.105080 False
0.326036 0.226035 -0.105880 False
0.327360 0.226022 -0.105755 False
0.328726 0.230797 -0.107779 False
0.333381 0.242260 -0.113149 False
0.323395 0.230344 -0.114920 False
0.281614 0.173975 -0.108322 False
0.271774 0.162109 -0.105702 False
0.269858 0.166278 -0.104485 False
0.266755 0.167314 -0.103616 False
0.255001 0.159792 -0.103457 False
0.255661 0.159772 -0.100622 False
0.252910 0.162301 -0.098773 False
0.250759 0.165576 -0.097705 False
0.250782 0.167061 -0.096944 False
0.254700 0.167262 -0.096059 False
0.257761 0.166070 -0.096611 False
0.259619 0.168600 -0.100537 False
0.267148 0.175655 -0.110779 False
0.276024 0.196263 -0.128654 False
0.272853 0.209589 -0.147742 False
0.267279 0.215744 -0.161136 False
0.261307 0.216474 -0.172171 False
0.256801 0.211632 -0.177383 False
0.252624 0.204291 -0.179547 False
0.248139 0.194403 -0.181240 False
0.238063 0.183735 -0.183818 False
0.227849 0.182310 -0.186071 False
0.220609 0.179851 -0.188277 False
0.216188 0.175026 -0.188588 False
0.215389 0.166658 -0.189690 False
0.216806 0.155287 -0.190247 False
0.223755 0.141048 -0.188245 False
0.226948 0.130139 -0.187111 False
0.226783 0.115441 -0.186737 False
0.224398 0.107486 -0.192389 False
0.225575 0.104472 -0.199417 False
0.230525 0.104370 -0.203078 False
0.234897 0.101792 -0.203999 False
0.238847 0.094364 -0.203831 False
0.239020 0.087041 -0.203195 False
0.237429 0.082221 -0.204304 False
0.235689 0.079328 -0.204637 False
0.226529 0.072887 -0.202860 False
0.213245 0.062100 -0.192975 False
0.197477 0.055841 -0.180752 False
0.190391 0.051786 -0.171574 False
0.186851 0.056160 -0.164474 False
0.188841 0.060525 -0.161603 False
0.185010 0.060843 -0.160978 False
0.182425 0.061187 -0.161923 False
0.181375 0.063085 -0.162244 False
0.182274 0.065933 -0.162127 False
0.183394 0.067788 -0.161659 False
0.186412 0.068995 -0.162743 False
0.189828 0.070810 -0.166459 False
0.189839 0.071914 -0.166701 False
0.187622 0.070694 -0.163608 False
0.186036 0.070308 -0.162352 False
0.186955 0.071563 -0.163266 False
0.191547 0.074133 -0.166190 False
0.192647 0.080746 -0.167361 False
0.194972 0.084154 -0.170839 False
0.195813 0.085885 -0.182187 False
0.198044 0.084507 -0.198317 False
0.207730 0.083981 -0.210275 False
0.228589 0.076750 -0.221623 False
0.241330 0.075401 -0.221494 True
0.251432 0.072655 -0.219564 True
0.254686 0.073187 -0.222131 True
0.253697 0.088825 -0.225037 True
0.257166 0.119064 -0.223131 False
0.257399 0.143401 -0.224059 False
0.263286 0.149755 -0.235004 False
0.268418 0.154697 -0.248686 False
0.279808 0.161548 -0.263512 False
0.288941 0.155874 -0.287482 False
0.299674 0.170279 -0.326850 False
0.312363 0.202404 -0.368077 False
0.320800 0.227057 -0.406585 False
0.316062 0.229578 -0.439517 False
0.303295 0.216233 -0.466119 False
0.294717 0.202315 -0.482250 False
0.316256 0.203884 -0.484144 False
0.419060 0.251407 -0.467082 False
0.441508 0.246509 -0.476278 False
0.441144 0.237185 -0.484584 False
0.434349 0.225568 -0.491924 False
0.429306 0.217552 -0.496005 False
0.431651 0.212724 -0.497158 False
0.437317 0.210451 -0.496907 False
0.439076 0.208327 -0.496227 False
0.437947 0.202395 -0.495785 False
0.445842 0.200331 -0.495773 False
0.453516 0.199594 -0.495450 False
0.454632 0.198800 -0.495114 False
0.450206 0.196559 -0.494500 False
0.447639 0.195967 -0.493334 False
0.448022 0.199414 -0.492173 False
0.450597 0.199222 -0.490680 False
0.455173 0.200475 -0.489814 False
0.458452 0.198382 -0.488222 False
0.463002 0.198593 -0.486557 False
0.466889 0.193175 -0.486154 False
0.464409 0.184184 -0.484699 False
0.459360 0.178433 -0.478321 False
0.454510 0.183034 -0.470368 False
0.446995 0.193479 -0.463099 False
0.446428 0.203744 -0.456729 False
0.444492 0.211324 -0.453610 False
0.445188 0.213330 -0.456084 False
0.442347 0.210385 -0.460901 False
0.443021 0.197640 -0.462324 False
0.444798 0.178767 -0.459373 False
0.439764 0.166391 -0.459046 False
0.411468 0.169082 -0.465238 False
0.303488 0.200670 -0.489752 False
0.277042 0.198910 -0.491234 False
0.269154 0.195221 -0.486109 False
0.266296 0.205156 -0.483597 False
0.271655 0.202152 -0.479195 False
0.275345 0.204677 -0.478406 False
0.271238 0.208425 -0.472293 False
0.266162 0.208189 -0.456858 False
0.261812 0.193220 -0.435680 False
0.265744 0.181545 -0.408024 False
0.272021 0.166136 -0.383478 False
0.276522 0.172064 -0.360606 False
0.282247 0.166575 -0.341419 False
0.282052 0.159991 -0.325481 False
0.279995 0.151623 -0.310520 False
0.272939 0.147035 -0.298137 False
0.260366 0.148040 -0.284652 False
0.250292 0.149441 -0.268925 False
0.252200 0.156657 -0.259362 False
0.256913 0.152493 -0.248561 False
0.256774 0.151377 -0.236812 False
0.250114 0.148834 -0.225141 False
0.239157 0.145983 -0.216864 False
0.221209 0.119358 -0.208665 False
0.217332 0.106268 -0.207174 False
0.217661 0.101255 -0.205230 False
0.222407 0.094993 -0.204265 False
0.230549 0.090587 -0.204624 False
0.241272 0.084332 -0.203913 False
0.248736 0.078240 -0.203009 False
0.249936 0.077805 -0.202099 False
0.248336 0.077680 -0.201683 False
0.246629 0.077949 -0.202173 False
0.240971 0.078215 -0.201185 False
0.227236 0.085647 -0.198688 False
0.213883 0.103375 -0.201870 False
0.226339 0.127875 -0.211891 False
0.248514 0.139982 -0.218468 False
0.282321 0.137930 -0.218712 False
0.284059 0.142489 -0.216010 False
0.282274 0.142523 -0.214531 False
0.286336 0.139915 -0.217046 False
0.286037 0.138060 -0.216406 False
0.275237 0.136978 -0.193429 False
0.232343 0.131696 -0.108301 False
0.240521 0.134221 -0.187764 False
0.269468 0.139432 -0.212265 False
0.239668 0.132083 -0.211783 False
0.223241 0.131006 -0.208604 False
0.213213 0.138020 -0.192841 False
0.209372 0.140032 -0.166634 False
0.203675 0.141576 -0.146706 False
0.209507 0.142047 -0.137791 False
0.222096 0.143575 -0.133358 False
0.229405 0.146474 -0.132523 False
0.233291 0.147947 -0.131794 False
0.231343 0.148188 -0.129985 False
0.229489 0.145831 -0.129182 False
0.231347 0.139636 -0.129253 False
0.235449 0.137115 -0.131662 False
0.235304 0.140218 -0.132981 False
0.231815 0.143068 -0.134677 False
0.216311 0.150135 -0.142295 False
0.161200 0.169382 -0.161809 False
0.131960 0.184393 -0.194983 False
0.143018 0.198394 -0.263417 False
0.136728 0.220720 -0.296397 False
0.117830 0.203418 -0.310755 False
0.122216 0.192974 -0.306917 False
0.133958 0.187091 -0.298009 False
0.156985 0.186181 -0.278994 False
0.190363 0.182558 -0.248468 False
0.225489 0.224229 -0.233065 False
0.225333 0.227755 -0.233907 False
0.212256 0.216803 -0.242783 False
0.221340 0.208890 -0.234244 False
0.209834 0.214975 -0.233512 False
0.195432 0.197931 -0.198262 False
0.151389 0.164008 -0.100408 False
0.200348 0.198534 -0.195655 False
0.217075 0.219330 -0.224179 False
0.215116 0.185451 -0.224969 False
0.212920 0.187400 -0.219785 False
0.196711 0.152692 -0.194442 False
0.156652 0.138794 -0.114900 False
0.193518 0.139592 -0.196381 False
0.201165 0.139541 -0.221746 False
0.201744 0.140955 -0.227005 False
0.202973 0.140590 -0.227997 False
0.204752 0.140247 -0.227594 False
0.205683 0.140881 -0.226789 False
0.207733 0.141654 -0.227010 False
0.208844 0.141681 -0.227838 False
0.209553 0.141740 -0.228806 False
0.209319 0.142030 -0.227503 False
0.209665 0.144031 -0.226067 False
0.209316 0.144339 -0.225581 False
0.209079 0.143020 -0.226273 False
0.209610 0.142489 -0.228113 False
0.211671 0.142101 -0.230852 False
0.216796 0.151423 -0.232333 False
0.229414 0.175457 -0.244513 False
0.258103 0.237780 -0.288880 False
0.262090 0.259393 -0.289057 False
0.241376 0.247148 -0.249087 False
0.173598 0.179787 -0.127821 False
0.214241 0.169585 -0.200673 False
0.228335 0.170275 -0.225357 False
0.235346 0.182528 -0.235038 False
0.244268 0.223638 -0.248841 False
0.237963 0.184870 -0.237332 False
0.237088 0.173601 -0.233947 False
0.237961 0.173362 -0.234182 False
0.238969 0.186353 -0.235942 False
0.241257 0.229253 -0.241150 False
0.245839 0.189316 -0.238153 False
0.246202 0.176870 -0.237202 False
0.245926 0.171334 -0.237351 False
0.246085 0.169917 -0.237467 False
0.246595 0.172236 -0.236648 False
0.246557 0.172248 -0.236183 False
0.246539 0.171202 -0.236146 False
0.245797 0.166245 -0.237135 False
0.244584 0.166261 -0.237090 False
0.241731 0.170012 -0.236809 False
0.234193 0.180933 -0.234858 False
0.218030 0.171068 -0.232842 False
0.201172 0.164635 -0.233242 False
0.185062 0.161247 -0.234834 False
0.173588 0.153563 -0.238462 False
0.166969 0.151148 -0.239736 False
0.166645 0.150476 -0.242484 False
0.169157 0.149636 -0.245641 False
0.169807 0.148907 -0.246256 False
0.169518 0.148974 -0.246381 False
0.169489 0.149102 -0.246584 False
0.170021 0.149197 -0.247016 False
0.169090 0.149192 -0.246765 False
0.168096 0.148865 -0.246665 False
0.167853 0.149001 -0.246885 False
0.167291 0.147959 -0.247778 False
0.165130 0.145836 -0.249927 False
0.164048 0.148902 -0.252365 False
0.176661 0.164880 -0.252720 False
0.226114 0.222314 -0.262616 False
0.223785 0.245755 -0.268972 False
0.218675 0.248909 -0.260973 False
0.211795 0.252569 -0.257311 False
0.200137 0.251766 -0.253816 False
0.198231 0.249926 -0.253755 False
0.213005 0.262053 -0.261472 False
0.220240 0.257849 -0.269769 False
0.211343 0.228553 -0.271681 False
0.187278 0.175047 -0.259022 False
0.209440 0.231325 -0.256300 False
0.208445 0.247860 -0.255415 False
0.216195 0.257151 -0.257320 False
0.208987 0.235329 -0.264583 False
0.186192 0.169390 -0.254650 False
0.195754 0.190638 -0.252052 False
0.175197 0.150156 -0.250153 False
0.174791 0.158822 -0.245874 False
0.177085 0.153533 -0.248828 False
0.198040 0.198022 -0.248048 False
0.192086 0.193460 -0.247143 False
0.179515 0.174351 -0.252680 False
0.159635 0.137582 -0.259043 False
0.160012 0.153934 -0.265989 False
0.158464 0.158379 -0.271974 False
0.157129 0.159815 -0.274965 False
0.148027 0.145706 -0.278226 False
0.149067 0.142881 -0.276805 False
0.149376 0.143141 -0.275824 False
0.148115 0.144193 -0.275880 False
0.143455 0.147706 -0.275371 False
0.134520 0.158284 -0.266308 False
0.132311 0.174550 -0.238593 False
0.170551 0.187063 -0.190029 False
0.219195 0.126969 -0.097563 False
0.255348 0.076856 -0.056592 False
0.126319 0.053618 -0.033940 False
0.050586 0.038568 -0.025511 False
0.026627 0.031867 -0.024198 False
0.032943 0.023288 -0.028309 True
0.081932 0.020986 -0.034139 True
0.252057 0.048203 -0.045466 False
0.299090 0.054463 -0.047285 False
0.305579 0.054638 -0.047989 False
0.299539 0.054812 -0.050160 False
0.288649 0.054876 -0.052346 False
0.246092 0.047949 -0.050042 False
0.088226 0.015972 -0.023619 True
0.052916 0.010593 -0.017016 True
0.068528 0.026988 -0.021493 True
0.122783 0.069419 -0.036178 False
0.175922 0.092055 -0.055664 False
0.223519 0.095736 -0.075061 False
0.253901 0.098305 -0.089712 False
0.268923 0.096497 -0.099427 False
0.271420 0.093103 -0.107444 False
0.267453 0.092106 -0.111963 False
0.265472 0.093246 -0.114104 False
0.265042 0.095347 -0.115982 False
0.264635 0.096165 -0.118111 False
0.266380 0.096774 -0.120218 False
0.267812 0.098923 -0.120320 False
0.265338 0.098682 -0.114904 False
0.263243 0.098121 -0.110304 False
0.261535 0.099417 -0.107429 False
0.257156 0.102500 -0.102430 False
0.253664 0.100002 -0.095640 False
0.253747 0.098841 -0.095397 False
0.253576 0.101882 -0.099104 False
0.254104 0.104402 -0.101450 False
0.256285 0.106449 -0.103578 False
0.259319 0.109253 -0.106499 False
0.261370 0.115666 -0.108208 False
0.263092 0.114657 -0.108896 False
0.260541 0.112532 -0.106726 False
0.259084 0.113967 -0.104735 False
0.257237 0.113957 -0.103725 False
0.257256 0.113191 -0.102844 False
0.258310 0.112018 -0.104648 False
0.265523 0.110744 -0.113734 False
0.285903 0.119568 -0.141906 False
0.345144 0.156211 -0.223526 False
0.291044 0.121643 -0.141064 False
0.274770 0.107231 -0.113883 False
0.270719 0.101621 -0.106152 False
0.270558 0.100460 -0.105333 False
0.270672 0.101353 -0.106278 False
0.270819 0.102662 -0.106976 False
0.268202 0.101813 -0.107888 False
0.264554 0.098730 -0.108777 False
0.264987 0.098405 -0.109058 False
0.266357 0.099198 -0.108939 False
0.267145 0.097685 -0.108453 False
0.267561 0.100278 -0.106744 False
0.267711 0.104434 -0.105625 False
0.269557 0.107858 -0.103215 False
0.273129 0.105772 -0.099428 False
0.287168 0.099838 -0.105528 False
0.317000 0.105805 -0.139804 False
0.333521 0.127048 -0.190995 False
0.369352 0.166892 -0.268855 False
0.372945 0.163533 -0.283905 False
0.343837 0.119756 -0.270046 False
0.341886 0.130736 -0.266075 False
0.341685 0.147860 -0.250515 False
0.322871 0.151046 -0.206401 False
0.251851 0.137779 -0.111083 False
0.349182 0.202585 -0.198256 False
0.364671 0.205988 -0.200631 False
0.319453 0.152069 -0.124395 False
0.340243 0.141912 -0.192833 False
0.371162 0.177408 -0.232736 False
0.355913 0.159263 -0.218819 False
0.379459 0.210289 -0.225057 False
0.341743 0.212081 -0.229432 False
0.344295 0.162710 -0.216312 False
0.364520 0.203442 -0.225199 False
0.340784 0.136113 -0.208811 False
0.330344 0.121794 -0.201691 False
0.323428 0.126273 -0.198432 False
0.319356 0.131297 -0.198496 False
0.316969 0.134884 -0.200841 False
0.316208 0.137829 -0.202811 False
0.317235 0.140408 -0.205535 False
0.317446 0.140421 -0.206866 False
0.315615 0.136988 -0.206038 False
0.312207 0.133897 -0.205511 False
0.312168 0.132244 -0.208363 False
0.311899 0.132520 -0.212379 False
0.311435 0.133149 -0.216929 False
0.312315 0.131048 -0.225510 False
0.310170 0.128536 -0.235154 False
0.308313 0.127044 -0.249210 False
0.309177 0.121140 -0.264946 False
0.316139 0.116715 -0.287965 False
0.325181 0.114931 -0.315678 False
0.328086 0.121154 -0.340225 False
0.325999 0.127692 -0.359491 False
0.319095 0.136709 -0.381527 False
0.312260 0.139185 -0.399057 False
0.310169 0.138029 -0.409730 False
0.310163 0.135132 -0.417886 False
0.310148 0.133229 -0.427631 False
0.310711 0.132552 -0.434597 False
0.311592 0.129597 -0.441266 False
0.308491 0.127324 -0.443625 False
0.305634 0.126412 -0.446342 False
0.304787 0.125576 -0.450287 False
0.305032 0.126274 -0.450541 False
0.302593 0.125375 -0.451471 False
0.300447 0.121645 -0.452192 False
0.298606 0.120576 -0.453507 False
0.299593 0.119535 -0.455453 False
0.302574 0.120525 -0.456466 False
0.305180 0.121406 -0.458425 False
0.304432 0.121555 -0.459455 False
0.302433 0.120663 -0.459790 False
0.301637 0.118603 -0.460626 False
0.302375 0.117413 -0.459930 False
0.302525 0.116886 -0.459322 False
0.302257 0.116204 -0.458870 False
0.301682 0.116284 -0.458064 False
0.299948 0.116687 -0.456884 False
0.297067 0.116851 -0.455434 False
0.297923 0.117139 -0.454808 False
0.297386 0.120941 -0.453647 False
0.297568 0.121054 -0.454497 False
0.297038 0.120942 -0.454011 False
0.297260 0.120305 -0.453206 False
0.297404 0.119956 -0.452094 False
0.296979 0.120496 -0.450689 False
0.296973 0.120687 -0.449090 False
0.296836 0.118640 -0.448035 False
0.296934 0.117753 -0.447197 False
0.295903 0.118985 -0.446478 False
0.294313 0.119972 -0.445894 False
0.292473 0.121617 -0.444917 False
0.290543 0.127248 -0.442855 False
0.290454 0.133915 -0.438136 False
0.293427 0.139163 -0.430287 False
0.299915 0.138090 -0.421710 False
0.304403 0.145433 -0.416475 False
0.309027 0.159432 -0.414798 False
0.316021 0.175960 -0.409166 False
0.322787 0.196020 -0.391961 False
0.329173 0.206688 -0.359760 False
0.330516 0.210159 -0.323189 False
0.329714 0.199112 -0.271707 False
0.326883 0.179947 -0.227063 False
0.322904 0.170984 -0.194332 False
0.312676 0.152987 -0.180941 False
0.302556 0.149266 -0.178015 False
0.290778 0.146521 -0.176400 False
0.278299 0.141344 -0.173878 False
0.269021 0.136049 -0.172388 False
0.261508 0.127389 -0.171890 False
0.260456 0.121938 -0.175880 False
0.260226 0.119661 -0.179111 False
0.260790 0.118888 -0.182528 False
0.265712 0.114223 -0.183362 False
0.271241 0.109126 -0.181341 False
0.273026 0.107435 -0.178062 False
0.272673 0.107617 -0.175461 False
0.275811 0.112874 -0.175805 False
0.284112 0.135514 -0.176978 False
0.320692 0.215619 -0.185685 False
0.325757 0.237623 -0.185300 False
0.317593 0.223253 -0.182153 False
0.283813 0.142263 -0.171538 False
0.279275 0.121078 -0.168465 False
0.287411 0.131126 -0.171214 False
0.316858 0.184645 -0.186280 False
0.304872 0.154113 -0.178127 False
0.323837 0.195219 -0.195196 False
0.297892 0.134299 -0.174821 False
0.298425 0.128931 -0.170510 False
0.330023 0.188149 -0.176717 False
0.337228 0.203384 -0.175492 False
0.339974 0.210500 -0.173378 False
0.331357 0.218103 -0.176190 False
0.291178 0.190331 -0.194661 False
0.287909 0.184381 -0.180753 False
0.284317 0.166095 -0.139173 False
0.279964 0.145751 -0.120092 False
0.270940 0.138310 -0.113383 False
0.260003 0.133430 -0.109654 False
0.251964 0.130054 -0.104538 False
0.248487 0.130937 -0.102021 False
0.250838 0.130129 -0.104662 False
0.256810 0.126954 -0.109367 False
0.261175 0.125070 -0.114217 False
0.259596 0.125921 -0.120198 False
0.241310 0.132323 -0.132591 False
0.192458 0.143779 -0.154939 False
0.170051 0.177385 -0.183406 False
0.248458 0.273911 -0.282349 False
0.233231 0.269199 -0.286743 False
0.190472 0.235275 -0.282191 False
0.174650 0.206889 -0.281217 False
0.190761 0.215890 -0.271497 False
0.200777 0.228450 -0.271994 False
0.200622 0.229291 -0.281725 False
0.187639 0.220804 -0.287757 False
0.186581 0.222304 -0.272930 False
0.171174 0.216714 -0.280503 False
0.180339 0.218200 -0.269391 False
0.182237 0.225999 -0.268562 False
0.183739 0.227240 -0.263931 False
0.173480 0.230059 -0.263369 False
0.168283 0.223178 -0.261738 False
0.164949 0.209619 -0.260421 False
0.155626 0.154315 -0.261593 False
0.152553 0.137349 -0.261483 False
0.150793 0.133215 -0.260760 False
0.151205 0.134716 -0.261627 False
0.151188 0.133231 -0.261374 False
0.150464 0.134283 -0.262279 False
0.149492 0.137277 -0.263238 False
0.146141 0.138192 -0.263608 False
0.142424 0.137834 -0.266133 False
0.138652 0.138642 -0.263316 False
0.141068 0.145624 -0.263174 False
0.149300 0.149622 -0.266959 False
0.156183 0.150867 -0.267767 False
0.160522 0.149481 -0.268482 False
0.161377 0.146620 -0.268296 False
0.161826 0.145619 -0.268179 False
0.162741 0.145445 -0.268441 False
0.162442 0.145326 -0.268197 False
0.163534 0.146501 -0.269747 False
0.166825 0.148172 -0.272416 False
0.176168 0.153894 -0.266655 False
0.196180 0.170626 -0.241140 False
0.176150 0.155370 -0.261945 False
0.171141 0.150895 -0.266509 False
0.173821 0.153459 -0.263885 False
0.180401 0.159120 -0.252110 False
0.188307 0.164139 -0.246266 False
0.195931 0.177226 -0.245795 False
0.203142 0.226573 -0.258411 False
0.189153 0.224185 -0.221088 False
0.193119 0.255684 -0.250044 False
0.211674 0.238664 -0.260133 False
0.206389 0.180094 -0.239199 False
0.207195 0.166344 -0.233585 False
0.208502 0.173964 -0.236017 False
0.208013 0.164571 -0.232278 False
0.207699 0.162234 -0.230830 False
0.208193 0.161923 -0.230657 False
0.210368 0.161883 -0.231152 False
0.211398 0.162728 -0.231163 False
0.212626 0.164362 -0.232682 False
0.214809 0.158689 -0.235018 False
0.213652 0.162911 -0.233745 False
0.213765 0.164581 -0.234148 False
0.214055 0.165836 -0.234912 False
0.213555 0.165758 -0.235466 False
0.213385 0.165768 -0.236069 False
0.213047 0.165392 -0.236050 False
0.213771 0.163920 -0.237333 False
0.214414 0.160689 -0.239141 False
0.213972 0.159142 -0.240299 False
0.213458 0.157220 -0.240723 False
0.211178 0.158036 -0.238013 False
0.208162 0.157428 -0.237021 False
0.200968 0.156375 -0.236077 False
0.188857 0.155435 -0.235530 False
0.178539 0.152346 -0.238010 False
0.168993 0.151668 -0.240098 False
0.161727 0.151138 -0.241148 False
0.159854 0.149916 -0.242679 False
0.159315 0.148623 -0.243670 False
0.159179 0.147738 -0.243623 False
0.159344 0.148170 -0.243199 False
0.158990 0.148119 -0.243012 False
0.158891 0.148354 -0.242947 False
0.159171 0.148604 -0.243191 False
0.159625 0.148785 -0.243363 False
0.159900 0.148895 -0.244047 False
0.159609 0.148476 -0.244528 False
0.158647 0.147285 -0.244881 False
0.156614 0.146781 -0.244437 False
0.150998 0.145324 -0.240164 False
0.143877 0.150373 -0.218867 False
0.127311 0.169465 -0.149825 False
0.165462 0.158376 -0.222113 False
0.173787 0.153148 -0.240444 False
0.166140 0.153250 -0.243352 False
0.166315 0.157725 -0.241763 False
0.175070 0.160843 -0.244202 False
0.213812 0.187910 -0.247214 False
0.183973 0.174301 -0.245400 False
0.201866 0.216933 -0.246576 False
0.199698 0.225950 -0.245409 False
0.196846 0.229618 -0.245931 False
0.186855 0.216127 -0.245562 False
0.192295 0.226848 -0.244284 False
0.195470 0.226645 -0.246329 False
0.178288 0.177659 -0.250932 False
0.205600 0.228473 -0.263753 False
0.219537 0.242093 -0.280860 False
0.202566 0.236669 -0.270637 False
0.206276 0.232916 -0.273754 False
0.198677 0.225700 -0.264787 False
0.192598 0.197462 -0.246851 False
0.172120 0.165117 -0.243561 False
0.164442 0.155154 -0.245381 False
0.159330 0.160932 -0.253276 False
0.153879 0.165932 -0.267377 False
0.150897 0.180818 -0.280130 False
0.149969 0.209110 -0.287491 False
0.129671 0.171841 -0.270020 False
0.124881 0.166829 -0.224472 False
0.143812 0.153078 -0.153517 False
0.177772 0.117257 -0.071459 False
0.196398 0.086213 -0.024560 False
0.203193 0.062673 -0.013414 False
0.191941 0.045785 -0.020313 False
0.180022 0.046625 -0.025803 False
0.249829 0.066181 -0.039162 False
0.224539 0.063674 -0.038784 False
0.071142 0.030774 -0.024632 True
0.038498 0.017146 -0.028834 True
0.072989 0.022902 -0.035221 True
0.220024 0.064918 -0.045943 False
0.260528 0.075762 -0.048594 False
0.267556 0.077275 -0.048630 False
0.264875 0.076177 -0.048205 False
0.258056 0.074307 -0.049038 False
0.253138 0.076090 -0.048024 False
0.249764 0.076937 -0.048762 False
0.241092 0.076237 -0.049798 False
0.203305 0.064042 -0.047202 False
0.072587 0.019034 -0.030969 True
0.043328 0.030425 -0.026433 True
0.081236 0.082607 -0.024401 False
0.147366 0.150462 -0.053981 False
0.190374 0.167832 -0.075004 False
0.210655 0.163691 -0.079397 False
0.220098 0.155277 -0.081263 False
0.223923 0.154694 -0.080770 False
0.225031 0.155504 -0.079460 False
0.225845 0.154862 -0.078211 False
0.227515 0.152562 -0.075137 False
0.230379 0.148153 -0.070314 False
0.232006 0.144150 -0.067718 False
0.231310 0.141276 -0.065582 False
0.231416 0.137919 -0.063842 False
0.231306 0.134262 -0.061259 False
0.232091 0.128917 -0.059350 False
0.235447 0.122923 -0.059656 False
0.246414 0.124689 -0.060227 False
0.252554 0.122299 -0.064374 False
0.248672 0.117250 -0.068758 False
0.244967 0.114099 -0.072375 False
0.248124 0.113730 -0.075501 False
0.249879 0.112310 -0.077819 False
0.250692 0.113563 -0.077673 False
0.247781 0.111950 -0.077077 False
0.243115 0.110693 -0.076266 False
0.239911 0.111036 -0.075513 False
0.237523 0.109521 -0.075021 False
0.234702 0.107225 -0.073539 False
0.235025 0.109285 -0.071198 False
0.234457 0.112101 -0.068105 False
0.231042 0.114306 -0.065127 False
0.230217 0.118410 -0.062610 False
0.231967 0.122384 -0.063615 False
0.236398 0.127112 -0.069742 False
0.246148 0.131736 -0.078846 False
0.259492 0.134870 -0.088034 False
0.267788 0.140007 -0.088601 False
0.266328 0.137068 -0.086110 False
0.259426 0.133706 -0.082240 False
0.251788 0.130143 -0.079914 False
0.249503 0.125597 -0.079864 False
0.248275 0.122400 -0.081335 False
0.246492 0.117775 -0.083871 False
0.243610 0.123481 -0.086847 False
0.226553 0.148344 -0.101632 False
0.179765 0.178980 -0.144381 False
0.125013 0.185494 -0.196787 False
0.115408 0.184580 -0.236157 False
0.147397 0.187109 -0.274860 False
0.155642 0.176972 -0.281145 False
0.178140 0.206662 -0.284228 False
0.186637 0.224196 -0.295987 False
0.180961 0.219174 -0.304249 False
0.184856 0.226674 -0.291464 False
0.171442 0.225318 -0.299309 False
0.168291 0.217667 -0.298443 False
0.168434 0.211251 -0.287342 False
0.159311 0.215121 -0.294786 False
0.158533 0.199826 -0.282793 False
0.158015 0.207064 -0.280386 False
0.144828 0.154877 -0.280264 False
0.140532 0.140741 -0.280137 False
0.140124 0.137742 -0.280075 False
0.140481 0.138228 -0.279607 False
0.140698 0.139710 -0.279723 False
0.140331 0.139914 -0.280633 False
0.139839 0.140049 -0.281244 False
0.139890 0.139274 -0.281787 False
0.140915 0.139706 -0.279753 False
0.148234 0.144161 -0.269756 False
0.174110 0.166231 -0.223926 False
0.132742 0.192544 -0.213670 False
0.164720 0.221383 -0.191208 False
0.276299 0.236978 -0.193665 False
0.390821 0.247389 -0.246881 False
0.389062 0.213260 -0.294399 False
0.397760 0.190328 -0.305623 False
0.397869 0.184210 -0.305641 False
0.398639 0.183353 -0.304708 False
0.398422 0.183445 -0.304096 False
0.399734 0.184677 -0.303944 False
0.398633 0.184293 -0.303729 False
0.398400 0.184762 -0.303574 False
0.397131 0.184319 -0.303705 False
0.396059 0.184131 -0.303942 False
0.396512 0.183631 -0.304778 False
0.397164 0.183820 -0.305803 False
0.398199 0.184711 -0.306291 False
0.397943 0.186669 -0.305731 False
0.393538 0.194346 -0.299578 False
0.371740 0.216162 -0.274288 False
0.320592 0.232381 -0.217606 False
0.198867 0.193023 -0.169180 False
0.143213 0.167997 -0.186072 False
0.167251 0.149139 -0.200449 False
0.129376 0.135995 -0.261618 False
0.131632 0.149475 -0.284066 False
0.146072 0.150395 -0.289787 False
0.149459 0.146364 -0.287946 False
0.152702 0.147827 -0.286133 False
0.159508 0.148497 -0.288332 False
0.168084 0.154963 -0.287004 False
0.178164 0.169575 -0.287197 False
0.190123 0.185048 -0.290590 False
0.204589 0.192585 -0.293188 False
0.214411 0.194793 -0.292230 False
0.217098 0.193352 -0.291727 False
0.217341 0.192418 -0.290941 False
0.218528 0.192695 -0.290125 False
0.215869 0.191491 -0.289843 False
0.215741 0.190920 -0.290195 False
0.217641 0.189663 -0.290564 False
0.217649 0.187590 -0.290190 False
0.217095 0.184659 -0.289374 False
0.217657 0.182608 -0.288527 False
0.218940 0.180415 -0.287873 False
0.220876 0.178584 -0.287412 False
0.223362 0.177446 -0.286762 False
0.225741 0.175261 -0.286602 False
0.227744 0.174058 -0.285932 False
0.229411 0.173778 -0.285116 False
0.229497 0.172542 -0.284875 False
0.230436 0.172673 -0.284927 False
0.230509 0.172373 -0.285025 False
0.231494 0.171122 -0.285038 False
0.231152 0.171144 -0.284093 False
0.231076 0.170805 -0.284244 False
0.232762 0.172070 -0.282786 False
0.233281 0.172916 -0.282258 False
0.231996 0.172457 -0.281996 False
0.233794 0.172710 -0.280983 False
0.236366 0.172868 -0.280324 False
0.237293 0.172791 -0.280451 False
0.237193 0.172180 -0.280959 False
0.235835 0.171760 -0.281329 False
0.234642 0.170687 -0.281668 False
0.235436 0.170796 -0.280556 False
0.235780 0.171409 -0.279769 False
0.235519 0.171568 -0.279830 False
0.235388 0.169891 -0.280479 False
0.236370 0.170403 -0.279303 False
0.236633 0.168417 -0.279407 False
0.237053 0.166294 -0.279775 False
0.237008 0.166180 -0.279442 False
0.236131 0.164484 -0.281086 False
0.237578 0.167189 -0.279431 False
0.238843 0.166257 -0.279432 False
0.239323 0.165205 -0.279787 False
0.237814 0.165770 -0.279680 False
0.238102 0.167789 -0.278694 False
0.239117 0.170010 -0.277771 False
0.240464 0.172274 -0.276298 False
0.240016 0.175878 -0.276071 False
0.234566 0.184716 -0.277730 False
0.221213 0.190019 -0.281671 False
0.199734 0.194168 -0.285159 False
0.180410 0.194211 -0.287671 False
0.162090 0.188959 -0.292924 False
0.152757 0.185370 -0.294422 False
0.145320 0.179881 -0.295329 False
0.144752 0.174265 -0.297354 False
0.149894 0.168386 -0.297776 False
0.155600 0.162807 -0.296844 False
0.160298 0.157561 -0.295053 False
0.162237 0.155616 -0.295257 False
0.162932 0.154735 -0.296453 False
0.163266 0.152894 -0.298383 False
0.163035 0.152299 -0.299812 False
0.162805 0.151806 -0.300763 False
0.160866 0.149978 -0.301746 False
0.154992 0.149497 -0.299139 False
0.140022 0.149374 -0.284836 False
0.130915 0.158603 -0.234378 False
0.183421 0.175000 -0.188916 False
0.263770 0.192352 -0.192878 False
0.333968 0.206537 -0.250355 False
0.369305 0.197631 -0.302801 False
0.381435 0.184945 -0.320557 False
0.382438 0.180859 -0.323508 False
0.382793 0.179866 -0.323597 False
0.382894 0.180217 -0.323247 False
0.382887 0.180327 -0.322821 False
0.381621 0.179357 -0.322558 False
0.379138 0.177890 -0.322169 False
0.379001 0.178729 -0.322609 False
0.379757 0.179325 -0.323353 False
0.381476 0.180073 -0.322928 False
0.375353 0.181254 -0.314444 False
0.341649 0.182709 -0.274886 False
0.230300 0.188628 -0.146855 False
0.341749 0.182445 -0.275256 False
0.374536 0.179166 -0.314586 False
0.382249 0.179380 -0.323593 False
0.382489 0.178863 -0.324216 False
0.382073 0.179712 -0.323224 False
0.380741 0.178383 -0.322894 False
0.379938 0.179189 -0.322539 False
0.382205 0.180873 -0.323434 False
0.381809 0.179922 -0.322338 False
0.380229 0.179478 -0.322376 False
0.380403 0.180207 -0.321975 False
0.379594 0.179926 -0.321612 False
0.381748 0.180921 -0.321549 False
0.382382 0.181397 -0.322390 False
0.382025 0.180540 -0.321817 False
0.382573 0.179710 -0.322432 False
0.382347 0.180656 -0.322130 False
0.382621 0.180829 -0.322175 False
0.382582 0.181482 -0.322554 False
0.383042 0.182196 -0.322345 False
0.383148 0.182283 -0.322555 False
0.381841 0.181377 -0.322633 False
0.380833 0.180884 -0.322200 False
0.380637 0.180535 -0.322223 False
0.381515 0.181031 -0.322660 False
0.381687 0.181002 -0.322881 False
0.382411 0.180320 -0.322756 False
0.383179 0.181957 -0.322548 False
0.383905 0.182304 -0.323091 False
0.382085 0.180192 -0.323257 False
0.379065 0.178741 -0.323028 False
0.368781 0.178793 -0.320844 False
0.354646 0.182487 -0.314692 False
0.341062 0.184260 -0.301395 False
0.332223 0.187533 -0.277691 False
0.325472 0.191629 -0.245262 False
0.320609 0.197208 -0.210013 False
0.302766 0.200780 -0.165451 False
0.287294 0.198155 -0.137520 False
0.277648 0.189406 -0.121164 False
0.267397 0.180444 -0.110660 False
0.253124 0.166108 -0.097090 False
0.242367 0.141130 -0.077136 False
0.243842 0.130039 -0.067251 False
0.244402 0.124291 -0.064457 False
0.244201 0.121993 -0.065467 False
0.244208 0.119986 -0.066625 False
0.246155 0.120541 -0.068215 False
0.247802 0.122830 -0.068973 False
0.250053 0.126036 -0.069407 False
0.251406 0.129932 -0.069186 False
0.253905 0.131249 -0.068353 False
0.255118 0.129884 -0.067052 False
0.255995 0.127923 -0.067239 False
0.254902 0.127388 -0.069492 False
0.255004 0.127408 -0.071609 False
0.255753 0.127642 -0.072801 False
0.255684 0.127058 -0.072959 False
0.255847 0.126768 -0.073186 False
0.254613 0.127984 -0.073160 False
0.251435 0.131650 -0.071831 False
0.244294 0.142717 -0.068779 False
0.229659 0.158289 -0.064499 False
0.214493 0.176525 -0.062862 False
0.208328 0.183605 -0.064532 False
0.203163 0.166846 -0.073414 False
0.194454 0.088245 -0.102883 True
0.188771 0.160518 -0.066503 False
0.182967 0.179639 -0.060008 False
0.178689 0.186786 -0.075665 False
0.172963 0.188663 -0.115928 False
0.137469 0.182597 -0.176860 False
0.118832 0.167507 -0.229691 False
0.119122 0.158286 -0.274410 False
0.130734 0.154974 -0.296108 False
0.148136 0.158676 -0.301826 False
0.186472 0.209882 -0.302812 False
0.191406 0.229688 -0.302832 False
0.188321 0.231949 -0.301396 False
0.183005 0.224606 -0.293487 False
0.193955 0.242951 -0.288217 False
0.208812 0.264984 -0.286828 False
0.217907 0.273263 -0.290368 False
0.205425 0.240076 -0.286086 False
0.182666 0.171520 -0.279508 False
0.199960 0.236735 -0.286145 False
0.210334 0.238435 -0.283659 False
0.182614 0.154344 -0.279769 False
0.180201 0.146766 -0.283367 False
0.205532 0.213736 -0.302182 False
0.215551 0.236402 -0.286124 False
0.207672 0.212571 -0.275622 False
0.201872 0.182356 -0.267765 False
0.211499 0.232452 -0.279706 False
0.217821 0.244077 -0.282580 False
0.211412 0.227358 -0.280711 False
0.205283 0.212290 -0.277497 False
0.206244 0.212685 -0.277198 False
0.204481 0.213212 -0.278750 False
0.201680 0.207188 -0.280309 False
0.196662 0.191990 -0.278830 False
0.178611 0.157888 -0.279975 False
0.173873 0.149338 -0.279302 False
0.174141 0.148589 -0.279073 False
0.175792 0.155083 -0.279050 False
0.181902 0.177687 -0.281923 False
0.192929 0.199768 -0.291771 False
0.196100 0.193150 -0.291646 False
0.186327 0.171574 -0.289343 False
0.180139 0.159157 -0.285788 False
0.188540 0.150702 -0.275323 False
0.199682 0.137788 -0.246507 False
0.192273 0.109144 -0.149079 False
0.228606 0.127823 -0.202949 False
0.195701 0.066067 -0.131571 False
0.192530 0.050936 -0.106506 False
0.196930 0.074088 -0.099030 True
0.218918 0.111713 -0.109326 False
0.267818 0.173572 -0.156470 False
0.277078 0.183110 -0.172509 False
0.272093 0.178706 -0.182314 False
0.269121 0.170375 -0.188395 False
0.266476 0.165532 -0.191213 False
0.266970 0.162667 -0.194025 False
0.265598 0.166871 -0.194581 False
0.265620 0.165898 -0.196340 False
0.265752 0.166315 -0.197584 False
0.267760 0.160570 -0.200638 False
0.260277 0.164652 -0.196902 False
0.239403 0.159816 -0.172048 False
0.173347 0.101950 -0.059026 False
0.158125 0.088773 -0.029453 False
0.160236 0.091678 -0.032258 False
0.165824 0.097152 -0.042923 False
0.166137 0.100807 -0.055855 False
0.156913 0.094091 -0.075335 False
0.142418 0.091483 -0.093616 False
0.146304 0.106244 -0.108321 False
0.164857 0.172796 -0.110226 False
0.189578 0.204649 -0.129345 False
0.219633 0.229295 -0.159286 False
0.206198 0.232282 -0.152658 False
0.224551 0.217621 -0.176390 False
0.226540 0.239691 -0.182744 False
0.232685 0.222992 -0.187912 False
0.233401 0.223057 -0.179876 False
0.217666 0.236486 -0.172907 False
0.193574 0.223504 -0.158455 False
0.183928 0.226236 -0.140832 False
0.185456 0.214907 -0.148488 False
0.182665 0.222221 -0.137184 False
0.183835 0.222696 -0.140790 False
0.185060 0.226714 -0.130409 False
0.185196 0.221532 -0.127681 False
0.195628 0.198050 -0.136782 False
0.226600 0.173570 -0.142343 False
0.242401 0.145607 -0.148072 False
0.238918 0.150100 -0.170081 False
0.254966 0.166823 -0.179279 False
0.263943 0.188514 -0.171361 False
0.264407 0.223103 -0.161470 False
0.264707 0.233085 -0.162303 False
0.256398 0.229334 -0.168231 False
0.238316 0.217100 -0.177795 False
0.245288 0.160630 -0.176293 False
0.247913 0.138621 -0.185967 False
0.246629 0.132121 -0.197238 False
0.241969 0.121055 -0.208944 False
0.240341 0.114419 -0.215453 False
0.240602 0.110755 -0.216234 False
0.240419 0.112260 -0.213960 False
0.242918 0.111439 -0.211287 False
0.241793 0.110922 -0.210346 False
0.241887 0.117240 -0.211187 False
0.246848 0.144666 -0.216203 False
0.256488 0.155964 -0.218561 False
0.257980 0.151504 -0.217897 False
0.254338 0.156235 -0.213844 False
0.242240 0.184305 -0.218215 False
0.235833 0.223270 -0.225668 False
0.222817 0.250661 -0.236385 False
0.220755 0.268020 -0.250611 False
0.215199 0.261148 -0.237778 False
0.215418 0.258776 -0.233962 False
0.216120 0.267775 -0.232931 False
0.228417 0.291319 -0.249286 False
0.214548 0.283244 -0.229503 False
0.221694 0.308533 -0.228295 False
0.211473 0.299992 -0.226972 False
0.214695 0.299176 -0.213358 False
0.218393 0.298469 -0.206761 False
0.222797 0.298010 -0.201741 False
0.224720 0.296967 -0.207256 False
0.222578 0.295770 -0.215709 False
0.220980 0.300352 -0.220773 False
0.220387 0.309243 -0.220398 False
0.222115 0.314591 -0.213928 False
0.225117 0.312128 -0.209547 False
0.226309 0.303587 -0.207839 False
0.221168 0.295611 -0.206147 False
0.215857 0.284225 -0.202779 False
0.211967 0.267757 -0.196948 False
0.208313 0.250250 -0.190546 False
0.203770 0.236294 -0.186701 False
0.204325 0.227424 -0.184416 False
0.207460 0.219791 -0.183175 False
0.209149 0.219421 -0.183275 False
0.209871 0.219359 -0.185376 False
0.211198 0.217741 -0.188947 False
0.213354 0.216048 -0.192867 False
0.214638 0.213561 -0.198268 False
0.213547 0.209844 -0.202498 False
0.210339 0.207045 -0.204367 False
0.207422 0.201883 -0.207303 False
0.206180 0.198685 -0.210669 False
0.213920 0.196481 -0.216563 False
0.228553 0.192675 -0.222923 False
0.244589 0.173422 -0.227097 False
0.261819 0.102197 -0.224460 False
0.241646 0.158128 -0.195379 False
0.175883 0.167598 -0.093328 False
0.244097 0.164333 -0.195887 False
0.260501 0.164578 -0.228918 False
0.265243 0.160301 -0.238641 False
0.265314 0.155978 -0.241655 False
0.256931 0.161009 -0.234166 False
0.248382 0.180747 -0.196520 False
0.191587 0.139742 -0.108429 False
0.166309 0.088614 -0.027186 False
0.136219 0.048630 0.047723 False
0.106128 0.008647 0.122631 False
0.076038 -0.031337 0.197540 False
0.045947 -0.071320 0.272448 False
0.015857 -0.111304 0.347357 False
-0.014233 -0.151288 0.422265 False
-0.044324 -0.191271 0.497174 False
-0.074414 -0.231255 0.572083 False
-0.104505 -0.271238 0.646991 False
-0.134595 -0.311222 0.721900 False
