0.714921 0.194403 -0.517975 False
0.716417 0.194302 -0.518225 False
0.717796 0.194167 -0.518382 False
0.718900 0.193952 -0.518315 False
0.719412 0.193429 -0.517241 False
0.719518 0.193409 -0.517695 False
0.719460 0.192382 -0.517293 False
0.719416 0.192510 -0.516991 False
0.719736 0.192237 -0.517715 False
0.719667 0.192078 -0.517989 False
0.719440 0.192517 -0.517331 False
0.719226 0.193246 -0.517678 False
0.719394 0.192772 -0.518878 False
0.719464 0.192844 -0.519105 False
0.719757 0.193290 -0.518674 False
0.720381 0.192746 -0.518141 False
0.719549 0.192116 -0.517972 False
0.719954 0.192416 -0.517820 False
0.719184 0.192315 -0.517658 False
0.718431 0.193953 -0.518463 False
0.718739 0.194524 -0.518684 False
0.718678 0.194031 -0.519004 False
0.718797 0.194485 -0.518627 False
0.718555 0.193932 -0.518710 False
0.718778 0.193133 -0.518370 False
0.718744 0.193493 -0.518584 False
0.718848 0.194252 -0.518693 False
0.718742 0.193870 -0.518844 False
0.718217 0.193466 -0.518635 False
0.718141 0.193942 -0.517487 False
0.718397 0.193959 -0.518080 False
0.718746 0.194811 -0.518644 False
0.718660 0.193795 -0.518622 False
0.718486 0.193055 -0.517310 False
0.718558 0.193283 -0.517611 False
0.718317 0.193559 -0.518310 False
0.717968 0.194464 -0.518142 False
0.718085 0.194624 -0.518219 False
0.718363 0.195605 -0.518346 False
0.718636 0.195042 -0.517962 False
0.718791 0.194706 -0.518787 False
0.718538 0.194047 -0.519452 False
0.717975 0.193931 -0.519381 False
0.718128 0.194190 -0.519015 False
0.718536 0.194223 -0.518580 False
0.720248 0.192057 -0.518273 False
0.720690 0.190588 -0.517720 False
0.720767 0.190268 -0.517272 False
0.720813 0.189903 -0.517444 False
0.720788 0.190083 -0.516968 False
0.720675 0.190360 -0.517295 False
0.720650 0.190467 -0.517569 False
0.720667 0.189958 -0.517547 False
0.720594 0.189820 -0.518105 False
0.720494 0.189777 -0.517977 False
0.721229 0.189810 -0.517779 False
0.720769 0.190111 -0.517009 False
0.720750 0.191107 -0.517509 False
0.720639 0.190826 -0.517000 False
0.720742 0.191204 -0.517069 False
0.720611 0.190909 -0.517194 False
0.720631 0.190353 -0.517391 False
0.720642 0.190188 -0.517324 False
0.720633 0.190265 -0.517329 False
0.720547 0.190125 -0.517355 False
0.720208 0.191018 -0.517460 False
0.720151 0.191779 -0.517668 False
0.719944 0.191457 -0.517806 False
0.720451 0.191131 -0.518270 False
0.720375 0.191077 -0.517747 False
0.720035 0.191248 -0.517766 False
0.720181 0.191898 -0.518104 False
0.719927 0.191506 -0.517903 False
0.720290 0.191358 -0.518397 False
0.719964 0.191947 -0.517547 False
0.720248 0.191367 -0.517509 False
0.720157 0.191436 -0.517911 False
0.719536 0.190798 -0.517857 False
0.719791 0.190974 -0.517569 False
0.720361 0.191155 -0.518019 False
0.720481 0.191633 -0.517550 False
0.720945 0.191777 -0.517100 False
0.720142 0.191299 -0.517560 False
0.720441 0.191672 -0.517748 False
0.720587 0.193776 -0.517971 False
0.720771 0.191711 -0.518411 False
0.720585 0.191038 -0.518352 False
0.720174 0.191284 -0.518189 False
0.720562 0.191350 -0.517938 False
0.720166 0.191185 -0.518404 False
0.719412 0.191065 -0.518527 False
0.719301 0.191154 -0.519158 False
0.719557 0.191699 -0.518214 False
0.719706 0.192334 -0.518023 False
0.720421 0.192785 -0.517825 False
0.720486 0.194061 -0.517263 False
0.720697 0.193094 -0.518082 False
0.720484 0.192182 -0.518339 False
0.720656 0.191764 -0.518342 False
0.720304 0.191150 -0.518058 False
0.720009 0.191077 -0.518067 False
0.720082 0.192071 -0.517981 False
0.719296 0.191669 -0.518190 False
0.719067 0.191169 -0.518325 False
0.719328 0.191029 -0.517747 False
0.719546 0.191054 -0.517691 False
0.719750 0.191385 -0.517433 False
0.719071 0.191195 -0.517829 False
0.719460 0.191386 -0.517505 False
0.719764 0.191604 -0.517490 False
0.719487 0.193169 -0.518166 False
0.719302 0.192687 -0.517849 False
0.718956 0.192816 -0.518025 False
0.719414 0.192504 -0.518217 False
0.719894 0.191881 -0.518299 False
0.719333 0.192130 -0.518617 False
0.719596 0.192979 -0.518418 False
0.719649 0.194200 -0.518210 False
0.719563 0.192413 -0.518451 False
0.719592 0.192049 -0.517990 False
0.719780 0.192058 -0.517758 False
0.719672 0.192371 -0.518442 False
0.719420 0.192553 -0.518094 False
0.719180 0.192935 -0.518612 False
0.718944 0.192430 -0.518413 False
0.719420 0.192128 -0.518550 False
0.719478 0.192418 -0.518482 False
0.719253 0.192839 -0.518037 False
0.718629 0.192792 -0.518301 False
0.718705 0.191588 -0.517872 False
0.718965 0.191991 -0.517774 False
0.719185 0.191829 -0.517627 False
0.719175 0.192148 -0.517646 False
0.718990 0.192700 -0.518072 False
0.718966 0.192597 -0.518628 False
0.719039 0.192676 -0.519266 False
0.719321 0.192097 -0.518798 False
0.719083 0.192097 -0.519131 False
0.719090 0.192608 -0.518431 False
0.719360 0.193771 -0.517864 False
0.719092 0.192809 -0.517633 False
0.719167 0.191772 -0.518226 False
0.719368 0.191750 -0.518300 False
0.719025 0.192584 -0.518145 False
0.719123 0.192524 -0.517992 False
0.718904 0.192211 -0.518377 False
0.718589 0.192567 -0.518514 False
0.718808 0.192081 -0.518333 False
0.718721 0.192121 -0.518183 False
0.718721 0.192720 -0.518846 False
0.718825 0.193912 -0.518580 False
0.718907 0.192627 -0.518470 False
0.718777 0.192853 -0.518461 False
0.718882 0.193211 -0.518373 False
0.718507 0.193383 -0.518627 False
0.719192 0.193649 -0.518833 False
0.719332 0.193118 -0.519108 False
0.719125 0.193225 -0.519034 False
0.718858 0.193050 -0.518525 False
0.718550 0.193114 -0.518716 False
0.718742 0.192824 -0.518935 False
0.718481 0.193093 -0.518820 False
0.718508 0.193768 -0.519030 False
0.718903 0.193920 -0.518960 False
0.719156 0.192918 -0.519097 False
0.719066 0.193467 -0.518480 False
0.718820 0.193354 -0.518652 False
0.718981 0.194502 -0.518865 False
0.718869 0.193674 -0.518794 False
0.718910 0.193470 -0.519072 False
0.719200 0.192513 -0.518758 False
0.718914 0.192451 -0.518630 False
0.718594 0.192768 -0.518651 False
0.718860 0.192838 -0.518968 False
0.718561 0.193362 -0.519180 False
0.718672 0.193439 -0.518902 False
0.718555 0.193487 -0.518338 False
0.718871 0.192954 -0.518237 False
0.718627 0.192900 -0.518717 False
0.718924 0.192917 -0.518727 False
0.718786 0.192927 -0.519079 False
0.718905 0.192929 -0.519019 False
0.718876 0.192926 -0.518993 False
0.718803 0.192917 -0.518905 False
0.718977 0.192937 -0.518698 False
0.718637 0.193062 -0.518502 False
0.718802 0.193468 -0.518196 False
0.718588 0.193480 -0.518533 False
0.718865 0.193226 -0.518564 False
0.718885 0.193616 -0.517713 False
0.718804 0.193091 -0.518331 False
0.718508 0.192911 -0.518569 False
0.718631 0.192775 -0.518660 False
0.718753 0.192895 -0.518643 False
0.719066 0.192994 -0.518473 False
0.719006 0.193104 -0.518083 False
0.718968 0.193576 -0.518048 False
0.718357 0.193173 -0.517964 False
0.718353 0.193221 -0.518206 False
0.718341 0.193206 -0.518305 False
0.718877 0.192959 -0.518203 False
0.718657 0.193378 -0.518303 False
0.718948 0.193320 -0.518448 False
0.718608 0.193201 -0.518367 False
0.718710 0.192897 -0.518597 False
0.718924 0.192931 -0.518443 False
0.718568 0.193816 -0.518445 False
0.718631 0.194374 -0.518662 False
0.718649 0.193642 -0.518633 False
0.718605 0.193853 -0.518593 False
0.718964 0.193894 -0.518660 False
0.718697 0.193336 -0.518263 False
0.718352 0.194368 -0.517552 False
0.718615 0.193263 -0.517496 False
0.718459 0.192928 -0.517918 False
0.719160 0.193314 -0.517950 False
0.719427 0.193047 -0.518070 False
0.719202 0.192998 -0.518042 False
0.718926 0.192402 -0.518315 False
0.718834 0.193061 -0.518792 False
0.718582 0.194249 -0.519302 False
0.718788 0.195130 -0.518857 False
0.718810 0.193874 -0.518902 False
0.719115 0.193586 -0.518802 False
0.719161 0.193549 -0.518642 False
0.718763 0.193602 -0.518624 False
0.718849 0.194401 -0.518465 False
0.718848 0.193976 -0.519012 False
0.718715 0.193337 -0.519220 False
0.718638 0.193003 -0.518967 False
0.718476 0.193125 -0.518650 False
0.718525 0.193894 -0.518590 False
0.718879 0.194407 -0.518322 False
0.718989 0.193567 -0.518319 False
0.719013 0.193231 -0.518869 False
0.718538 0.194189 -0.519097 False
0.718446 0.193516 -0.518987 False
0.718627 0.193254 -0.518493 False
0.718650 0.192976 -0.518948 False
0.718578 0.192931 -0.519306 False
0.718272 0.193048 -0.518963 False
0.718358 0.193504 -0.518541 False
0.718461 0.194070 -0.518288 False
0.718507 0.193243 -0.518589 False
0.718097 0.193029 -0.518835 False
0.717830 0.193542 -0.519329 False
0.718370 0.193437 -0.519267 False
0.718331 0.193555 -0.519171 False
0.718125 0.193859 -0.518967 False
0.718625 0.193895 -0.518782 False
0.718458 0.193782 -0.518914 False
0.718346 0.193394 -0.518497 False
0.718697 0.193204 -0.518720 False
0.718556 0.192945 -0.518940 False
0.718347 0.193225 -0.519106 False
0.718828 0.194181 -0.519479 False
0.719130 0.193374 -0.518912 False
0.718960 0.193058 -0.518659 False
0.718734 0.193019 -0.519784 False
0.718161 0.193221 -0.519430 False
0.718464 0.193681 -0.519159 False
0.718368 0.194225 -0.518821 False
0.718235 0.193667 -0.519162 False
0.719110 0.193197 -0.518939 False
0.718914 0.193300 -0.518608 False
0.718691 0.193193 -0.518608 False
0.719128 0.193220 -0.519255 False
0.718555 0.193261 -0.518967 False
0.718323 0.193337 -0.518529 False
0.718739 0.194262 -0.518297 False
0.718771 0.193822 -0.518617 False
0.718440 0.194514 -0.518523 False
0.718306 0.194357 -0.518458 False
0.718812 0.194940 -0.519218 False
0.719003 0.193917 -0.518957 False
0.719345 0.193696 -0.519183 False
0.719090 0.194151 -0.519201 False
0.718675 0.193492 -0.518884 False
0.718475 0.193897 -0.518311 False
0.718506 0.193465 -0.518084 False
0.718173 0.193143 -0.518593 False
0.718041 0.193498 -0.518991 False
0.718507 0.193743 -0.519268 False
0.718533 0.194250 -0.518558 False
0.718270 0.193849 -0.518565 False
0.719074 0.193397 -0.518619 False
0.718918 0.193249 -0.518652 False
0.718699 0.193116 -0.518420 False
0.718777 0.193241 -0.518618 False
0.718465 0.193382 -0.519031 False
0.718281 0.193688 -0.519174 False
0.718523 0.193231 -0.519426 False
0.718479 0.193509 -0.518674 False
0.718225 0.193655 -0.518811 False
0.718268 0.193362 -0.518859 False
0.718660 0.193356 -0.518678 False
0.718387 0.193717 -0.518927 False
0.718106 0.193576 -0.519500 False
0.718562 0.194096 -0.519343 False
0.718719 0.193485 -0.519083 False
0.718304 0.193630 -0.519096 False
0.718255 0.193266 -0.519347 False
0.718009 0.193696 -0.518857 False
0.718231 0.193520 -0.518680 False
0.718074 0.193300 -0.518999 False
0.718525 0.193319 -0.518922 False
0.718616 0.194417 -0.518889 False
0.718712 0.194703 -0.519689 False
0.718347 0.194289 -0.519645 False
0.718644 0.193787 -0.519018 False
0.718364 0.193575 -0.519201 False
0.718717 0.194160 -0.518440 False
0.718619 0.195097 -0.519098 False
0.718338 0.193821 -0.518740 False
0.718727 0.193703 -0.519054 False
0.718624 0.193234 -0.519090 False
0.718377 0.193681 -0.519087 False
0.718454 0.194112 -0.519414 False
0.718778 0.193721 -0.519773 False
0.718672 0.193427 -0.519861 False
0.718528 0.193607 -0.519478 False
0.718343 0.193983 -0.519404 False
0.718726 0.194351 -0.519370 False
0.718766 0.193450 -0.519199 False
0.718375 0.193564 -0.518787 False
0.718638 0.193805 -0.519130 False
0.718871 0.193702 -0.519218 False
0.718871 0.193865 -0.518780 False
0.718637 0.193938 -0.519023 False
0.718353 0.193865 -0.519319 False
0.718679 0.194037 -0.519731 False
0.718668 0.193854 -0.519376 False
0.718534 0.193415 -0.519349 False
0.718730 0.193232 -0.519303 False
0.719090 0.192986 -0.519089 False
0.719225 0.193152 -0.519660 False
0.718602 0.194335 -0.519456 False
0.718522 0.193760 -0.518872 False
0.718341 0.194254 -0.519435 False
0.718761 0.194483 -0.519788 False
0.718862 0.194875 -0.520036 False
0.718746 0.195208 -0.519244 False
0.718779 0.193915 -0.519243 False
0.718566 0.194552 -0.519528 False
0.718847 0.194691 -0.519728 False
0.718817 0.194914 -0.519792 False
0.718671 0.194301 -0.519703 False
0.718472 0.194160 -0.519197 False
0.718032 0.193911 -0.518787 False
0.718243 0.193741 -0.519129 False
0.718841 0.194138 -0.519384 False
0.719032 0.194250 -0.519616 False
0.718605 0.193519 -0.519337 False
0.718687 0.193361 -0.519460 False
0.718304 0.193377 -0.519824 False
0.718379 0.193381 -0.519147 False
0.718517 0.193651 -0.519618 False
0.718264 0.193984 -0.519686 False
0.718317 0.193467 -0.519996 False
0.718210 0.193352 -0.519878 False
0.718289 0.193398 -0.519871 False
0.718174 0.193503 -0.519767 False
0.718186 0.193121 -0.518956 False
0.718410 0.193321 -0.519337 False
0.718174 0.193798 -0.519273 False
0.718180 0.194046 -0.519632 False
0.718618 0.194525 -0.519730 False
0.718846 0.193915 -0.519107 False
0.718687 0.194047 -0.519088 False
0.718672 0.194523 -0.519244 False
0.718627 0.193905 -0.519578 False
0.718391 0.193662 -0.519629 False
0.718187 0.193835 -0.519186 False
0.718244 0.193715 -0.519456 False
0.718641 0.194036 -0.518964 False
0.718538 0.193854 -0.519474 False
0.718806 0.193894 -0.519434 False
0.718625 0.194211 -0.519415 False
0.718914 0.193874 -0.518895 False
0.718578 0.193374 -0.518568 False
0.717997 0.193044 -0.519189 False
0.717952 0.193100 -0.519212 False
0.718335 0.193673 -0.519281 False
0.718545 0.195082 -0.519757 False
0.718231 0.194257 -0.519984 False
0.718150 0.193524 -0.520069 False
0.718215 0.193201 -0.519768 False
0.718529 0.193163 -0.519263 False
0.718516 0.193021 -0.519190 False
0.718791 0.193219 -0.519489 False
0.718714 0.193424 -0.519680 False
0.718180 0.194028 -0.519878 False
0.718537 0.194067 -0.519295 False
0.718597 0.194138 -0.519077 False
0.718393 0.193507 -0.518678 False
0.718183 0.193337 -0.518831 False
0.718196 0.193322 -0.519309 False
0.718510 0.193394 -0.519416 False
0.718571 0.193137 -0.519471 False
0.718393 0.193245 -0.519265 False
0.718868 0.193219 -0.519106 False
0.719010 0.193167 -0.518583 False
0.718412 0.193730 -0.519660 False
0.718449 0.193801 -0.518252 False
0.718177 0.193408 -0.518642 False
0.718057 0.193818 -0.518982 False
0.718017 0.193182 -0.520007 False
0.718453 0.193096 -0.519544 False
0.718214 0.193513 -0.519342 False
0.718134 0.194429 -0.518758 False
0.718793 0.193987 -0.518884 False
0.718426 0.194936 -0.518846 False
0.718659 0.193494 -0.518230 False
0.718326 0.193334 -0.519023 False
0.718434 0.192952 -0.519360 False
0.718186 0.193348 -0.518851 False
0.718165 0.193962 -0.519020 False
0.718908 0.193804 -0.518224 False
0.718154 0.193650 -0.518655 False
0.718107 0.194328 -0.519503 False
0.718098 0.193778 -0.519851 False
0.718078 0.193645 -0.519902 False
0.718124 0.193451 -0.518871 False
0.718884 0.193450 -0.518542 False
0.718694 0.193257 -0.518066 False
0.718334 0.193101 -0.519022 False
0.718516 0.193381 -0.519074 False
0.718639 0.193096 -0.519273 False
0.718792 0.193213 -0.519091 False
0.718437 0.193184 -0.518391 False
0.718194 0.193578 -0.518848 False
0.718245 0.193135 -0.519364 False
0.718671 0.193003 -0.519892 False
0.719045 0.193095 -0.519119 False
0.718235 0.192997 -0.518576 False
0.718394 0.193096 -0.518634 False
0.718547 0.193241 -0.518942 False
0.718286 0.193280 -0.518877 False
0.718449 0.193395 -0.518612 False
0.718762 0.193804 -0.518500 False
0.718525 0.193718 -0.518459 False
0.718812 0.193167 -0.518818 False
0.718871 0.193329 -0.518607 False
0.718761 0.194575 -0.518461 False
0.718301 0.194267 -0.518889 False
0.718382 0.194493 -0.518714 False
0.718512 0.193831 -0.518865 False
0.718221 0.193216 -0.518733 False
0.718133 0.193478 -0.518942 False
0.718091 0.193684 -0.518741 False
0.718064 0.193418 -0.518667 False
0.718010 0.193599 -0.519821 False
0.718384 0.194272 -0.519163 False
0.718202 0.193530 -0.518910 False
0.718142 0.193369 -0.519358 False
0.718130 0.193324 -0.519983 False
0.718153 0.193462 -0.520299 False
0.718262 0.193478 -0.519387 False
0.718605 0.193985 -0.518494 False
0.718060 0.194626 -0.518737 False
0.718008 0.194379 -0.519402 False
0.717827 0.193577 -0.518847 False
0.717896 0.193544 -0.519052 False
0.718246 0.193601 -0.518675 False
0.718892 0.194208 -0.519240 False
0.718471 0.193770 -0.518938 False
0.718104 0.193272 -0.518973 False
0.718484 0.193509 -0.518631 False
0.718617 0.193261 -0.518154 False
0.718526 0.193005 -0.518540 False
0.718224 0.193003 -0.519044 False
0.718209 0.193009 -0.518702 False
0.718452 0.193317 -0.519209 False
0.718672 0.193766 -0.518638 False
0.718029 0.193823 -0.518941 False
0.717914 0.193694 -0.519343 False
0.718173 0.194484 -0.519062 False
0.718654 0.194156 -0.518480 False
0.718483 0.193484 -0.518546 False
0.718565 0.193858 -0.518737 False
0.719063 0.193622 -0.519281 False
0.718494 0.194201 -0.518991 False
0.718781 0.194589 -0.518850 False
0.718815 0.194004 -0.518492 False
0.718543 0.193896 -0.518061 False
0.718655 0.193813 -0.518543 False
0.718877 0.193561 -0.518701 False
0.718314 0.193375 -0.519086 False
0.718414 0.193735 -0.518873 False
0.718737 0.195118 -0.518040 False
0.719039 0.196653 -0.518418 False
0.718686 0.194754 -0.518569 False
0.718513 0.193885 -0.518411 False
0.718680 0.194008 -0.519854 False
0.718225 0.193818 -0.519472 False
0.718073 0.194294 -0.518534 False
0.718570 0.194581 -0.518934 False
0.718163 0.194059 -0.519562 False
0.718569 0.193793 -0.519316 False
0.718752 0.193292 -0.518833 False
0.718921 0.193013 -0.519177 False
0.718179 0.193212 -0.519683 False
0.718307 0.193934 -0.519666 False
0.718394 0.193811 -0.519113 False
0.718529 0.194858 -0.519173 False
0.718428 0.194123 -0.519626 False
0.718421 0.193709 -0.519011 False
0.718151 0.193320 -0.519564 False
0.718660 0.193005 -0.519457 False
0.718425 0.193131 -0.519076 False
0.718322 0.193917 -0.519661 False
0.718718 0.194443 -0.519954 False
0.718679 0.193726 -0.520391 False
0.718598 0.193923 -0.519750 False
0.718390 0.193350 -0.518695 False
0.718892 0.193133 -0.519029 False
0.718555 0.193612 -0.520116 False
0.718587 0.193640 -0.520149 False
0.718441 0.195132 -0.520028 False
0.718463 0.194229 -0.519538 False
0.718305 0.194002 -0.519417 False
0.718622 0.194100 -0.519624 False
0.718803 0.193773 -0.519985 False
0.718522 0.194003 -0.519636 False
0.718578 0.193622 -0.519467 False
0.718465 0.193968 -0.520169 False
0.718614 0.193321 -0.519868 False
0.718670 0.193468 -0.518942 False
0.718758 0.193412 -0.518017 False
0.719037 0.193630 -0.518949 False
0.718948 0.193223 -0.519280 False
0.718770 0.193576 -0.518465 False
0.718840 0.193566 -0.518795 False
0.718661 0.194215 -0.519923 False
0.718806 0.194411 -0.520480 False
0.719292 0.193305 -0.519462 False
0.719150 0.193189 -0.518497 False
0.718717 0.193826 -0.518146 False
0.718697 0.193383 -0.519056 False
0.718812 0.193120 -0.520197 False
0.718738 0.192771 -0.518524 False
0.718780 0.192972 -0.519270 False
0.718465 0.193110 -0.518713 False
0.718535 0.193408 -0.519184 False
0.718349 0.193388 -0.519239 False
0.718413 0.193476 -0.519573 False
0.718619 0.193751 -0.519761 False
0.718704 0.193520 -0.520165 False
0.718828 0.192862 -0.519216 False
0.718805 0.193032 -0.518586 False
0.718375 0.193742 -0.519657 False
0.718578 0.193782 -0.519646 False
0.718596 0.193385 -0.518925 False
0.718432 0.193246 -0.519214 False
0.718466 0.193311 -0.518653 False
0.718773 0.193986 -0.519374 False
0.718842 0.194109 -0.518728 False
0.718698 0.195264 -0.519596 False
0.718579 0.193802 -0.520239 False
0.718308 0.193411 -0.520167 False
0.718690 0.193510 -0.518836 False
0.718695 0.193416 -0.518459 False
0.718760 0.193539 -0.519111 False
0.719023 0.193213 -0.519147 False
0.718946 0.193227 -0.518732 False
0.719050 0.193030 -0.518715 False
0.718702 0.192901 -0.519086 False
0.718419 0.193304 -0.519838 False
0.718329 0.193164 -0.520296 False
0.718296 0.193911 -0.520735 False
0.718743 0.193651 -0.520141 False
0.718885 0.193211 -0.519780 False
0.718720 0.193214 -0.519770 False
0.718635 0.193374 -0.519953 False
0.718506 0.193621 -0.519425 False
0.718697 0.193113 -0.519508 False
0.718916 0.193003 -0.519363 False
0.718493 0.193236 -0.518903 False
0.718375 0.193745 -0.520462 False
0.718594 0.193712 -0.519992 False
0.718666 0.193296 -0.520196 False
0.718696 0.194229 -0.520682 False
0.718731 0.193355 -0.520004 False
0.718450 0.193050 -0.519739 False
0.718432 0.192943 -0.519361 False
0.718823 0.192976 -0.519881 False
0.718415 0.192952 -0.519972 False
0.718664 0.193462 -0.519961 False
0.718503 0.193642 -0.520184 False
0.718658 0.193580 -0.520003 False
0.718799 0.193980 -0.520022 False
0.718515 0.193474 -0.520000 False
0.718623 0.193275 -0.519624 False
0.718808 0.193278 -0.519331 False
0.718855 0.193457 -0.519032 False
0.718834 0.193413 -0.519562 False
0.718545 0.193682 -0.519091 False
0.718592 0.193524 -0.519481 False
0.718576 0.194379 -0.518987 False
0.718611 0.193893 -0.520581 False
0.718623 0.193426 -0.520305 False
0.718564 0.193353 -0.520119 False
0.718472 0.193554 -0.519453 False
0.718179 0.194228 -0.519746 False
0.718162 0.193693 -0.518824 False
0.718441 0.193123 -0.520041 False
0.718434 0.193422 -0.520001 False
0.718541 0.193478 -0.519492 False
0.718585 0.194839 -0.519106 False
0.718544 0.194188 -0.519690 False
0.718484 0.193945 -0.519140 False
0.718701 0.193055 -0.518959 False
0.718628 0.193438 -0.518693 False
0.718585 0.193276 -0.518916 False
0.718653 0.193159 -0.518955 False
0.718835 0.193551 -0.519633 False
0.718862 0.194264 -0.520109 False
0.718847 0.193746 -0.519911 False
0.718751 0.193450 -0.519493 False
0.718394 0.193441 -0.519206 False
0.718393 0.193922 -0.519694 False
0.718512 0.194443 -0.520046 False
0.718555 0.194240 -0.520417 False
0.718619 0.193890 -0.519819 False
0.718837 0.193075 -0.519726 False
0.718893 0.193189 -0.519734 False
0.718882 0.193055 -0.519768 False
0.718741 0.193078 -0.519837 False
0.718363 0.192913 -0.519740 False
0.718759 0.193304 -0.519679 False
0.718769 0.193435 -0.519678 False
0.718532 0.193144 -0.519212 False
0.718677 0.193421 -0.519008 False
0.718429 0.193179 -0.519461 False
0.718593 0.193999 -0.519014 False
0.718743 0.193981 -0.518747 False
0.718575 0.194368 -0.519694 False
0.718440 0.193369 -0.519432 False
0.718528 0.193254 -0.519710 False
0.718569 0.194444 -0.519919 False
0.718646 0.193624 -0.519464 False
0.718764 0.194012 -0.519118 False
0.718454 0.193104 -0.519106 False
0.718604 0.193141 -0.519480 False
0.718727 0.193018 -0.518945 False
0.718522 0.193671 -0.519033 False
0.718194 0.194152 -0.519109 False
0.718183 0.193416 -0.519536 False
0.718525 0.194038 -0.519472 False
0.718556 0.194352 -0.519534 False
0.718490 0.193912 -0.519281 False
0.718221 0.193994 -0.519277 False
0.718354 0.193239 -0.519448 False
0.718449 0.193046 -0.519525 False
0.718269 0.193170 -0.519286 False
0.718399 0.193797 -0.519801 False
0.718230 0.193694 -0.519656 False
0.718433 0.193437 -0.519852 False
0.718294 0.193344 -0.519612 False
0.718195 0.193613 -0.519420 False
0.718381 0.194389 -0.518799 False
0.718104 0.193959 -0.518983 False
0.717924 0.193522 -0.519547 False
0.718107 0.194556 -0.518964 False
0.718376 0.193607 -0.518984 False
0.718111 0.193736 -0.519451 False
0.717937 0.194140 -0.519937 False
0.718103 0.193385 -0.519700 False
0.718349 0.193692 -0.519047 False
0.718554 0.193225 -0.519206 False
0.718732 0.193512 -0.519551 False
0.718485 0.193327 -0.519705 False
0.718724 0.193810 -0.519494 False
0.718635 0.194208 -0.519059 False
0.718566 0.194793 -0.518912 False
0.718392 0.194027 -0.518916 False
0.718152 0.193270 -0.518711 False
0.718131 0.194219 -0.518887 False
0.718360 0.194270 -0.518762 False
0.718549 0.194133 -0.519008 False
0.718689 0.193487 -0.518396 False
0.718826 0.193147 -0.518879 False
0.718854 0.193206 -0.519170 False
0.718840 0.194019 -0.519194 False
0.718733 0.194502 -0.519484 False
0.719034 0.195194 -0.519313 False
0.718907 0.194488 -0.518948 False
0.718867 0.194262 -0.519410 False
0.718792 0.194990 -0.519475 False
0.718983 0.193979 -0.519606 False
0.718664 0.193832 -0.519936 False
0.718590 0.194137 -0.519073 False
0.718668 0.194064 -0.518754 False
0.718912 0.194117 -0.518886 False
0.718534 0.194958 -0.518463 False
0.718546 0.193863 -0.518365 False
0.718536 0.193170 -0.518744 False
0.718456 0.194800 -0.518593 False
0.718567 0.193763 -0.518563 False
0.718074 0.193651 -0.518887 False
0.718831 0.194411 -0.519238 False
0.718788 0.193684 -0.519076 False
0.718474 0.193841 -0.519009 False
0.718457 0.193752 -0.518557 False
0.718710 0.194646 -0.519143 False
0.718565 0.195018 -0.519188 False
0.718817 0.194594 -0.518613 False
0.718927 0.195428 -0.518181 False
0.718521 0.195019 -0.518263 False
0.718733 0.194599 -0.518588 False
0.718711 0.194137 -0.519404 False
0.718808 0.194214 -0.519516 False
0.718831 0.194219 -0.518980 False
0.718771 0.195363 -0.519087 False
0.718644 0.194110 -0.518981 False
0.718817 0.193841 -0.519580 False
0.719579 0.195010 -0.518967 False
0.719043 0.195344 -0.519166 False
0.718620 0.194585 -0.518419 False
0.718429 0.194261 -0.518186 False
0.718495 0.193987 -0.518491 False
0.718472 0.194765 -0.518707 False
0.718709 0.195169 -0.518300 False
0.718581 0.194220 -0.518411 False
0.718507 0.194575 -0.519347 False
0.718816 0.193855 -0.519378 False
0.718962 0.193452 -0.519547 False
0.718481 0.193437 -0.519298 False
0.718517 0.193933 -0.518776 False
0.718560 0.194967 -0.519096 False
0.718620 0.194064 -0.518845 False
0.718795 0.193888 -0.519390 False
0.718675 0.194247 -0.518765 False
0.718647 0.194579 -0.518396 False
0.718823 0.194696 -0.519205 False
0.718808 0.194005 -0.519652 False
0.718646 0.194046 -0.519728 False
0.718689 0.193467 -0.519061 False
0.718761 0.194468 -0.518466 False
0.718566 0.193434 -0.518315 False
0.718404 0.193682 -0.519199 False
0.718577 0.193985 -0.519342 False
0.718844 0.194720 -0.519489 False
0.718909 0.193716 -0.519193 False
0.718826 0.193641 -0.519506 False
0.718659 0.193569 -0.519028 False
0.718712 0.193499 -0.519635 False
0.718530 0.193974 -0.519363 False
0.718772 0.194398 -0.519064 False
0.718796 0.194810 -0.518965 False
0.718615 0.193935 -0.519228 False
0.718548 0.193559 -0.518467 False
0.718487 0.193311 -0.519233 False
0.718711 0.194481 -0.519561 False
0.718588 0.194395 -0.519428 False
0.718540 0.194332 -0.519220 False
0.718913 0.194785 -0.518974 False
0.718666 0.193656 -0.518633 False
0.718642 0.193240 -0.518693 False
0.718632 0.192944 -0.519098 False
0.718701 0.193046 -0.518683 False
0.718353 0.193885 -0.518722 False
0.718757 0.195040 -0.520095 False
0.718873 0.194324 -0.520187 False
0.718908 0.194245 -0.519479 False
0.719017 0.193170 -0.519191 False
0.718947 0.193529 -0.519349 False
0.719130 0.193717 -0.519502 False
0.718946 0.194236 -0.519634 False
0.718859 0.193359 -0.519884 False
0.718733 0.193550 -0.519683 False
0.718820 0.193523 -0.519655 False
0.718834 0.193551 -0.519468 False
0.718878 0.194077 -0.519816 False
0.719029 0.193278 -0.519518 False
0.718918 0.193286 -0.519061 False
0.718852 0.194288 -0.519929 False
0.718864 0.194204 -0.520033 False
0.718755 0.193568 -0.520278 False
0.719166 0.193625 -0.520346 False
0.719372 0.193568 -0.520568 False
0.719368 0.193919 -0.519799 False
0.718999 0.193126 -0.519370 False
0.718866 0.193393 -0.519153 False
0.718916 0.193143 -0.519476 False
0.719049 0.194070 -0.519600 False
0.718927 0.193638 -0.519188 False
0.718873 0.193650 -0.519352 False
0.718886 0.193458 -0.519371 False
0.718880 0.193541 -0.519144 False
0.718833 0.193270 -0.519402 False
0.718784 0.193521 -0.519359 False
0.718659 0.193712 -0.519706 False
0.718801 0.194644 -0.518412 False
0.718845 0.193887 -0.518846 False
0.718875 0.193424 -0.519889 False
0.718963 0.193386 -0.519867 False
0.719167 0.193542 -0.519576 False
0.718750 0.194314 -0.519288 False
0.718811 0.194029 -0.519300 False
0.718907 0.194391 -0.519721 False
0.719035 0.193881 -0.519277 False
0.718926 0.193575 -0.519719 False
0.718902 0.192981 -0.519396 False
0.719067 0.192954 -0.519458 False
0.719045 0.193091 -0.519105 False
0.718789 0.193215 -0.518030 False
0.718660 0.194389 -0.518299 False
0.718820 0.194056 -0.519195 False
0.718827 0.193625 -0.519613 False
0.718828 0.193830 -0.518926 False
0.718844 0.194303 -0.519233 False
0.718913 0.193745 -0.519760 False
0.718958 0.193476 -0.519690 False
0.719132 0.193493 -0.519493 False
0.719016 0.193645 -0.519715 False
0.718894 0.193515 -0.519577 False
0.718897 0.193125 -0.519177 False
0.718941 0.193381 -0.519301 False
0.718934 0.193807 -0.519343 False
0.719015 0.193689 -0.519944 False
0.718896 0.193866 -0.519723 False
0.718794 0.195080 -0.519159 False
0.718981 0.193870 -0.519716 False
0.718660 0.194065 -0.519490 False
0.718617 0.195303 -0.519143 False
0.718878 0.193966 -0.519226 False
0.719117 0.193978 -0.519287 False
0.719100 0.193404 -0.519275 False
0.718914 0.194060 -0.519937 False
0.718897 0.193354 -0.519373 False
0.719066 0.193516 -0.518700 False
0.718932 0.193999 -0.518844 False
0.719009 0.193565 -0.519104 False
0.718826 0.193396 -0.519162 False
0.718660 0.193284 -0.519550 False
0.718783 0.193308 -0.519834 False
0.718919 0.193356 -0.519995 False
0.718919 0.193435 -0.519476 False
0.719025 0.192849 -0.519831 False
0.718723 0.193266 -0.519720 False
0.718819 0.193489 -0.519597 False
0.718887 0.193186 -0.518280 False
0.719000 0.193356 -0.519081 False
0.718823 0.193569 -0.519139 False
0.719164 0.193399 -0.519156 False
0.718930 0.193400 -0.519148 False
0.718816 0.193618 -0.519570 False
0.718636 0.193893 -0.519936 False
0.718654 0.195226 -0.518897 False
0.718636 0.193902 -0.519311 False
0.718508 0.193958 -0.519183 False
0.718285 0.193462 -0.519171 False
0.718516 0.193336 -0.519165 False
0.718677 0.193519 -0.519278 False
0.718815 0.194107 -0.519186 False
0.718789 0.193991 -0.519700 False
0.718505 0.193718 -0.519834 False
0.718755 0.193790 -0.519875 False
0.718885 0.193459 -0.520017 False
0.719052 0.193479 -0.520081 False
0.718935 0.193913 -0.519761 False
0.718906 0.194167 -0.519389 False
0.718949 0.193992 -0.518567 False
0.719097 0.194552 -0.519376 False
0.718868 0.193814 -0.520128 False
0.718682 0.193467 -0.519233 False
0.718827 0.193531 -0.518982 False
0.718831 0.193440 -0.519612 False
0.718808 0.193690 -0.519838 False
0.718669 0.193317 -0.520131 False
0.718633 0.193103 -0.520441 False
0.718771 0.193422 -0.520538 False
0.718630 0.193192 -0.520775 False
0.718677 0.193587 -0.520116 False
0.719004 0.193887 -0.519824 False
0.718860 0.194058 -0.519598 False
0.718811 0.195597 -0.519567 False
0.719275 0.194165 -0.519304 False
0.719128 0.193381 -0.519690 False
0.718720 0.193078 -0.519694 False
0.718491 0.193379 -0.519866 False
0.718686 0.193193 -0.519982 False
0.718851 0.193664 -0.519689 False
0.718883 0.193390 -0.519667 False
0.718846 0.193342 -0.519888 False
0.718714 0.193112 -0.519781 False
0.718964 0.193162 -0.519246 False
0.718928 0.193192 -0.519413 False
0.719048 0.193625 -0.519623 False
0.719008 0.193893 -0.519363 False
0.719104 0.194654 -0.519963 False
0.718971 0.193721 -0.519605 False
0.718913 0.193309 -0.519502 False
0.718910 0.193102 -0.519185 False
0.718820 0.193182 -0.519402 False
0.718822 0.193495 -0.519328 False
0.718786 0.193441 -0.519517 False
0.719005 0.193401 -0.519909 False
0.718652 0.193087 -0.519705 False
0.718835 0.193462 -0.518947 False
0.718744 0.193235 -0.518387 False
0.718830 0.193275 -0.518605 False
0.718784 0.193283 -0.518543 False
0.718905 0.193150 -0.518897 False
0.718907 0.193176 -0.519026 False
0.718908 0.193424 -0.519798 False
0.718818 0.193768 -0.519485 False
0.718669 0.194065 -0.518652 False
0.718803 0.193581 -0.518685 False
0.718839 0.193722 -0.518917 False
0.718829 0.194129 -0.519206 False
0.718836 0.193825 -0.519545 False
0.718742 0.193702 -0.519554 False
0.719024 0.193005 -0.519445 False
0.719078 0.193250 -0.519416 False
0.718908 0.193172 -0.519081 False
0.718865 0.193639 -0.519753 False
0.718873 0.193939 -0.519930 False
0.718849 0.193091 -0.519552 False
0.718899 0.193186 -0.519492 False
0.718827 0.194471 -0.519630 False
0.718670 0.194339 -0.520467 False
0.718535 0.193921 -0.519021 False
0.718669 0.193843 -0.518764 False
0.718390 0.193418 -0.519405 False
0.718467 0.193113 -0.520107 False
0.718848 0.193262 -0.519544 False
0.718916 0.193355 -0.519993 False
0.718486 0.193602 -0.519665 False
0.718935 0.193969 -0.519382 False
0.718894 0.195570 -0.519397 False
0.718896 0.194671 -0.519463 False
0.718882 0.193412 -0.519847 False
0.718759 0.193599 -0.519172 False
0.718887 0.194453 -0.518969 False
0.719011 0.194177 -0.519432 False
0.718932 0.193285 -0.518904 False
0.719017 0.193169 -0.519147 False
0.718931 0.192786 -0.518610 False
0.718942 0.193533 -0.518791 False
0.719032 0.194567 -0.518984 False
0.718906 0.193521 -0.519414 False
0.718813 0.194111 -0.519810 False
0.718756 0.194255 -0.520014 False
0.718981 0.193254 -0.519239 False
0.719302 0.193550 -0.519290 False
0.719078 0.193979 -0.518869 False
0.718872 0.194179 -0.519362 False
0.718806 0.193785 -0.519840 False
0.718764 0.193471 -0.519799 False
0.718979 0.193052 -0.520302 False
0.718906 0.193637 -0.519732 False
0.718761 0.193453 -0.519467 False
0.718892 0.193302 -0.519397 False
0.719050 0.192975 -0.519643 False
0.719082 0.193314 -0.519367 False
0.718989 0.193471 -0.519390 False
0.719110 0.193774 -0.518775 False
0.718936 0.193988 -0.518726 False
0.718900 0.193154 -0.519179 False
0.719083 0.193327 -0.519702 False
0.719055 0.193619 -0.519453 False
0.719324 0.193564 -0.519418 False
0.719377 0.193029 -0.519460 False
0.719039 0.192744 -0.519595 False
0.718883 0.192873 -0.519249 False
0.718931 0.193462 -0.519428 False
0.718950 0.193259 -0.519806 False
0.719010 0.192901 -0.519850 False
0.718975 0.193158 -0.519867 False
0.718949 0.192873 -0.520184 False
0.718918 0.192895 -0.519557 False
0.718914 0.193361 -0.519946 False
0.718856 0.193573 -0.520066 False
0.718719 0.193794 -0.519615 False
0.718984 0.194147 -0.519522 False
0.718934 0.193916 -0.519589 False
0.719101 0.194220 -0.518793 False
0.718984 0.194334 -0.519029 False
0.718887 0.195886 -0.518953 False
0.718899 0.194757 -0.518827 False
0.718941 0.194419 -0.518586 False
0.718914 0.194299 -0.519361 False
0.718888 0.193997 -0.519502 False
0.718834 0.193662 -0.519399 False
0.718733 0.193341 -0.520078 False
0.718770 0.193456 -0.520183 False
0.718586 0.193229 -0.519666 False
0.718304 0.193510 -0.519118 False
0.718584 0.193376 -0.518706 False
0.718674 0.193389 -0.519189 False
0.718585 0.193449 -0.519169 False
0.718328 0.193701 -0.519112 False
0.718762 0.194093 -0.519646 False
0.718954 0.193826 -0.519196 False
0.718540 0.193915 -0.518818 False
0.719041 0.194676 -0.519298 False
0.718447 0.195243 -0.519388 False
0.718676 0.193971 -0.519071 False
0.718588 0.194347 -0.519249 False
0.718967 0.194764 -0.519940 False
0.718865 0.193749 -0.519781 False
0.718740 0.193725 -0.519888 False
0.718774 0.193958 -0.520159 False
0.718622 0.194124 -0.519965 False
0.718609 0.193615 -0.519350 False
0.718515 0.193655 -0.519497 False
0.718797 0.193716 -0.520081 False
0.718757 0.193881 -0.519628 False
0.718873 0.193777 -0.519586 False
0.718749 0.193846 -0.519977 False
0.718794 0.194532 -0.520284 False
0.718700 0.194391 -0.520189 False
0.718682 0.194201 -0.519764 False
0.718704 0.194459 -0.519049 False
0.718770 0.194837 -0.518812 False
0.718579 0.193996 -0.518583 False
0.718261 0.194528 -0.519153 False
0.718439 0.193918 -0.519506 False
0.718785 0.193694 -0.519680 False
0.718809 0.193518 -0.519889 False
0.718564 0.193282 -0.520010 False
0.718823 0.194480 -0.519720 False
0.718989 0.193642 -0.519831 False
0.718698 0.194106 -0.519799 False
0.718676 0.193881 -0.519594 False
0.718317 0.193246 -0.519521 False
0.718683 0.194113 -0.519683 False
0.719138 0.194396 -0.520148 False
0.718869 0.193754 -0.519949 False
0.719023 0.193346 -0.520051 False
0.718852 0.194132 -0.520485 False
0.718685 0.194414 -0.520277 False
0.718687 0.193892 -0.519858 False
0.718799 0.193423 -0.520176 False
0.719061 0.194306 -0.519482 False
0.718821 0.194267 -0.518850 False
0.718466 0.194496 -0.519166 False
0.718450 0.193485 -0.519882 False
0.718734 0.193724 -0.519958 False
0.718768 0.194583 -0.519399 False
0.718979 0.195056 -0.519101 False
0.718734 0.194411 -0.519687 False
0.718701 0.193614 -0.520039 False
0.718774 0.193322 -0.519843 False
0.718688 0.193003 -0.519547 False
0.718895 0.192836 -0.519950 False
0.718890 0.192981 -0.519658 False
0.718762 0.193231 -0.519921 False
0.718348 0.193072 -0.519452 False
0.718625 0.192953 -0.519604 False
0.718852 0.193010 -0.519885 False
0.718766 0.193368 -0.519908 False
0.718870 0.193866 -0.519953 False
0.718749 0.193767 -0.520014 False
0.718830 0.193240 -0.520051 False
0.718879 0.193465 -0.519779 False
0.719008 0.193117 -0.519208 False
0.718756 0.193340 -0.519650 False
0.718705 0.194226 -0.519645 False
0.718767 0.193225 -0.519997 False
0.718650 0.192898 -0.519668 False
0.718739 0.192881 -0.520184 False
0.718601 0.193593 -0.520259 False
0.718800 0.193390 -0.519894 False
0.718898 0.194757 -0.519599 False
0.719054 0.194233 -0.519523 False
0.718812 0.195374 -0.519302 False
0.718898 0.193991 -0.519825 False
0.719027 0.193133 -0.519096 False
0.718287 0.193015 -0.519712 False
0.718679 0.193169 -0.520033 False
0.718562 0.193378 -0.519424 False
0.718899 0.193600 -0.520008 False
0.718711 0.193486 -0.519585 False
0.718825 0.193676 -0.519766 False
0.718731 0.194531 -0.519553 False
0.718737 0.194197 -0.519518 False
0.718416 0.194128 -0.519705 False
0.718668 0.193610 -0.519163 False
0.718778 0.193709 -0.519466 False
0.718103 0.194021 -0.519449 False
0.718194 0.195702 -0.519261 False
0.718995 0.194141 -0.518957 False
0.718621 0.193675 -0.519129 False
0.718464 0.194087 -0.519379 False
0.718327 0.193919 -0.520250 False
0.718747 0.194101 -0.519838 False
0.718245 0.193591 -0.519283 False
0.718763 0.193594 -0.519474 False
0.718747 0.193658 -0.519884 False
0.718964 0.194036 -0.518982 False
0.719785 0.194365 -0.518749 False
0.719083 0.193864 -0.519023 False
0.718798 0.194638 -0.518874 False
0.718505 0.193728 -0.519699 False
0.718712 0.194705 -0.519565 False
0.719107 0.194176 -0.519045 False
0.719273 0.193996 -0.519292 False
0.718632 0.193774 -0.519714 False
0.718519 0.193793 -0.519519 False
0.718445 0.194074 -0.519957 False
0.718647 0.193642 -0.519709 False
0.718741 0.193544 -0.519731 False
0.718944 0.194000 -0.519556 False
0.718680 0.193979 -0.519248 False
0.718647 0.195410 -0.519852 False
0.718575 0.194534 -0.519449 False
0.718521 0.194662 -0.519330 False
0.718379 0.194159 -0.519555 False
0.718268 0.194890 -0.519782 False
0.718649 0.194661 -0.519132 False
0.718851 0.194240 -0.519446 False
0.718895 0.193684 -0.518899 False
0.718899 0.194157 -0.520208 False
0.718816 0.194378 -0.520128 False
0.719078 0.194611 -0.519272 False
0.718936 0.195305 -0.518839 False
0.718890 0.194186 -0.519253 False
0.718689 0.193594 -0.519266 False
0.718482 0.193982 -0.518398 False
0.717936 0.194397 -0.519041 False
0.718508 0.194974 -0.519620 False
0.718799 0.194565 -0.519914 False
0.718908 0.194441 -0.518788 False
0.718945 0.193809 -0.518662 False
0.719510 0.194254 -0.518983 False
0.718601 0.193840 -0.519102 False
0.718815 0.194721 -0.520085 False
0.718239 0.194102 -0.520332 False
0.718727 0.193926 -0.519704 False
0.718889 0.194350 -0.519444 False
0.718873 0.193634 -0.518911 False
0.718845 0.193715 -0.518300 False
0.718751 0.195042 -0.518899 False
0.718380 0.195487 -0.519153 False
0.718769 0.194440 -0.519168 False
0.718915 0.194460 -0.519309 False
0.718917 0.193239 -0.519447 False
0.718919 0.193317 -0.518262 False
0.718971 0.193030 -0.518579 False
0.719091 0.193420 -0.519085 False
0.719152 0.193156 -0.518844 False
0.719175 0.193383 -0.518710 False
0.719063 0.193616 -0.519599 False
0.718749 0.193672 -0.519586 False
0.718926 0.193727 -0.518781 False
0.718706 0.194093 -0.518640 False
0.718844 0.194581 -0.518425 False
0.718861 0.194702 -0.518686 False
0.718890 0.194525 -0.518947 False
0.718901 0.193793 -0.519054 False
0.718892 0.193343 -0.519043 False
0.718799 0.193366 -0.518626 False
0.719027 0.194579 -0.518445 False
0.718858 0.193874 -0.518571 False
0.718859 0.194135 -0.518469 False
0.718908 0.193760 -0.518862 False
0.718914 0.193318 -0.519037 False
0.718984 0.193420 -0.519659 False
0.718996 0.194359 -0.519459 False
0.719235 0.193643 -0.519219 False
0.719024 0.193534 -0.518504 False
0.719094 0.193430 -0.518460 False
0.719063 0.193508 -0.518125 False
0.718727 0.193410 -0.518647 False
0.718815 0.193386 -0.519884 False
0.718848 0.193625 -0.519533 False
0.718828 0.194008 -0.518601 False
0.718625 0.193584 -0.518951 False
0.718512 0.193036 -0.519627 False
0.718375 0.193436 -0.518760 False
0.718892 0.193412 -0.518138 False
0.718886 0.193844 -0.518195 False
0.718901 0.194826 -0.518655 False
0.718931 0.195075 -0.519739 False
0.719019 0.194340 -0.519257 False
0.718952 0.193486 -0.518744 False
0.719112 0.193794 -0.519392 False
0.719065 0.194503 -0.519454 False
0.718945 0.193828 -0.519333 False
0.719049 0.193662 -0.518611 False
0.718921 0.193344 -0.518076 False
0.718929 0.193035 -0.518134 False
0.718996 0.193539 -0.519409 False
0.718663 0.193701 -0.519625 False
0.718572 0.193831 -0.519656 False
0.718592 0.194214 -0.519498 False
0.718628 0.194244 -0.520189 False
0.718824 0.194059 -0.520220 False
0.718833 0.194200 -0.520077 False
0.718784 0.193866 -0.519777 False
0.718996 0.193297 -0.519119 False
0.718712 0.194484 -0.519476 False
0.718737 0.195066 -0.518767 False
0.718540 0.193844 -0.519145 False
0.718789 0.193630 -0.519909 False
0.718758 0.193395 -0.519867 False
0.718463 0.193862 -0.519470 False
0.718477 0.194088 -0.518800 False
0.718835 0.195171 -0.518396 False
0.718865 0.194733 -0.518379 False
0.718873 0.193422 -0.518887 False
0.718896 0.193787 -0.518654 False
0.718881 0.193983 -0.518817 False
0.718652 0.193231 -0.519261 False
0.718669 0.193679 -0.519235 False
0.718789 0.193742 -0.519213 False
0.718676 0.193514 -0.517886 False
0.718854 0.193646 -0.518023 False
0.718872 0.193686 -0.518208 False
0.718779 0.194442 -0.519118 False
0.718518 0.194492 -0.518570 False
0.718691 0.193836 -0.519535 False
0.718823 0.193949 -0.519504 False
0.718841 0.194090 -0.519648 False
0.718774 0.194256 -0.518467 False
0.718517 0.194029 -0.518200 False
0.718707 0.193734 -0.518422 False
0.719040 0.193713 -0.518406 False
0.718942 0.193704 -0.519087 False
0.718853 0.193151 -0.519051 False
0.718681 0.193211 -0.519557 False
0.718829 0.193283 -0.518395 False
0.718778 0.193361 -0.518259 False
0.718534 0.193681 -0.518621 False
0.718737 0.194772 -0.518296 False
0.718976 0.195606 -0.519169 False
0.718735 0.193870 -0.518684 False
0.718636 0.193246 -0.519551 False
0.718720 0.193544 -0.519899 False
0.718530 0.193615 -0.519213 False
0.718784 0.193382 -0.518363 False
0.718907 0.193339 -0.517947 False
0.719099 0.194140 -0.518284 False
0.718936 0.193493 -0.518321 False
0.718638 0.193223 -0.519196 False
0.718539 0.193831 -0.519185 False
0.718493 0.194138 -0.518533 False
0.718787 0.193796 -0.518320 False
0.718765 0.194317 -0.518860 False
0.718447 0.193907 -0.519003 False
0.718328 0.193565 -0.520137 False
0.718207 0.193688 -0.519364 False
0.718492 0.194080 -0.520067 False
0.718600 0.193187 -0.519961 False
0.718519 0.193403 -0.518952 False
0.718792 0.193933 -0.519350 False
0.718709 0.194888 -0.519386 False
0.718709 0.193688 -0.518629 False
0.718820 0.193154 -0.518929 False
0.718855 0.193732 -0.519238 False
0.718870 0.193694 -0.519555 False
0.718932 0.193804 -0.519586 False
0.719065 0.194144 -0.519409 False
0.718955 0.193821 -0.519263 False
0.718871 0.193739 -0.519367 False
0.718853 0.193614 -0.519200 False
0.718869 0.193275 -0.518868 False
0.718910 0.192911 -0.518607 False
0.719026 0.193073 -0.518054 False
0.718729 0.193690 -0.518112 False
0.718814 0.193613 -0.518332 False
0.718669 0.193401 -0.519171 False
0.718831 0.193361 -0.519147 False
0.718873 0.193291 -0.519054 False
0.718870 0.193030 -0.518547 False
0.718939 0.193065 -0.518550 False
0.719125 0.193880 -0.518685 False
0.719091 0.193441 -0.518794 False
0.718936 0.193771 -0.519131 False
0.719085 0.193512 -0.519470 False
0.719697 0.193456 -0.518724 False
0.719294 0.193526 -0.519296 False
0.719156 0.193982 -0.518330 False
0.719200 0.194340 -0.519654 False
0.719380 0.193879 -0.518827 False
0.719166 0.193634 -0.518435 False
0.718989 0.193212 -0.518302 False
0.719086 0.193558 -0.518497 False
0.719003 0.193477 -0.518553 False
0.719268 0.193070 -0.518468 False
0.718997 0.193696 -0.518143 False
0.718988 0.193580 -0.518462 False
0.719225 0.193827 -0.518277 False
0.719002 0.194366 -0.519407 False
0.718889 0.194817 -0.518797 False
0.718930 0.195169 -0.519120 False
0.719103 0.193919 -0.518813 False
0.719136 0.193462 -0.518925 False
0.719070 0.192904 -0.520199 False
0.718845 0.193548 -0.519070 False
0.718623 0.194306 -0.518560 False
0.718631 0.194663 -0.518551 False
0.718861 0.193903 -0.518230 False
0.718986 0.193710 -0.518049 False
0.718685 0.193559 -0.517734 False
0.718720 0.193191 -0.518476 False
0.719154 0.193359 -0.518006 False
0.718937 0.193624 -0.518112 False
0.718873 0.194424 -0.518438 False
0.718873 0.194344 -0.518758 False
0.718860 0.193387 -0.518527 False
0.718905 0.193838 -0.517974 False
0.719081 0.195369 -0.517884 False
0.718989 0.194258 -0.517937 False
0.719146 0.194054 -0.518863 False
0.718702 0.193155 -0.518737 False
0.718629 0.193120 -0.519223 False
0.718806 0.194147 -0.519070 False
0.718898 0.193857 -0.519112 False
0.719082 0.193782 -0.519328 False
0.718988 0.193805 -0.518233 False
0.719063 0.193825 -0.518655 False
0.718951 0.193524 -0.519206 False
0.719082 0.193677 -0.519057 False
0.719141 0.193672 -0.519685 False
0.719140 0.193466 -0.518608 False
0.719052 0.193523 -0.517853 False
0.718715 0.193104 -0.518828 False
0.718649 0.193542 -0.518861 False
0.718758 0.193451 -0.518807 False
0.718708 0.192900 -0.518770 False
0.719035 0.193159 -0.518920 False
0.718974 0.193648 -0.518529 False
0.719013 0.193866 -0.519253 False
0.718673 0.193611 -0.519566 False
0.718532 0.193009 -0.519515 False
0.718473 0.192904 -0.518554 False
0.718781 0.193008 -0.519229 False
0.718871 0.193291 -0.518437 False
0.719534 0.193578 -0.518137 False
0.718911 0.193690 -0.518014 False
0.718855 0.194813 -0.518179 False
0.718689 0.194377 -0.518032 False
0.718808 0.193771 -0.518889 False
0.718693 0.193660 -0.519353 False
0.718685 0.194487 -0.519241 False
0.718939 0.194992 -0.519998 False
0.719079 0.196605 -0.520202 False
0.718861 0.194281 -0.520117 False
0.718616 0.194939 -0.519727 False
0.718557 0.194028 -0.519482 False
0.718494 0.193965 -0.519514 False
0.718784 0.193679 -0.519094 False
0.718802 0.194216 -0.519229 False
0.718677 0.193558 -0.519158 False
0.718823 0.193410 -0.518998 False
0.718836 0.193517 -0.519547 False
0.718904 0.194091 -0.519046 False
0.718996 0.195255 -0.519372 False
0.719351 0.193462 -0.518726 False
0.718757 0.192959 -0.518459 False
0.718643 0.193737 -0.518912 False
0.718814 0.195625 -0.518702 False
0.718692 0.194577 -0.519044 False
0.718639 0.193696 -0.519482 False
0.718201 0.193767 -0.518866 False
0.718347 0.193372 -0.519410 False
0.718772 0.193523 -0.519083 False
0.718857 0.194299 -0.519035 False
0.718685 0.194986 -0.519233 False
0.718803 0.194400 -0.519592 False
0.718771 0.193378 -0.519886 False
0.718540 0.193562 -0.520022 False
0.718685 0.193471 -0.519327 False
0.718360 0.193244 -0.519567 False
0.718344 0.193675 -0.518624 False
0.718610 0.193566 -0.518582 False
0.718969 0.194036 -0.518833 False
0.718661 0.194415 -0.519339 False
0.718478 0.194369 -0.519526 False
0.718607 0.194133 -0.519210 False
0.718761 0.193276 -0.519112 False
0.718527 0.193419 -0.519247 False
0.718218 0.193760 -0.518351 False
0.718354 0.194012 -0.517758 False
0.718518 0.193148 -0.518072 False
0.718450 0.192860 -0.518603 False
0.718560 0.193065 -0.519707 False
0.718593 0.193980 -0.519782 False
0.718601 0.193002 -0.518766 False
0.718610 0.192752 -0.519563 False
0.718594 0.193477 -0.518779 False
0.718539 0.193104 -0.519359 False
0.718356 0.193764 -0.518849 False
0.718248 0.193833 -0.519411 False
0.718768 0.194154 -0.519479 False
0.718757 0.193822 -0.519298 False
0.718444 0.193701 -0.519867 False
0.718562 0.193663 -0.519858 False
0.718704 0.193577 -0.519156 False
0.718466 0.194147 -0.517666 False
0.718659 0.193764 -0.518334 False
0.718247 0.193527 -0.519187 False
0.718278 0.193946 -0.520060 False
0.718212 0.194865 -0.520120 False
0.718540 0.194249 -0.520233 False
0.718699 0.193108 -0.519728 False
0.718364 0.193253 -0.519263 False
0.718739 0.193382 -0.518623 False
0.718649 0.193548 -0.518704 False
0.718610 0.193728 -0.519390 False
0.718616 0.194334 -0.519491 False
0.718638 0.193572 -0.518645 False
0.718626 0.193337 -0.519242 False
0.718638 0.194185 -0.519370 False
0.718576 0.193711 -0.520124 False
0.718566 0.193993 -0.519891 False
0.718590 0.193329 -0.519512 False
0.718605 0.193499 -0.518726 False
0.718594 0.193207 -0.518641 False
0.718570 0.193468 -0.519497 False
0.718570 0.193957 -0.519762 False
0.718510 0.194148 -0.520080 False
0.718393 0.193790 -0.519964 False
0.718686 0.193581 -0.520025 False
0.719165 0.193811 -0.519776 False
0.718713 0.193398 -0.519250 False
0.718574 0.193096 -0.519193 False
0.718473 0.193271 -0.518988 False
0.718878 0.194001 -0.519459 False
0.718551 0.194129 -0.519447 False
0.718237 0.193565 -0.519015 False
0.718618 0.194136 -0.519033 False
0.718972 0.194080 -0.519277 False
0.718722 0.193697 -0.519265 False
0.718808 0.193648 -0.520008 False
0.718748 0.193677 -0.519409 False
0.718436 0.193633 -0.520384 False
0.718584 0.193323 -0.520014 False
0.718561 0.192886 -0.519894 False
0.718508 0.193029 -0.519690 False
0.718389 0.194080 -0.519406 False
0.718650 0.193208 -0.518343 False
0.719015 0.192694 -0.518114 False
0.718814 0.193022 -0.519491 False
0.719132 0.192924 -0.519937 False
0.718718 0.193298 -0.519712 False
0.718526 0.193755 -0.519460 False
0.718312 0.193600 -0.518871 False
0.718816 0.193910 -0.518762 False
0.719189 0.193397 -0.518918 False
0.718695 0.192961 -0.519132 False
0.718508 0.193313 -0.519169 False
0.718707 0.193519 -0.519685 False
0.718571 0.193407 -0.519524 False
0.718544 0.193338 -0.520061 False
0.718422 0.193858 -0.519577 False
0.718664 0.193364 -0.518878 False
0.718438 0.193762 -0.518698 False
0.718376 0.193649 -0.518589 False
0.718544 0.193624 -0.519149 False
0.718598 0.194172 -0.519078 False
0.718691 0.194210 -0.519650 False
0.718419 0.193709 -0.519086 False
0.718250 0.193599 -0.519760 False
0.718137 0.194006 -0.519529 False
0.718504 0.193494 -0.519532 False
0.718720 0.193501 -0.518938 False
0.718370 0.193806 -0.518955 False
0.718674 0.193588 -0.519039 False
0.718511 0.193327 -0.518993 False
0.718212 0.193957 -0.519539 False
0.718305 0.194018 -0.519461 False
0.718516 0.194009 -0.518684 False
0.718354 0.194685 -0.518100 False
0.718372 0.193660 -0.518838 False
0.718025 0.193447 -0.519682 False
0.718667 0.193124 -0.518865 False
0.718655 0.193337 -0.519204 False
0.718586 0.193543 -0.518628 False
0.718554 0.194085 -0.519015 False
0.718503 0.194025 -0.519531 False
0.718349 0.193485 -0.518474 False
0.718454 0.194046 -0.518815 False
0.718775 0.193933 -0.519729 False
0.718718 0.193530 -0.519119 False
0.718278 0.193950 -0.518537 False
0.718398 0.194910 -0.518762 False
0.718537 0.194072 -0.519261 False
0.718510 0.193990 -0.519808 False
0.718389 0.194043 -0.519334 False
0.718608 0.193696 -0.519300 False
0.718851 0.194091 -0.519178 False
0.718706 0.193814 -0.519705 False
0.718688 0.193758 -0.519952 False
0.718785 0.194186 -0.520012 False
0.718615 0.194548 -0.520221 False
0.718602 0.194384 -0.520075 False
0.718657 0.194082 -0.519417 False
0.718800 0.193815 -0.519637 False
0.718702 0.193235 -0.519222 False
0.718878 0.193502 -0.518835 False
0.719158 0.193410 -0.519150 False
0.718668 0.193503 -0.518674 False
0.718497 0.193205 -0.519654 False
0.718979 0.193607 -0.519811 False
0.719030 0.193766 -0.519713 False
0.718726 0.193901 -0.520215 False
0.718812 0.193519 -0.519931 False
0.718841 0.192677 -0.519822 False
0.718792 0.192972 -0.519254 False
0.719058 0.193497 -0.519400 False
0.719083 0.193830 -0.519332 False
0.718937 0.194703 -0.519872 False
0.719034 0.195060 -0.519323 False
0.719297 0.194862 -0.519020 False
0.719078 0.194161 -0.518520 False
0.719239 0.193792 -0.518872 False
0.718825 0.193761 -0.519305 False
0.719047 0.193947 -0.518466 False
0.718955 0.193501 -0.518468 False
0.718888 0.193519 -0.517980 False
0.718820 0.193449 -0.518367 False
0.718731 0.193026 -0.518406 False
0.719050 0.193581 -0.518749 False
0.718908 0.193782 -0.519374 False
0.718836 0.193948 -0.518435 False
0.718631 0.193100 -0.518727 False
0.718618 0.193130 -0.520092 False
0.718768 0.193555 -0.519794 False
0.718721 0.193772 -0.519609 False
0.718776 0.193272 -0.518967 False
0.718664 0.193449 -0.519266 False
0.718803 0.193358 -0.518235 False
0.718851 0.193998 -0.518538 False
0.718891 0.194524 -0.518694 False
0.719000 0.194817 -0.518997 False
0.718780 0.193895 -0.518857 False
0.719111 0.194039 -0.519357 False
0.719321 0.194251 -0.519443 False
0.719021 0.193392 -0.518854 False
0.718854 0.193609 -0.519061 False
0.718675 0.193040 -0.519010 False
0.718185 0.193172 -0.519761 False
0.718745 0.192446 -0.519219 False
0.719012 0.192766 -0.519586 False
0.718936 0.193126 -0.519165 False
0.718873 0.192838 -0.519362 False
0.718861 0.193071 -0.519738 False
0.718855 0.194143 -0.519830 False
0.718874 0.193694 -0.519634 False
0.718873 0.193419 -0.519396 False
0.718931 0.193493 -0.519772 False
0.719055 0.193988 -0.519090 False
0.718825 0.193448 -0.520213 False
0.718634 0.193100 -0.520042 False
0.719121 0.193930 -0.520095 False
0.718816 0.193872 -0.519919 False
0.718831 0.194334 -0.519797 False
0.718847 0.193878 -0.518796 False
0.718906 0.194002 -0.518586 False
0.719142 0.194797 -0.518737 False
0.719336 0.194264 -0.519263 False
0.719206 0.193318 -0.519767 False
0.719197 0.193444 -0.518799 False
0.719201 0.193500 -0.518791 False
0.719319 0.193437 -0.518362 False
0.719178 0.193488 -0.518273 False
0.719059 0.193429 -0.518346 False
0.718763 0.193757 -0.518502 False
0.718938 0.194190 -0.519730 False
0.719057 0.193856 -0.519460 False
0.718704 0.195051 -0.518512 False
0.719161 0.193851 -0.518766 False
0.718912 0.193473 -0.519773 False
0.718758 0.193491 -0.519751 False
0.718515 0.193061 -0.519707 False
0.718993 0.192814 -0.518641 False
0.719870 0.192747 -0.518890 False
0.719930 0.192886 -0.518886 False
0.719364 0.193279 -0.519362 False
0.719271 0.192582 -0.519595 False
0.718715 0.192905 -0.519499 False
0.718670 0.193184 -0.519128 False
0.718991 0.193157 -0.518161 False
0.718951 0.193615 -0.518232 False
0.718919 0.193217 -0.518308 False
0.718824 0.193560 -0.518916 False
0.719203 0.193652 -0.519228 False
0.719620 0.193806 -0.520063 False
0.718885 0.195821 -0.519778 False
0.718718 0.194336 -0.518772 False
0.719084 0.194009 -0.519077 False
0.719268 0.194598 -0.518487 False
0.719154 0.194576 -0.518897 False
0.719760 0.194585 -0.519818 False
0.719945 0.194564 -0.518726 False
0.719023 0.193378 -0.518891 False
0.718465 0.193646 -0.519212 False
0.718316 0.193093 -0.519704 False
0.718257 0.192929 -0.519772 False
0.718741 0.193450 -0.519024 False
0.718678 0.193342 -0.518149 False
0.718798 0.193930 -0.518178 False
0.718726 0.193474 -0.519468 False
0.718386 0.193389 -0.519910 False
0.718808 0.193563 -0.519108 False
0.719007 0.193514 -0.518484 False
0.718794 0.193771 -0.519737 False
0.718861 0.194492 -0.519230 False
0.718933 0.193871 -0.518457 False
0.718911 0.194283 -0.518586 False
0.718882 0.194437 -0.518586 False
0.718889 0.193943 -0.518460 False
0.718845 0.194077 -0.519162 False
0.718512 0.193786 -0.518910 False
0.718596 0.194544 -0.519255 False
0.718842 0.194926 -0.518509 False
0.718904 0.194262 -0.519101 False
0.718809 0.195107 -0.519557 False
0.718541 0.193815 -0.519372 False
0.718777 0.193582 -0.518342 False
0.718854 0.194125 -0.518964 False
0.719579 0.194029 -0.519002 False
0.719051 0.193760 -0.519038 False
0.718879 0.193167 -0.518523 False
0.718730 0.193276 -0.518569 False
0.718764 0.193476 -0.518314 False
0.718560 0.194063 -0.518502 False
0.718839 0.194902 -0.518218 False
0.718823 0.195614 -0.518969 False
0.718722 0.194926 -0.518876 False
0.718986 0.193486 -0.518559 False
0.718820 0.193950 -0.519584 False
0.718591 0.193341 -0.519224 False
0.718939 0.194116 -0.518943 False
0.718897 0.194235 -0.518637 False
0.718919 0.193849 -0.518966 False
0.719084 0.193716 -0.518725 False
0.718939 0.193603 -0.518868 False
0.718901 0.193600 -0.518861 False
0.718941 0.193358 -0.518698 False
0.719195 0.193688 -0.518064 False
0.718934 0.193213 -0.518526 False
0.718943 0.193344 -0.518982 False
0.719634 0.192710 -0.518402 False
0.719224 0.192939 -0.519501 False
0.718880 0.193614 -0.519315 False
0.718699 0.193300 -0.519145 False
0.718971 0.192823 -0.518815 False
0.718977 0.193017 -0.519414 False
0.719089 0.193859 -0.518433 False
0.719677 0.193747 -0.518374 False
0.719088 0.193492 -0.519036 False
0.718221 0.193404 -0.519202 False
0.718527 0.193513 -0.518805 False
0.719023 0.193579 -0.518907 False
0.719681 0.193486 -0.518630 False
0.719290 0.193625 -0.519302 False
0.719102 0.193654 -0.518826 False
0.718981 0.194308 -0.519855 False
0.719017 0.193043 -0.518621 False
0.718886 0.192614 -0.518536 False
0.718931 0.192850 -0.518510 False
0.719333 0.193555 -0.518424 False
0.720084 0.193084 -0.518816 False
0.720064 0.193531 -0.518828 False
0.719254 0.193942 -0.518996 False
0.719491 0.193596 -0.519064 False
0.719945 0.193576 -0.518511 False
0.719147 0.193292 -0.518711 False
0.718913 0.193623 -0.519340 False
0.718955 0.194052 -0.518965 False
0.719124 0.193231 -0.519054 False
0.719026 0.193651 -0.518685 False
0.719104 0.194127 -0.518319 False
0.719145 0.194059 -0.519582 False
0.719024 0.194767 -0.518681 False
0.718736 0.195607 -0.519060 False
0.718687 0.194627 -0.519255 False
0.718990 0.194283 -0.519893 False
0.718911 0.193749 -0.518809 False
0.718898 0.193549 -0.518484 False
0.718778 0.192944 -0.518688 False
0.718836 0.193656 -0.518918 False
0.718993 0.193154 -0.519099 False
0.718976 0.193717 -0.519005 False
0.719351 0.193541 -0.518448 False
0.719548 0.193677 -0.518621 False
0.719313 0.193925 -0.519282 False
0.719791 0.193370 -0.519300 False
0.718974 0.193512 -0.518959 False
0.718877 0.193930 -0.518463 False
0.718843 0.194164 -0.517748 False
0.718796 0.193635 -0.519235 False
0.718650 0.192900 -0.519169 False
0.718695 0.192675 -0.519997 False
0.718866 0.193377 -0.519179 False
0.719068 0.193201 -0.518443 False
0.719089 0.193170 -0.518627 False
0.718904 0.193271 -0.518952 False
0.718845 0.193175 -0.519915 False
0.718822 0.193171 -0.519817 False
0.718825 0.192847 -0.519375 False
0.719271 0.193094 -0.519097 False
0.720248 0.194513 -0.519191 False
0.719231 0.193344 -0.518691 False
0.715132 0.195389 -0.520240 False
0.711185 0.200462 -0.522657 False
0.711355 0.218288 -0.525352 False
0.711730 0.208980 -0.530948 False
0.713196 0.214287 -0.533688 False
0.712988 0.227770 -0.531126 False
0.703402 0.267329 -0.520499 False
0.676213 0.322961 -0.498431 False
0.633750 0.381200 -0.464002 False
0.577511 0.413006 -0.430169 False
0.519869 0.401659 -0.380499 False
0.473114 0.363164 -0.339090 False
0.424150 0.291902 -0.289200 False
0.402306 0.244137 -0.273354 False
0.389564 0.216971 -0.263481 False
0.382719 0.211414 -0.257668 False
0.381471 0.206429 -0.255243 False
0.383896 0.204250 -0.255241 False
0.388622 0.196747 -0.257660 False
0.391462 0.204814 -0.256067 False
0.392792 0.203760 -0.251714 False
0.393122 0.201041 -0.245888 False
0.392562 0.197703 -0.239299 False
0.391219 0.194793 -0.232656 False
0.389200 0.193355 -0.226670 False
0.386509 0.195476 -0.222554 False
0.383517 0.199577 -0.219754 False
0.380493 0.205121 -0.218218 False
0.377702 0.211569 -0.217893 False
0.375413 0.218383 -0.218728 False
0.373893 0.225023 -0.220671 False
0.373408 0.230953 -0.223671 False
0.374226 0.235632 -0.227675 False
0.376615 0.238523 -0.232631 False
0.380842 0.239087 -0.238488 False
0.387173 0.236786 -0.245194 False
0.402258 0.233182 -0.256327 False
0.402029 0.212292 -0.258975 False
0.399997 0.195842 -0.256499 False
0.395582 0.206662 -0.253357 False
0.372952 0.233132 -0.231990 False
0.366048 0.262984 -0.218680 False
0.373447 0.276446 -0.225359 False
0.363314 0.276764 -0.203976 False
0.367442 0.247325 -0.206760 False
0.365772 0.247731 -0.215700 False
0.355439 0.252009 -0.206655 False
0.357201 0.253381 -0.217592 False
0.357447 0.253202 -0.214034 False
0.359023 0.251549 -0.210272 False
0.363021 0.245021 -0.215191 False
0.367691 0.241151 -0.222017 False
0.372092 0.244372 -0.228428 False
0.372980 0.267042 -0.229955 False
0.375216 0.293573 -0.229683 False
0.381361 0.316303 -0.228551 False
0.396684 0.322591 -0.236297 False
0.419399 0.325222 -0.216752 False
0.442164 0.286101 -0.198061 False
0.453510 0.247456 -0.187556 False
0.459577 0.203520 -0.180105 False
0.461645 0.156990 -0.174949 False
0.460998 0.110565 -0.171327 False
0.458916 0.066942 -0.168479 False
0.457511 0.030787 -0.165136 False
0.455972 -0.000174 -0.161816 False
0.454320 -0.026245 -0.158527 False
0.452575 -0.047731 -0.155277 False
0.450755 -0.064938 -0.152077 False
0.448880 -0.078169 -0.148935 False
0.446970 -0.087730 -0.145860 False
0.445045 -0.093926 -0.142860 False
0.443125 -0.097063 -0.139946 False
0.441228 -0.097444 -0.137126 False
0.439375 -0.095375 -0.134409 False
0.437586 -0.091161 -0.131804 False
0.435879 -0.085107 -0.129320 False
0.434274 -0.077518 -0.126966 False
0.432792 -0.068699 -0.124751 False
0.431452 -0.058955 -0.122683 False
0.430273 -0.048590 -0.120773 False
0.429275 -0.037911 -0.119029 False
0.428478 -0.027221 -0.117460 False
0.427901 -0.016826 -0.116074 False
0.427564 -0.007030 -0.114882 False
0.427486 0.001860 -0.113891 False
0.427688 0.009541 -0.113112 False
0.428189 0.015708 -0.112552 False
0.429008 0.020054 -0.112221 False
0.430478 0.021944 -0.111914 False
0.431932 0.020898 -0.113099 False
0.432057 0.020767 -0.112900 False
0.431753 0.020548 -0.112505 False
0.431323 0.020326 -0.112210 False
0.431338 0.020315 -0.112692 False
0.431417 0.020281 -0.113280 False
0.431453 0.020115 -0.113683 False
0.431140 0.019483 -0.113163 False
0.430860 0.018855 -0.112567 False
0.431066 0.018698 -0.112659 False
0.431268 0.018691 -0.112909 False
0.430988 0.018680 -0.113080 False
0.430647 0.018702 -0.113200 False
0.430576 0.018705 -0.113220 False
0.430529 0.018727 -0.112942 False
0.430383 0.018875 -0.112725 False
0.429750 0.019485 -0.112942 False
0.429217 0.019982 -0.113364 False
0.429258 0.019594 -0.114036 False
0.429765 0.019154 -0.114632 False
0.430797 0.019040 -0.114929 False
0.432834 0.020163 -0.114366 False
0.434866 0.021549 -0.113575 False
0.436306 0.022756 -0.112849 False
0.436567 0.023344 -0.112481 False
0.435062 0.022874 -0.112764 False
0.431204 0.020905 -0.113990 False
0.425730 0.018098 -0.117614 False
0.406824 0.007601 -0.120414 False
0.398273 -0.001555 -0.121974 False
0.393127 -0.010968 -0.122817 False
0.390925 -0.020251 -0.123034 False
0.391201 -0.029017 -0.122713 False
0.393494 -0.036878 -0.121943 False
0.397339 -0.043448 -0.120814 False
0.402274 -0.048338 -0.119414 False
0.407836 -0.051163 -0.117832 False
0.413561 -0.051533 -0.116159 False
0.418986 -0.049064 -0.114482 False
0.423648 -0.043366 -0.112890 False
0.427084 -0.034054 -0.111474 False
0.428830 -0.020739 -0.110322 False
0.428423 -0.003035 -0.109522 False
0.425401 0.019446 -0.109165 False
0.418926 0.045885 -0.106554 False
0.409477 0.079715 -0.108788 False
0.397156 0.123162 -0.120179 False
0.380710 0.199206 -0.164384 False
0.364179 0.238983 -0.177920 False
0.352239 0.258904 -0.187719 False
0.329620 0.246881 -0.184233 False
0.310751 0.263749 -0.172644 False
0.306617 0.260803 -0.167885 False
0.300181 0.263647 -0.164498 False
0.297936 0.259047 -0.168785 False
0.296376 0.259423 -0.159610 False
0.297766 0.259672 -0.148910 False
0.308442 0.252581 -0.142290 False
0.308713 0.261332 -0.137728 False
0.311763 0.261625 -0.155682 False
0.317620 0.267695 -0.157533 False
0.318432 0.264553 -0.166120 False
0.319830 0.262571 -0.144740 False
0.310841 0.254402 -0.141224 False
0.306676 0.231039 -0.150676 False
0.306439 0.211075 -0.148561 False
0.309432 0.218109 -0.142376 False
0.318927 0.264266 -0.147116 False
0.363264 0.339311 -0.182441 False
0.438893 0.407063 -0.243013 False
0.529237 0.451378 -0.329688 False
0.584745 0.446449 -0.414967 False
0.623057 0.406323 -0.459464 False
0.661577 0.336580 -0.502804 False
0.688624 0.262397 -0.508632 False
0.701505 0.216529 -0.508527 False
0.707646 0.214521 -0.510163 False
0.713444 0.214379 -0.511784 False
0.712718 0.213095 -0.511798 False
0.714073 0.210879 -0.510935 False
0.719063 0.202389 -0.507348 False
0.723807 0.194450 -0.503708 False
0.724735 0.194339 -0.502856 False
0.724112 0.194116 -0.502868 False
0.724344 0.193043 -0.502584 False
0.723849 0.192373 -0.502524 False
0.723196 0.193428 -0.502647 False
0.723371 0.193978 -0.503479 False
0.723603 0.194935 -0.503195 False
0.723854 0.194634 -0.503005 False
0.724344 0.194170 -0.502508 False
0.724681 0.194815 -0.502288 False
0.724416 0.194786 -0.502387 False
0.724208 0.193892 -0.503042 False
0.724281 0.193326 -0.503075 False
0.724071 0.193673 -0.502785 False
0.723874 0.194156 -0.502938 False
0.723189 0.195107 -0.502456 False
0.723037 0.193972 -0.503406 False
0.723978 0.193643 -0.503530 False
0.724071 0.193246 -0.503591 False
0.723991 0.193815 -0.503821 False
0.724252 0.193291 -0.503370 False
0.724158 0.193735 -0.502792 False
0.724082 0.192999 -0.502595 False
0.723971 0.192700 -0.502577 False
0.723764 0.192893 -0.503447 False
0.723614 0.193945 -0.503322 False
0.723792 0.193515 -0.502972 False
0.723973 0.194770 -0.502237 False
0.723834 0.193946 -0.502240 False
0.723768 0.193586 -0.502428 False
0.723724 0.194516 -0.502923 False
0.723656 0.194916 -0.503285 False
0.724032 0.193805 -0.502777 False
0.724280 0.192754 -0.503167 False
0.724210 0.192517 -0.503013 False
0.723756 0.193999 -0.502759 False
0.724044 0.193693 -0.502314 False
0.724166 0.192538 -0.502317 False
0.723818 0.192894 -0.502566 False
0.724172 0.193508 -0.503232 False
0.724059 0.194481 -0.502527 False
0.723831 0.193390 -0.502420 False
0.723781 0.193283 -0.503037 False
0.723815 0.193421 -0.502749 False
0.723949 0.194513 -0.502834 False
0.723731 0.194499 -0.503269 False
0.723726 0.193901 -0.503097 False
0.723626 0.193251 -0.503120 False
0.723810 0.193046 -0.503174 False
0.724050 0.193443 -0.503233 False
0.723521 0.192560 -0.502818 False
0.723792 0.192708 -0.503415 False
0.724124 0.192482 -0.503430 False
0.724141 0.193748 -0.503042 False
0.723559 0.193177 -0.502585 False
0.723714 0.193189 -0.502450 False
0.723727 0.193417 -0.502867 False
0.723542 0.194184 -0.502475 False
0.723197 0.193165 -0.502453 False
0.723600 0.193260 -0.501071 False
0.723676 0.193803 -0.501875 False
0.724069 0.193633 -0.502740 False
0.723686 0.193106 -0.503180 False
0.723747 0.193874 -0.503288 False
0.723726 0.194508 -0.503529 False
0.723608 0.194091 -0.503312 False
0.723726 0.193990 -0.503500 False
0.723704 0.194783 -0.503274 False
0.723477 0.195158 -0.503179 False
0.723232 0.194230 -0.503326 False
0.723646 0.193769 -0.503512 False
0.723720 0.192839 -0.503423 False
0.723192 0.193971 -0.503502 False
0.723396 0.193495 -0.503588 False
0.723976 0.193558 -0.502851 False
0.723599 0.193058 -0.502981 False
0.723936 0.193054 -0.502923 False
0.723927 0.193201 -0.503534 False
0.724129 0.193914 -0.502892 False
0.723656 0.195098 -0.502217 False
0.723408 0.194800 -0.502378 False
0.722960 0.194066 -0.502613 False
0.723306 0.194041 -0.502777 False
0.723209 0.193904 -0.502783 False
0.723100 0.193543 -0.502845 False
0.724059 0.192714 -0.502771 False
0.724189 0.193642 -0.502887 False
0.723736 0.194141 -0.502720 False
0.724013 0.192647 -0.503286 False
0.723406 0.192706 -0.502918 False
0.723139 0.193293 -0.503883 False
0.722850 0.194359 -0.503988 False
0.723813 0.193929 -0.503816 False
0.723770 0.193686 -0.504076 False
0.724183 0.193388 -0.503666 False
0.724078 0.193842 -0.503358 False
0.723896 0.194464 -0.503246 False
0.723978 0.193979 -0.503696 False
0.723672 0.193972 -0.503258 False
0.723596 0.194631 -0.502983 False
0.723029 0.195090 -0.503305 False
0.722804 0.194208 -0.502725 False
0.723625 0.194233 -0.502668 False
0.723279 0.194797 -0.502824 False
0.722956 0.193330 -0.502909 False
0.723372 0.193048 -0.503265 False
0.723399 0.192877 -0.503913 False
0.723110 0.192954 -0.503519 False
0.723294 0.194018 -0.503488 False
0.723776 0.195031 -0.503253 False
0.724200 0.194186 -0.502784 False
0.724015 0.193450 -0.503286 False
0.723028 0.193632 -0.503072 False
0.724046 0.193580 -0.503248 False
0.724303 0.193219 -0.503241 False
0.724169 0.193417 -0.503021 False
0.723445 0.194641 -0.502545 False
0.723273 0.197075 -0.503409 False
0.723258 0.194185 -0.503520 False
0.724101 0.193669 -0.503220 False
0.724227 0.193178 -0.503061 False
0.723886 0.193402 -0.503015 False
0.723692 0.192800 -0.503003 False
0.723314 0.192656 -0.502961 False
0.723876 0.192761 -0.503317 False
0.723270 0.193336 -0.503687 False
0.723386 0.193707 -0.503234 False
0.723229 0.193969 -0.503151 False
0.723071 0.194662 -0.503375 False
0.723400 0.194595 -0.503930 False
0.724106 0.193986 -0.503523 False
0.723996 0.193817 -0.502994 False
0.723096 0.193758 -0.503363 False
0.724020 0.193682 -0.503380 False
0.723716 0.193063 -0.503406 False
0.724368 0.192710 -0.503156 False
0.723831 0.194502 -0.503267 False
0.723453 0.195221 -0.502847 False
0.723035 0.194544 -0.503468 False
0.723567 0.193212 -0.503714 False
0.723542 0.193458 -0.503167 False
0.723430 0.193295 -0.503481 False
0.723072 0.194782 -0.504280 False
0.723079 0.194127 -0.503430 False
0.723427 0.194620 -0.502707 False
0.723472 0.194926 -0.502742 False
0.722588 0.194753 -0.502845 False
0.722223 0.194143 -0.503119 False
0.722445 0.194308 -0.502837 False
0.722908 0.193079 -0.503381 False
0.723148 0.193003 -0.503183 False
0.722977 0.192927 -0.503404 False
0.723555 0.193238 -0.503155 False
0.724166 0.194247 -0.503441 False
0.724050 0.194094 -0.503181 False
0.723552 0.193774 -0.502840 False
0.722538 0.193539 -0.502249 False
0.722774 0.194848 -0.502456 False
0.723374 0.194003 -0.502758 False
0.722994 0.193307 -0.503625 False
0.723412 0.193607 -0.502788 False
0.723625 0.193742 -0.502614 False
0.724001 0.193755 -0.502194 False
0.723545 0.193729 -0.502543 False
0.724338 0.192853 -0.503026 False
0.723726 0.193235 -0.503270 False
0.723488 0.194033 -0.502969 False
0.723243 0.193916 -0.502775 False
0.723520 0.193875 -0.503790 False
0.722910 0.193283 -0.503580 False
0.722939 0.193626 -0.503588 False
0.723151 0.193278 -0.503918 False
0.723614 0.193192 -0.503918 False
0.723664 0.192799 -0.503884 False
0.723952 0.193434 -0.503464 False
0.723607 0.193156 -0.503253 False
0.723397 0.192994 -0.503014 False
0.723006 0.192738 -0.503020 False
0.722918 0.192986 -0.503405 False
0.723565 0.193500 -0.504111 False
0.723721 0.193289 -0.503705 False
0.723678 0.193788 -0.502702 False
0.723991 0.193773 -0.503006 False
0.723403 0.193588 -0.503751 False
0.723933 0.193335 -0.503613 False
0.723504 0.193703 -0.503591 False
0.723790 0.194315 -0.503313 False
0.724157 0.193304 -0.503407 False
0.723978 0.192686 -0.503463 False
0.724208 0.192582 -0.503414 False
0.723940 0.193363 -0.503346 False
0.723146 0.194809 -0.503049 False
0.723637 0.193681 -0.502857 False
0.723788 0.194165 -0.503158 False
0.723770 0.193034 -0.503195 False
0.723625 0.193694 -0.503841 False
0.723125 0.194420 -0.503905 False
0.723190 0.193990 -0.503138 False
0.723330 0.194543 -0.503148 False
0.723707 0.194792 -0.503481 False
0.723948 0.194670 -0.503711 False
0.724220 0.194144 -0.504056 False
0.724190 0.194680 -0.503936 False
0.723844 0.194866 -0.503656 False
0.723760 0.194862 -0.503564 False
0.724158 0.194572 -0.503187 False
0.724468 0.193533 -0.503915 False
0.723938 0.193726 -0.503740 False
0.723744 0.194468 -0.503685 False
0.723532 0.194113 -0.503290 False
0.723577 0.193944 -0.503064 False
0.723817 0.193673 -0.503226 False
0.724135 0.193193 -0.503484 False
0.723789 0.193849 -0.503541 False
0.723430 0.193208 -0.502522 False
0.723687 0.192963 -0.502880 False
0.723761 0.193320 -0.502518 False
0.723790 0.194236 -0.503185 False
0.723790 0.193891 -0.503164 False
0.723764 0.193209 -0.503017 False
0.723724 0.193121 -0.503154 False
0.723579 0.194597 -0.502851 False
0.723810 0.193592 -0.503286 False
0.724230 0.193692 -0.503104 False
0.724692 0.193266 -0.503316 False
0.724314 0.193816 -0.503279 False
0.723855 0.194027 -0.503499 False
0.723590 0.194187 -0.503226 False
0.723669 0.193365 -0.503177 False
0.723566 0.193433 -0.502856 False
0.723683 0.194113 -0.503199 False
0.723574 0.194964 -0.503642 False
0.723725 0.193574 -0.503413 False
0.723775 0.194104 -0.503907 False
0.723778 0.192829 -0.504043 False
0.723804 0.193217 -0.504036 False
0.723854 0.192793 -0.503202 False
0.723781 0.192706 -0.503428 False
0.723756 0.192939 -0.503863 False
0.723775 0.194061 -0.503590 False
0.724399 0.193032 -0.503853 False
0.724041 0.192871 -0.503635 False
0.723329 0.193709 -0.503382 False
0.723474 0.194117 -0.503143 False
0.723277 0.195314 -0.503125 False
0.723002 0.195113 -0.503772 False
0.722948 0.194532 -0.503634 False
0.723080 0.195701 -0.503546 False
0.724209 0.195310 -0.503371 False
0.723518 0.193924 -0.503483 False
0.724091 0.193245 -0.503930 False
0.723876 0.194176 -0.503544 False
0.723119 0.193574 -0.503468 False
0.723570 0.194150 -0.503977 False
0.723420 0.193617 -0.503912 False
0.722799 0.194284 -0.504224 False
0.723257 0.193624 -0.503124 False
0.722945 0.194271 -0.503020 False
0.723438 0.195715 -0.502946 False
0.723748 0.193941 -0.503531 False
0.723808 0.194332 -0.503758 False
0.723654 0.193557 -0.503588 False
0.723597 0.193941 -0.504081 False
0.723523 0.194202 -0.503800 False
0.724071 0.193992 -0.503554 False
0.723575 0.193784 -0.503317 False
0.723164 0.193219 -0.502988 False
0.723396 0.193163 -0.503609 False
0.723372 0.193432 -0.503733 False
0.723124 0.194523 -0.503868 False
0.723454 0.194518 -0.503659 False
0.724314 0.194046 -0.503463 False
0.724158 0.193831 -0.503105 False
0.723977 0.193540 -0.503268 False
0.723446 0.194259 -0.503642 False
0.724170 0.193638 -0.504005 False
0.723650 0.192876 -0.503993 False
0.723445 0.193115 -0.504282 False
0.723216 0.193786 -0.504107 False
0.723736 0.194196 -0.504101 False
0.723367 0.195582 -0.503355 False
0.724026 0.195708 -0.503195 False
0.724089 0.194073 -0.503255 False
0.723604 0.192898 -0.503621 False
0.723053 0.193011 -0.503745 False
0.722913 0.193622 -0.504097 False
0.722892 0.193838 -0.504106 False
0.723547 0.193548 -0.503945 False
0.723717 0.194646 -0.503207 False
0.724256 0.194050 -0.503478 False
0.724290 0.193274 -0.503427 False
0.723372 0.193409 -0.503865 False
0.724124 0.193579 -0.503764 False
0.723969 0.194027 -0.503730 False
0.723457 0.194860 -0.503972 False
0.723419 0.193954 -0.503507 False
0.723796 0.194965 -0.503169 False
0.723136 0.193428 -0.503467 False
0.722973 0.193826 -0.503161 False
0.723161 0.193878 -0.503240 False
0.723997 0.194126 -0.503839 False
0.724255 0.194654 -0.503371 False
0.724670 0.194336 -0.502703 False
0.723927 0.193142 -0.502855 False
0.723870 0.193292 -0.502658 False
0.723011 0.192412 -0.502923 False
0.722404 0.192748 -0.503474 False
0.722721 0.193033 -0.504185 False
0.722736 0.193818 -0.503743 False
0.723553 0.193185 -0.503316 False
0.722828 0.193726 -0.503665 False
0.723148 0.194461 -0.503694 False
0.723377 0.192842 -0.503461 False
0.723011 0.192956 -0.503834 False
0.723412 0.193443 -0.503587 False
0.722990 0.193521 -0.503209 False
0.723340 0.193096 -0.503481 False
0.723175 0.192890 -0.503391 False
0.724171 0.193554 -0.503392 False
0.723897 0.195051 -0.503429 False
0.722646 0.193528 -0.503990 False
0.723792 0.193206 -0.504568 False
0.724146 0.193176 -0.504274 False
0.723968 0.193875 -0.503917 False
0.723752 0.194373 -0.503563 False
0.723978 0.193860 -0.503736 False
0.723859 0.195648 -0.503808 False
0.723992 0.196017 -0.503782 False
0.724026 0.195500 -0.503351 False
0.724677 0.193929 -0.503457 False
0.724764 0.194522 -0.503306 False
0.724719 0.193551 -0.503054 False
0.724488 0.193801 -0.503992 False
0.724221 0.193688 -0.503999 False
0.724134 0.192971 -0.504210 False
0.723987 0.193611 -0.504343 False
0.724169 0.193631 -0.504017 False
0.723965 0.194946 -0.503741 False
0.723989 0.194476 -0.503541 False
0.724505 0.193433 -0.503493 False
0.724321 0.194374 -0.503748 False
0.724001 0.194067 -0.503634 False
0.723969 0.193741 -0.503759 False
0.724140 0.192819 -0.503792 False
0.723943 0.192815 -0.503527 False
0.723868 0.192429 -0.503648 False
0.724069 0.192871 -0.503804 False
0.723962 0.193073 -0.503521 False
0.724197 0.193351 -0.503591 False
0.724072 0.193978 -0.503478 False
0.724376 0.194309 -0.503343 False
0.724445 0.192945 -0.503562 False
0.724649 0.192899 -0.502977 False
0.724572 0.192569 -0.502948 False
0.723974 0.192248 -0.502542 False
0.723946 0.192259 -0.503469 False
0.724136 0.192149 -0.503740 False
0.724143 0.192461 -0.503529 False
0.723765 0.193588 -0.502906 False
0.723986 0.193659 -0.503278 False
0.723670 0.193239 -0.504080 False
0.723081 0.193138 -0.503671 False
0.723504 0.193715 -0.503560 False
0.723130 0.193473 -0.503555 False
0.723929 0.194257 -0.503290 False
0.723648 0.194268 -0.503565 False
0.723467 0.195305 -0.503181 False
0.722861 0.194298 -0.503076 False
0.722800 0.193876 -0.502861 False
0.723209 0.193348 -0.503922 False
0.723485 0.193728 -0.503987 False
0.723523 0.192696 -0.503400 False
0.722764 0.193727 -0.502810 False
0.722957 0.193875 -0.503094 False
0.723299 0.192924 -0.502747 False
0.723075 0.192976 -0.502828 False
0.723181 0.192997 -0.502204 False
0.723158 0.193379 -0.502746 False
0.723536 0.194686 -0.502969 False
0.723756 0.193685 -0.503150 False
0.723483 0.194250 -0.503086 False
0.723681 0.193736 -0.502649 False
0.723378 0.193136 -0.502572 False
0.723410 0.193114 -0.502302 False
0.723858 0.193576 -0.502289 False
0.723793 0.193332 -0.502486 False
0.724075 0.193893 -0.502661 False
0.724098 0.193224 -0.502800 False
0.723963 0.193748 -0.502562 False
0.724106 0.194678 -0.502885 False
0.723602 0.193836 -0.501964 False
0.723446 0.193083 -0.502207 False
0.723907 0.193058 -0.501883 False
0.723706 0.193832 -0.502568 False
0.723718 0.194656 -0.503046 False
0.723975 0.193136 -0.503340 False
0.723741 0.194019 -0.504153 False
0.723872 0.193929 -0.503706 False
0.723313 0.194511 -0.503225 False
0.723688 0.194095 -0.503308 False
0.723098 0.193927 -0.503899 False
0.724206 0.193959 -0.503663 False
0.723823 0.194476 -0.503054 False
0.724195 0.194250 -0.502219 False
0.724616 0.192911 -0.502848 False
0.724237 0.192706 -0.503430 False
0.723736 0.194194 -0.503682 False
0.724445 0.194463 -0.503463 False
0.724093 0.193922 -0.503038 False
0.724048 0.193629 -0.502963 False
0.723835 0.193102 -0.502705 False
0.723752 0.193296 -0.502898 False
0.723589 0.193106 -0.502640 False
0.723029 0.193115 -0.502988 False
0.723412 0.193566 -0.502556 False
0.723054 0.193608 -0.503054 False
0.724208 0.193808 -0.503854 False
0.723835 0.194248 -0.503184 False
0.722875 0.195215 -0.502998 False
0.723021 0.194308 -0.503160 False
0.722777 0.194443 -0.502987 False
0.722854 0.193640 -0.503491 False
0.723420 0.194499 -0.503352 False
0.723148 0.193582 -0.503163 False
0.723824 0.193834 -0.502998 False
0.723193 0.194327 -0.502730 False
0.723072 0.193971 -0.502931 False
0.722608 0.194365 -0.503271 False
0.722741 0.193438 -0.503002 False
0.723230 0.193429 -0.502976 False
0.723712 0.193206 -0.503217 False
0.723886 0.193740 -0.503544 False
0.724210 0.193547 -0.502882 False
0.724597 0.192391 -0.503132 False
0.723992 0.192817 -0.503285 False
0.722829 0.192906 -0.503099 False
0.722920 0.193188 -0.503357 False
0.723706 0.194623 -0.503052 False
0.723057 0.193552 -0.502506 False
0.723284 0.193562 -0.502460 False
0.723108 0.193766 -0.502569 False
0.723916 0.193901 -0.502578 False
0.723695 0.195103 -0.502875 False
0.723098 0.195758 -0.503144 False
0.723602 0.194292 -0.503325 False
0.723714 0.194046 -0.502913 False
0.723549 0.194709 -0.502492 False
0.722893 0.194182 -0.503088 False
0.723609 0.194658 -0.502944 False
0.723906 0.194501 -0.502883 False
0.723182 0.193915 -0.502910 False
0.723657 0.193905 -0.502727 False
0.723446 0.194425 -0.502340 False
0.723118 0.194720 -0.502832 False
0.723947 0.197044 -0.502663 False
0.723856 0.194705 -0.502952 False
0.723804 0.194192 -0.501907 False
0.723771 0.193609 -0.502386 False
0.723779 0.192862 -0.503116 False
0.723871 0.192931 -0.503375 False
0.724209 0.193428 -0.502971 False
0.724197 0.193039 -0.502183 False
0.723865 0.193163 -0.502315 False
0.723766 0.193594 -0.503234 False
0.723721 0.193610 -0.503291 False
0.723801 0.193345 -0.502642 False
0.723966 0.193977 -0.502871 False
0.723833 0.195162 -0.502880 False
0.723858 0.195013 -0.502508 False
0.724086 0.194030 -0.503282 False
0.723879 0.193826 -0.502981 False
0.723894 0.193833 -0.502912 False
0.723785 0.193607 -0.502968 False
0.723748 0.193981 -0.503197 False
0.723774 0.193392 -0.503179 False
0.724433 0.194127 -0.502493 False
0.724052 0.193627 -0.502514 False
0.724257 0.194191 -0.502803 False
0.724161 0.193623 -0.503184 False
0.723821 0.194078 -0.502948 False
0.723716 0.193166 -0.502397 False
0.724235 0.193300 -0.503026 False
0.724561 0.194245 -0.503365 False
0.724052 0.194735 -0.502950 False
0.724113 0.194371 -0.503152 False
0.723708 0.193138 -0.503007 False
0.723204 0.192939 -0.503004 False
0.723467 0.193779 -0.503356 False
0.723711 0.194065 -0.502376 False
0.723813 0.194357 -0.502105 False
0.723987 0.193723 -0.502934 False
0.723965 0.193496 -0.503276 False
0.724374 0.192890 -0.502668 False
0.724090 0.194201 -0.502878 False
0.724510 0.193797 -0.503252 False
0.724276 0.193762 -0.503791 False
0.723970 0.193314 -0.503634 False
0.724174 0.193522 -0.503418 False
0.723959 0.193312 -0.503476 False
0.724142 0.193752 -0.502731 False
0.723742 0.193761 -0.503037 False
0.723617 0.193780 -0.502266 False
0.723236 0.193980 -0.502759 False
0.723629 0.194460 -0.503785 False
0.723775 0.193917 -0.503622 False
0.723940 0.193578 -0.502566 False
0.724402 0.193595 -0.503082 False
0.723850 0.193183 -0.503443 False
0.723458 0.193183 -0.503658 False
0.723686 0.193592 -0.504129 False
0.723775 0.193745 -0.503661 False
0.723792 0.193650 -0.502751 False
0.723784 0.193246 -0.502937 False
0.723795 0.193462 -0.503410 False
0.723847 0.194594 -0.503971 False
0.723973 0.193324 -0.503798 False
0.723158 0.193768 -0.503301 False
0.723604 0.193758 -0.503233 False
0.723745 0.193208 -0.502910 False
0.723773 0.193185 -0.502154 False
0.723776 0.193995 -0.502261 False
0.723771 0.194780 -0.502425 False
0.723770 0.193961 -0.503054 False
0.723770 0.194328 -0.503471 False
0.723788 0.194428 -0.503321 False
0.723890 0.194355 -0.502781 False
0.724223 0.193034 -0.502545 False
0.723739 0.193910 -0.502799 False
0.723856 0.193131 -0.502755 False
0.724268 0.193568 -0.502632 False
0.724538 0.193607 -0.503191 False
0.723904 0.193306 -0.502475 False
0.723598 0.193668 -0.503060 False
0.723779 0.193941 -0.503357 False
0.724100 0.194024 -0.503544 False
0.724290 0.193876 -0.503617 False
0.724379 0.193775 -0.503430 False
0.724744 0.193033 -0.503174 False
0.724763 0.193119 -0.503179 False
0.724388 0.193086 -0.503911 False
0.724344 0.193147 -0.503692 False
0.724294 0.193328 -0.502880 False
0.724294 0.192860 -0.503175 False
0.724115 0.193043 -0.503600 False
0.723932 0.193445 -0.503062 False
0.724218 0.193094 -0.503273 False
0.724384 0.193371 -0.503426 False
0.723823 0.193687 -0.503447 False
0.724151 0.193637 -0.503705 False
0.724302 0.193291 -0.503558 False
0.724358 0.193587 -0.503113 False
0.724064 0.194177 -0.503244 False
0.724361 0.193427 -0.503269 False
0.723892 0.193392 -0.503422 False
0.723687 0.192572 -0.503751 False
0.723406 0.192901 -0.503829 False
0.723732 0.192983 -0.504517 False
0.724017 0.193211 -0.503952 False
0.723937 0.193135 -0.504294 False
0.724227 0.192952 -0.504803 False
0.724270 0.192611 -0.503935 False
0.724261 0.193469 -0.503697 False
0.723970 0.193271 -0.503517 False
0.723889 0.193514 -0.503596 False
0.724125 0.193200 -0.503253 False
0.723856 0.193718 -0.503650 False
0.723797 0.193626 -0.503441 False
0.723870 0.193045 -0.503372 False
0.724158 0.192832 -0.503373 False
0.723866 0.192223 -0.503053 False
