0.595737 0.134310 -0.522704 False
0.596342 0.134564 -0.523577 False
0.596833 0.134802 -0.524362 False
0.596870 0.135225 -0.524996 False
0.596886 0.134709 -0.525069 False
0.596681 0.134225 -0.524740 False
0.596664 0.135234 -0.524250 False
0.596653 0.135127 -0.523413 False
0.597009 0.134070 -0.524003 False
0.596590 0.133862 -0.524127 False
0.596778 0.134284 -0.524515 False
0.597535 0.133739 -0.524328 False
0.597544 0.133416 -0.523087 False
0.597126 0.132795 -0.524218 False
0.596842 0.133402 -0.524801 False
0.596996 0.133731 -0.524917 False
0.596682 0.134385 -0.525082 False
0.597015 0.135139 -0.524774 False
0.596743 0.135472 -0.524699 False
0.596593 0.136097 -0.524435 False
0.596437 0.136124 -0.524260 False
0.596379 0.135717 -0.524847 False
0.596299 0.135599 -0.524797 False
0.596517 0.135468 -0.525227 False
0.596575 0.135114 -0.525152 False
0.596159 0.135297 -0.525425 False
0.596214 0.134889 -0.525618 False
0.596411 0.135334 -0.525368 False
0.597084 0.135236 -0.525633 False
0.597010 0.134935 -0.525464 False
0.596671 0.134814 -0.524914 False
0.596612 0.135027 -0.525240 False
0.596487 0.134649 -0.524812 False
0.596730 0.134943 -0.524849 False
0.597116 0.134952 -0.524497 False
0.597033 0.134951 -0.524316 False
0.596614 0.135006 -0.524148 False
0.596758 0.135295 -0.524941 False
0.596474 0.136361 -0.525006 False
0.596459 0.135105 -0.524950 False
0.596657 0.134673 -0.524776 False
0.596510 0.134722 -0.525460 False
0.595927 0.134840 -0.525671 False
0.595794 0.134610 -0.525124 False
0.595994 0.134511 -0.524933 False
0.597314 0.133604 -0.523736 False
0.597738 0.132838 -0.523608 False
0.597664 0.133999 -0.524188 False
0.597509 0.134442 -0.523428 False
0.597474 0.134243 -0.523154 False
0.597487 0.133754 -0.522979 False
0.597150 0.133805 -0.523133 False
0.597357 0.134356 -0.523540 False
0.597406 0.134715 -0.523570 False
0.597364 0.133284 -0.524058 False
0.597413 0.133932 -0.524013 False
0.597538 0.133577 -0.525063 False
0.597530 0.133015 -0.525109 False
0.597705 0.132672 -0.523837 False
0.597638 0.132315 -0.523237 False
0.597634 0.132462 -0.522955 False
0.597680 0.133396 -0.522932 False
0.597416 0.133763 -0.523148 False
0.597212 0.134317 -0.523314 False
0.597541 0.133927 -0.523459 False
0.597280 0.134025 -0.523937 False
0.597492 0.134945 -0.524383 False
0.597307 0.134894 -0.525302 False
0.597167 0.135137 -0.524295 False
0.596641 0.134784 -0.524152 False
0.596855 0.134418 -0.523579 False
0.596929 0.134219 -0.523805 False
0.596965 0.133863 -0.523640 False
0.597057 0.134111 -0.523440 False
0.597171 0.133848 -0.523610 False
0.597542 0.134100 -0.523579 False
0.597580 0.133850 -0.523749 False
0.597338 0.134368 -0.524143 False
0.597078 0.134952 -0.524837 False
0.597159 0.134895 -0.524844 False
0.597059 0.134755 -0.523956 False
0.597205 0.135238 -0.523995 False
0.597005 0.134942 -0.523903 False
0.596924 0.135153 -0.523585 False
0.596828 0.134679 -0.523417 False
0.596962 0.134683 -0.523789 False
0.597141 0.134919 -0.523979 False
0.597049 0.134176 -0.523960 False
0.597175 0.134431 -0.523991 False
0.597191 0.134174 -0.524166 False
0.597074 0.134928 -0.523869 False
0.597271 0.134751 -0.523614 False
0.597294 0.135107 -0.523574 False
0.597202 0.134896 -0.523639 False
0.597246 0.134999 -0.523566 False
0.597111 0.134457 -0.523511 False
0.597377 0.134515 -0.523452 False
0.597277 0.134577 -0.523574 False
0.597378 0.134586 -0.523734 False
0.597434 0.134623 -0.523625 False
0.597195 0.134700 -0.523638 False
0.596972 0.134681 -0.523810 False
0.596885 0.134727 -0.523620 False
0.597109 0.135207 -0.523196 False
0.597291 0.135419 -0.523114 False
0.597337 0.135499 -0.523284 False
0.597351 0.135918 -0.523333 False
0.597379 0.135492 -0.523360 False
0.597461 0.135427 -0.523730 False
0.597301 0.135335 -0.523457 False
0.597020 0.135321 -0.523663 False
0.596954 0.135340 -0.523756 False
0.596955 0.135396 -0.523869 False
0.597008 0.135310 -0.523662 False
0.597165 0.134866 -0.523806 False
0.596859 0.135087 -0.524249 False
0.596804 0.134845 -0.524052 False
0.596914 0.135207 -0.524576 False
0.596944 0.135275 -0.523920 False
0.596945 0.134888 -0.523784 False
0.596938 0.135229 -0.523944 False
0.596938 0.135391 -0.523986 False
0.597233 0.135343 -0.523966 False
0.597195 0.135323 -0.523732 False
0.596755 0.135315 -0.523944 False
0.596832 0.135305 -0.523738 False
0.597125 0.135282 -0.523957 False
0.596860 0.135291 -0.524020 False
0.596823 0.135339 -0.523686 False
0.596958 0.135615 -0.523383 False
0.596830 0.136692 -0.523897 False
0.596868 0.136401 -0.523952 False
0.596897 0.136297 -0.523805 False
0.596778 0.136292 -0.523843 False
0.596717 0.136294 -0.524168 False
0.596639 0.136254 -0.524011 False
0.597086 0.136016 -0.524232 False
0.596933 0.135155 -0.524457 False
0.597151 0.135453 -0.524438 False
0.597086 0.135636 -0.524499 False
0.597036 0.135998 -0.524340 False
0.596927 0.135605 -0.523656 False
0.597059 0.135607 -0.523382 False
0.596750 0.136038 -0.523676 False
0.596956 0.135878 -0.524680 False
0.597234 0.136369 -0.524191 False
0.597385 0.135569 -0.524306 False
0.597079 0.135330 -0.524256 False
0.597076 0.134962 -0.523599 False
0.597363 0.135515 -0.523827 False
0.596954 0.136518 -0.523703 False
0.597006 0.135721 -0.523621 False
0.596970 0.135365 -0.524187 False
0.597009 0.135293 -0.524224 False
0.597161 0.135311 -0.523776 False
0.596880 0.135308 -0.523778 False
0.597086 0.134967 -0.523320 False
0.596984 0.135195 -0.523441 False
0.596688 0.134920 -0.523415 False
0.596726 0.135504 -0.523487 False
0.596745 0.135962 -0.523481 False
0.596759 0.135644 -0.524072 False
0.596801 0.135567 -0.524249 False
0.596954 0.135545 -0.523950 False
0.596862 0.135631 -0.523760 False
0.597044 0.136173 -0.523420 False
0.597223 0.136291 -0.524103 False
0.597326 0.135743 -0.523789 False
0.597380 0.135281 -0.523780 False
0.597653 0.134843 -0.524104 False
0.597183 0.135097 -0.524123 False
0.597229 0.134910 -0.523942 False
0.597244 0.135109 -0.523927 False
0.597200 0.134848 -0.523721 False
0.596999 0.135179 -0.523753 False
0.596906 0.135165 -0.524133 False
0.596984 0.134827 -0.523931 False
0.596241 0.135422 -0.523820 False
0.596553 0.135890 -0.523724 False
0.596901 0.135383 -0.523820 False
0.597400 0.135055 -0.523819 False
0.596880 0.135818 -0.523907 False
0.596766 0.135506 -0.524435 False
0.596588 0.135463 -0.524332 False
0.596716 0.135459 -0.524130 False
0.596610 0.135461 -0.524119 False
0.596494 0.135438 -0.524257 False
0.596595 0.135298 -0.524166 False
0.596707 0.134794 -0.524299 False
0.597407 0.134880 -0.524209 False
0.596757 0.135316 -0.523941 False
0.596697 0.135400 -0.523769 False
0.596566 0.135306 -0.524146 False
0.596677 0.135433 -0.523935 False
0.596587 0.135571 -0.523434 False
0.596468 0.135972 -0.523791 False
0.596431 0.135688 -0.523913 False
0.596865 0.136010 -0.524016 False
0.597387 0.135911 -0.523941 False
0.596832 0.136940 -0.523898 False
0.596735 0.139426 -0.524256 False
0.596555 0.137135 -0.523958 False
0.596636 0.136533 -0.523761 False
0.596676 0.136588 -0.524136 False
0.596763 0.135149 -0.524530 False
0.596790 0.135168 -0.524025 False
0.597192 0.134971 -0.523691 False
0.596679 0.135682 -0.523957 False
0.596605 0.134962 -0.524021 False
0.596562 0.134806 -0.523977 False
0.596422 0.135317 -0.524105 False
0.596211 0.135566 -0.524314 False
0.596514 0.135672 -0.524294 False
0.596591 0.136132 -0.524046 False
0.596443 0.136212 -0.524104 False
0.596469 0.136137 -0.524067 False
0.596504 0.135782 -0.524356 False
0.596584 0.136137 -0.524255 False
0.596455 0.136175 -0.524506 False
0.596530 0.136042 -0.523896 False
0.596443 0.136529 -0.523843 False
0.596453 0.136318 -0.523658 False
0.596523 0.136225 -0.523703 False
0.596934 0.136172 -0.523693 False
0.596561 0.137006 -0.523898 False
0.596354 0.136304 -0.524115 False
0.596528 0.135701 -0.524659 False
0.596532 0.135670 -0.523961 False
0.596359 0.136113 -0.523733 False
0.596539 0.136233 -0.523979 False
0.596573 0.136272 -0.524071 False
0.596518 0.136154 -0.524433 False
0.596569 0.135657 -0.524097 False
0.596557 0.135539 -0.523690 False
0.596519 0.135544 -0.523398 False
0.597116 0.135107 -0.523256 False
0.597457 0.135727 -0.523291 False
0.596905 0.136852 -0.523766 False
0.597298 0.135249 -0.523231 False
0.596517 0.134758 -0.523682 False
0.596318 0.135019 -0.523936 False
0.596467 0.135911 -0.524091 False
0.596352 0.136188 -0.523557 False
0.596428 0.135530 -0.523781 False
0.596548 0.134971 -0.523483 False
0.596580 0.135700 -0.524119 False
0.596368 0.136187 -0.524176 False
0.596368 0.136402 -0.524333 False
0.596303 0.136326 -0.523626 False
0.596353 0.136394 -0.523851 False
0.596584 0.136182 -0.523962 False
0.596577 0.135716 -0.524130 False
0.596457 0.135925 -0.524130 False
0.596449 0.135631 -0.524409 False
0.596552 0.135671 -0.524342 False
0.596597 0.135967 -0.524114 False
0.596453 0.135542 -0.524198 False
0.596320 0.135940 -0.523849 False
0.596778 0.136676 -0.523392 False
0.596702 0.135924 -0.523723 False
0.596660 0.136047 -0.523688 False
0.596811 0.135721 -0.524022 False
0.596502 0.135868 -0.524513 False
0.596341 0.135253 -0.524446 False
0.597085 0.135770 -0.523979 False
0.596576 0.136087 -0.523918 False
0.597333 0.135957 -0.523512 False
0.596487 0.136207 -0.523845 False
0.596144 0.136235 -0.524033 False
0.596320 0.136145 -0.524359 False
0.596243 0.135828 -0.523838 False
0.596230 0.136203 -0.523914 False
0.596162 0.136220 -0.524048 False
0.596843 0.136205 -0.524121 False
0.596123 0.137659 -0.524362 False
0.596084 0.136330 -0.524138 False
0.596297 0.136129 -0.524353 False
0.596292 0.135718 -0.524055 False
0.596559 0.135889 -0.523777 False
0.596550 0.136160 -0.524111 False
0.596325 0.136152 -0.524351 False
0.596187 0.135816 -0.524883 False
0.595978 0.136164 -0.524993 False
0.596301 0.136253 -0.524508 False
0.597343 0.135741 -0.523612 False
0.596226 0.135687 -0.523773 False
0.596538 0.136050 -0.524106 False
0.597309 0.135894 -0.523856 False
0.596821 0.135726 -0.524288 False
0.596239 0.135712 -0.524107 False
0.596738 0.135792 -0.523977 False
0.596678 0.136178 -0.524015 False
0.596615 0.136274 -0.524239 False
0.596617 0.136255 -0.524071 False
0.596817 0.136176 -0.523959 False
0.597326 0.135977 -0.523632 False
0.596623 0.136030 -0.523753 False
0.596321 0.135965 -0.523406 False
0.595924 0.136090 -0.524296 False
0.596216 0.135791 -0.524573 False
0.596146 0.136141 -0.524433 False
0.596488 0.136247 -0.523967 False
0.596509 0.136282 -0.524441 False
0.596215 0.136249 -0.524397 False
0.596527 0.136141 -0.524347 False
0.597471 0.135777 -0.524176 False
0.596764 0.136013 -0.523763 False
0.596944 0.135696 -0.524020 False
0.597506 0.136055 -0.524655 False
0.596448 0.136108 -0.524073 False
0.596387 0.137397 -0.523757 False
0.596279 0.136419 -0.523850 False
0.596338 0.135842 -0.523928 False
0.596645 0.136039 -0.524117 False
0.596835 0.135799 -0.524717 False
0.596526 0.136168 -0.524224 False
0.596361 0.136265 -0.524019 False
0.596426 0.136235 -0.523854 False
0.596427 0.136150 -0.524435 False
0.596373 0.135740 -0.524237 False
0.595765 0.136026 -0.524626 False
0.595919 0.135678 -0.523788 False
0.596115 0.135537 -0.523398 False
0.596598 0.135393 -0.524217 False
0.596697 0.134997 -0.523793 False
0.597335 0.135509 -0.523570 False
0.596784 0.135947 -0.524002 False
0.596555 0.135598 -0.524309 False
0.596196 0.135548 -0.524393 False
0.596842 0.135575 -0.524606 False
0.597058 0.135684 -0.524347 False
0.596452 0.136130 -0.524056 False
0.596494 0.136083 -0.523826 False
0.596247 0.135665 -0.523948 False
0.596630 0.135569 -0.524153 False
0.596928 0.135645 -0.523849 False
0.596792 0.135977 -0.524163 False
0.596656 0.135685 -0.524028 False
0.596501 0.135677 -0.524283 False
0.596461 0.136028 -0.523952 False
0.596491 0.135792 -0.524255 False
0.597042 0.136160 -0.524348 False
0.596821 0.136232 -0.524478 False
0.596880 0.136264 -0.524768 False
0.596572 0.136254 -0.524615 False
0.597182 0.136151 -0.524011 False
0.596613 0.135690 -0.524138 False
0.596331 0.135618 -0.523862 False
0.596413 0.135548 -0.524323 False
0.596435 0.135560 -0.524593 False
0.596632 0.135680 -0.523873 False
0.596699 0.136082 -0.523918 False
0.596468 0.135641 -0.523946 False
0.596393 0.135600 -0.523725 False
0.596638 0.135566 -0.523055 False
0.596605 0.135167 -0.523055 False
0.596557 0.135578 -0.523087 False
0.596715 0.135978 -0.523151 False
0.596675 0.137000 -0.523014 False
0.596732 0.136050 -0.523035 False
0.596724 0.135764 -0.522976 False
0.596656 0.135701 -0.523072 False
0.596770 0.135680 -0.523519 False
0.597131 0.135686 -0.523838 False
0.596866 0.135704 -0.523752 False
0.597162 0.135692 -0.523202 False
0.596889 0.135683 -0.523326 False
0.596778 0.135601 -0.523696 False
0.596637 0.135664 -0.523458 False
0.596601 0.135619 -0.523671 False
0.596572 0.135685 -0.523265 False
0.596474 0.135685 -0.523286 False
0.596536 0.135641 -0.523801 False
0.596439 0.135820 -0.523885 False
0.596417 0.136123 -0.523316 False
0.596441 0.136402 -0.523233 False
0.596571 0.135657 -0.523220 False
0.596647 0.135225 -0.523503 False
0.596825 0.135607 -0.523503 False
0.597016 0.135868 -0.523284 False
0.596743 0.136393 -0.523522 False
0.596775 0.135870 -0.523864 False
0.596762 0.135617 -0.523546 False
0.596665 0.135265 -0.523420 False
0.596705 0.135723 -0.523475 False
0.596633 0.136247 -0.523591 False
0.596501 0.136033 -0.523859 False
0.596624 0.136234 -0.523473 False
0.596687 0.135821 -0.523156 False
0.596796 0.135658 -0.523445 False
0.596940 0.135908 -0.523754 False
0.596572 0.136702 -0.523674 False
0.596711 0.136409 -0.523750 False
0.596775 0.137449 -0.524121 False
0.596746 0.136602 -0.523692 False
0.596574 0.136044 -0.523795 False
0.596415 0.136537 -0.523527 False
0.596938 0.137184 -0.523495 False
0.597174 0.137011 -0.524033 False
0.597100 0.137134 -0.523682 False
0.596837 0.136048 -0.523750 False
0.597121 0.135894 -0.523418 False
0.597028 0.136331 -0.523845 False
0.596494 0.136480 -0.523722 False
0.596348 0.136464 -0.523918 False
0.596706 0.136355 -0.523615 False
0.596512 0.136000 -0.523328 False
0.596636 0.136335 -0.523341 False
0.596506 0.136382 -0.523506 False
0.596727 0.136210 -0.523395 False
0.596754 0.137090 -0.523463 False
0.596660 0.135938 -0.523551 False
0.596614 0.135292 -0.523487 False
0.597023 0.135585 -0.523438 False
0.597303 0.135749 -0.523351 False
0.596823 0.136024 -0.523382 False
0.596793 0.135998 -0.523607 False
0.597578 0.136643 -0.523453 False
0.597317 0.135991 -0.523253 False
0.596779 0.136079 -0.523438 False
0.596684 0.137071 -0.523563 False
0.596533 0.136521 -0.523549 False
0.596622 0.135907 -0.523438 False
0.596853 0.135863 -0.523128 False
0.597224 0.136100 -0.523287 False
0.597229 0.135708 -0.523130 False
0.597226 0.135844 -0.523186 False
0.597067 0.136739 -0.523823 False
0.596601 0.136436 -0.523694 False
0.596518 0.135896 -0.523675 False
0.596706 0.135705 -0.523395 False
0.596700 0.135569 -0.523371 False
0.596743 0.135246 -0.523282 False
0.596635 0.136036 -0.523723 False
0.596607 0.135858 -0.524045 False
0.596618 0.136356 -0.524120 False
0.596696 0.136573 -0.524141 False
0.596958 0.136348 -0.524137 False
0.596632 0.136870 -0.523432 False
0.596774 0.139722 -0.523879 False
0.596423 0.136766 -0.523796 False
0.596572 0.135866 -0.523400 False
0.596575 0.135706 -0.523303 False
0.596508 0.135691 -0.523785 False
0.596583 0.135724 -0.523530 False
0.596628 0.135715 -0.523418 False
0.596718 0.135713 -0.523608 False
0.596634 0.135713 -0.523763 False
0.596956 0.135723 -0.523430 False
0.596696 0.135777 -0.523401 False
0.596626 0.135962 -0.523300 False
0.596635 0.135840 -0.523733 False
0.596726 0.135753 -0.523591 False
0.596634 0.135733 -0.523360 False
0.596612 0.135625 -0.523438 False
0.596640 0.135105 -0.523507 False
0.596766 0.135351 -0.523510 False
0.596799 0.135338 -0.523619 False
0.596799 0.136239 -0.523694 False
0.596763 0.136335 -0.523247 False
0.596644 0.135870 -0.523587 False
0.596640 0.135745 -0.523885 False
0.596734 0.135751 -0.523567 False
0.596662 0.135727 -0.523478 False
0.596616 0.135731 -0.523468 False
0.596611 0.135687 -0.523454 False
0.596637 0.135576 -0.523380 False
0.596725 0.135575 -0.523139 False
0.596617 0.135680 -0.523377 False
0.596544 0.135699 -0.523379 False
0.596706 0.135728 -0.523144 False
0.596633 0.135693 -0.523082 False
0.596525 0.135606 -0.523094 False
0.596606 0.135689 -0.523159 False
0.596606 0.135719 -0.523429 False
0.596611 0.135742 -0.523569 False
0.596644 0.135722 -0.523534 False
0.596763 0.135707 -0.523315 False
0.596768 0.135672 -0.523653 False
0.596671 0.135634 -0.523312 False
0.596741 0.135877 -0.523130 False
0.596697 0.135642 -0.523118 False
0.596865 0.135599 -0.523282 False
0.596812 0.135741 -0.523927 False
0.596781 0.136324 -0.523529 False
0.596742 0.136347 -0.524083 False
0.597024 0.135913 -0.523906 False
0.596859 0.136345 -0.523526 False
0.596755 0.136468 -0.523988 False
0.596520 0.136465 -0.524362 False
0.596417 0.136332 -0.524417 False
0.595950 0.135880 -0.525226 False
0.596345 0.136348 -0.525386 False
0.596627 0.136465 -0.524550 False
0.596521 0.136489 -0.524106 False
0.596582 0.136431 -0.524238 False
0.596162 0.136214 -0.524487 False
0.596565 0.135690 -0.524645 False
0.596542 0.135565 -0.525149 False
0.596467 0.135656 -0.524481 False
0.596597 0.136385 -0.524272 False
0.597187 0.137128 -0.524180 False
0.596958 0.135791 -0.523962 False
0.596798 0.135051 -0.523869 False
0.596550 0.135288 -0.523793 False
0.596523 0.136372 -0.524361 False
0.596729 0.138265 -0.524824 False
0.597132 0.135536 -0.524091 False
0.596856 0.134912 -0.524602 False
0.596682 0.135229 -0.524362 False
0.597074 0.135039 -0.524691 False
0.596708 0.135474 -0.525812 False
0.596688 0.135837 -0.525910 False
0.596787 0.136686 -0.525219 False
0.596919 0.135418 -0.525866 False
0.596674 0.135485 -0.525679 False
0.596493 0.135509 -0.524846 False
0.596923 0.135387 -0.524532 False
0.597278 0.134906 -0.524330 False
0.596781 0.134662 -0.522507 False
0.596734 0.134778 -0.524015 False
0.597091 0.135205 -0.524515 False
0.597201 0.134772 -0.524184 False
0.596570 0.134841 -0.523285 False
0.596350 0.135060 -0.523479 False
0.596632 0.135459 -0.522731 False
0.596244 0.135698 -0.525325 False
0.596478 0.136326 -0.525182 False
0.597214 0.136347 -0.525557 False
0.596884 0.135891 -0.525566 False
0.596938 0.136327 -0.525777 False
0.596243 0.136497 -0.524244 False
0.595872 0.136537 -0.522144 False
0.594460 0.136497 -0.522214 False
0.596048 0.136227 -0.524058 False
0.596580 0.135218 -0.525923 False
0.596719 0.135314 -0.525591 False
0.597036 0.135066 -0.525412 False
0.596477 0.135477 -0.524420 False
0.596229 0.135698 -0.524568 False
0.596638 0.135458 -0.525787 False
0.597049 0.134956 -0.526038 False
0.597137 0.134940 -0.525684 False
0.596921 0.135319 -0.524723 False
0.596998 0.135329 -0.525663 False
0.596844 0.136040 -0.524926 False
0.597080 0.135613 -0.524290 False
0.596670 0.136256 -0.524214 False
0.596908 0.136356 -0.523937 False
0.596135 0.136227 -0.524155 False
0.596301 0.137518 -0.523983 False
0.596459 0.135775 -0.525173 False
0.597021 0.135539 -0.526107 False
0.596708 0.134970 -0.525370 False
0.596549 0.135120 -0.524873 False
0.596745 0.136096 -0.524793 False
0.596947 0.135043 -0.524675 False
0.597097 0.134549 -0.524870 False
0.596971 0.134695 -0.524774 False
0.596881 0.134686 -0.524925 False
0.597088 0.134722 -0.525881 False
0.597029 0.134719 -0.525199 False
0.596985 0.134980 -0.525090 False
0.596551 0.135771 -0.525113 False
0.596799 0.137016 -0.524324 False
0.596620 0.136300 -0.524190 False
0.596545 0.135538 -0.524633 False
0.597115 0.135013 -0.524147 False
0.596940 0.135293 -0.524204 False
0.596535 0.135465 -0.523994 False
0.596703 0.135469 -0.525138 False
0.596200 0.135071 -0.525382 False
0.596278 0.135707 -0.525298 False
0.596437 0.135985 -0.525025 False
0.596350 0.135832 -0.524982 False
0.596712 0.135662 -0.524038 False
0.596831 0.135432 -0.523969 False
0.596906 0.134994 -0.524048 False
0.596671 0.134913 -0.524141 False
0.596524 0.134818 -0.524397 False
0.596233 0.134732 -0.524245 False
0.596536 0.134742 -0.524996 False
0.596690 0.134875 -0.524915 False
0.596603 0.135703 -0.525239 False
0.596350 0.135214 -0.525318 False
0.596553 0.134969 -0.525339 False
0.596615 0.135398 -0.525478 False
0.596486 0.135855 -0.525963 False
0.596337 0.135567 -0.525529 False
0.596287 0.135403 -0.525445 False
0.595932 0.135037 -0.525093 False
0.595864 0.134746 -0.524174 False
0.595966 0.134992 -0.523750 False
0.596030 0.135119 -0.522859 False
0.596270 0.135180 -0.523992 False
0.597198 0.135015 -0.523413 False
0.597911 0.135500 -0.525654 False
0.597165 0.135383 -0.524902 False
0.597143 0.135929 -0.524588 False
0.597047 0.135085 -0.524391 False
0.596667 0.134754 -0.524586 False
0.596921 0.134866 -0.523641 False
0.596494 0.135587 -0.521975 False
0.596715 0.134555 -0.522673 False
0.596651 0.134269 -0.521969 False
0.596123 0.133562 -0.523826 False
0.596094 0.135273 -0.524164 False
0.594683 0.146005 -0.521971 False
0.591376 0.183437 -0.510378 False
0.603127 0.174912 -0.450032 False
0.593770 0.161030 -0.514400 False
0.592574 0.156554 -0.535648 False
0.602009 0.150284 -0.540136 False
0.616032 0.144227 -0.534286 False
0.632451 0.138767 -0.519643 False
0.649079 0.134291 -0.497755 False
0.663726 0.131185 -0.470167 False
0.674202 0.129833 -0.438426 False
0.678318 0.130621 -0.404079 False
0.673884 0.133936 -0.368671 False
0.658712 0.140162 -0.333750 False
0.626735 0.150604 -0.301686 False
0.585148 0.163389 -0.272127 False
0.537271 0.177560 -0.245547 False
0.486423 0.192163 -0.222416 False
0.435923 0.206242 -0.203209 False
0.389090 0.218843 -0.188398 False
0.349243 0.229009 -0.178456 False
0.319701 0.235786 -0.173854 False
0.304755 0.237280 -0.175327 False
0.305371 0.234843 -0.182747 False
0.323485 0.228889 -0.196245 False
0.367117 0.219630 -0.218036 False
0.423483 0.207972 -0.243463 False
0.485881 0.194621 -0.269949 False
0.547610 0.180281 -0.294918 False
0.601967 0.165658 -0.315793 False
0.642250 0.151458 -0.330000 False
0.661757 0.138385 -0.334960 False
0.657929 0.126729 -0.330928 False
0.614037 0.118218 -0.308812 False
0.441374 0.126688 -0.220399 False
0.383090 0.103536 -0.190827 False
0.371169 0.084407 -0.205956 False
0.370316 0.065886 -0.221274 False
0.372776 0.056976 -0.221187 False
0.377088 0.053057 -0.222035 False
0.383195 0.025189 -0.230296 False
0.384643 0.018481 -0.238801 False
0.385385 0.017382 -0.239829 False
0.383873 0.017998 -0.235526 False
0.383165 0.016437 -0.227573 False
0.385711 0.017605 -0.234936 False
0.385059 0.018406 -0.235150 False
0.383382 0.016832 -0.227872 False
0.383294 0.015412 -0.233731 False
0.382815 0.015275 -0.228632 False
0.384654 0.015887 -0.236600 False
0.384708 0.014717 -0.236462 False
0.383000 0.016461 -0.225360 False
0.382775 0.017847 -0.221814 False
0.382919 0.017697 -0.221284 False
0.383322 0.017041 -0.223924 False
0.384185 0.015626 -0.236020 False
0.384249 0.015854 -0.238981 False
0.383608 0.019157 -0.233947 False
0.382442 0.016670 -0.226435 False
0.383948 0.017341 -0.226931 False
0.384505 0.017424 -0.211799 False
0.384715 0.017761 -0.208266 False
0.384422 0.019009 -0.208299 False
0.383691 0.018005 -0.208938 False
0.382976 0.017470 -0.211076 False
0.382660 0.017383 -0.217822 False
0.383076 0.017610 -0.213586 False
0.383425 0.018909 -0.209269 False
0.383064 0.017775 -0.208287 False
0.383142 0.017476 -0.210689 False
0.383754 0.017551 -0.211544 False
0.383700 0.017434 -0.214453 False
0.383610 0.017381 -0.220004 False
0.383203 0.017375 -0.219618 False
0.383507 0.016814 -0.211682 False
0.383181 0.017783 -0.211880 False
0.383558 0.019936 -0.219490 False
0.383698 0.020562 -0.221529 False
0.383531 0.019201 -0.219744 False
0.383009 0.017189 -0.213570 False
0.382909 0.017424 -0.219626 False
0.382917 0.017196 -0.221212 False
0.382936 0.016747 -0.221918 False
0.382899 0.017439 -0.219900 False
0.382780 0.018267 -0.213352 False
0.382528 0.017596 -0.216868 False
0.382630 0.017270 -0.208822 False
0.383537 0.016698 -0.206923 False
0.383714 0.017064 -0.206760 False
0.383529 0.017280 -0.207314 False
0.382744 0.017043 -0.207775 False
0.383210 0.016535 -0.207133 False
0.382261 0.016526 -0.207534 False
0.383383 0.017082 -0.208524 False
0.383659 0.017510 -0.208737 False
0.383572 0.017486 -0.209735 False
0.383085 0.017632 -0.207641 False
0.382571 0.017462 -0.209214 False
0.382867 0.017478 -0.215560 False
0.383039 0.017084 -0.209048 False
0.383010 0.017880 -0.206723 False
0.382859 0.018042 -0.205056 False
0.384105 0.019390 -0.205586 False
0.383613 0.017400 -0.206820 False
0.383973 0.017181 -0.211590 False
0.384449 0.018389 -0.232134 False
0.384982 0.016086 -0.237996 False
0.384602 0.015533 -0.237556 False
0.384159 0.015112 -0.235686 False
0.382586 0.014693 -0.231291 False
0.378894 0.015937 -0.215387 False
0.381624 0.016810 -0.220504 False
0.382303 0.016617 -0.223739 False
0.383238 0.016137 -0.228268 False
0.378944 0.017149 -0.212784 False
0.378892 0.018175 -0.212869 False
0.382629 0.017648 -0.226694 False
0.378000 0.017186 -0.213407 False
0.376519 0.017850 -0.216156 False
0.371788 0.018788 -0.212360 False
0.387660 0.024652 -0.222310 False
0.466725 0.044450 -0.277074 False
0.558232 0.066699 -0.340399 False
0.638718 0.085841 -0.396417 False
0.662019 0.089527 -0.411596 False
0.659622 0.088893 -0.410741 False
0.648376 0.086752 -0.411258 False
0.617554 0.091217 -0.396652 False
0.552558 0.117672 -0.346084 False
0.479601 0.151048 -0.286959 False
0.412967 0.185079 -0.232077 False
0.366939 0.213502 -0.194233 False
0.355800 0.230050 -0.186224 False
0.421566 0.219593 -0.248101 False
0.511386 0.197667 -0.329916 False
0.600140 0.170944 -0.408977 False
0.641458 0.150446 -0.441132 False
0.661668 0.132139 -0.453087 False
0.665845 0.116342 -0.450091 False
0.659067 0.103373 -0.437391 False
0.646408 0.093553 -0.420237 False
0.632944 0.087200 -0.403877 False
0.630700 0.082424 -0.398202 False
0.629292 0.085434 -0.399077 False
0.621347 0.093425 -0.400068 False
0.585521 0.135296 -0.407818 False
0.545196 0.189061 -0.416164 False
0.510891 0.245937 -0.422024 False
0.493123 0.297142 -0.422315 False
0.531003 0.322347 -0.400528 False
0.544396 0.346553 -0.396144 False
0.555090 0.364556 -0.396753 False
0.563434 0.376549 -0.401593 False
0.569781 0.382721 -0.409900 False
0.574481 0.383266 -0.420913 False
0.577884 0.378374 -0.433869 False
0.580342 0.368236 -0.448006 False
0.582206 0.353045 -0.462561 False
0.583826 0.332991 -0.476772 False
0.585552 0.308266 -0.489877 False
0.587737 0.279062 -0.501112 False
0.590731 0.245570 -0.509716 False
0.594884 0.207981 -0.514927 False
0.603755 0.149254 -0.513276 False
0.606547 0.135067 -0.511644 False
0.607117 0.133563 -0.509358 False
0.606122 0.134276 -0.508861 False
0.605603 0.134612 -0.508436 False
0.605037 0.134818 -0.508572 False
0.605142 0.135421 -0.508693 False
0.605347 0.135396 -0.508495 False
0.605317 0.135647 -0.508374 False
0.605323 0.135797 -0.508452 False
0.606234 0.136104 -0.508877 False
0.605939 0.135600 -0.508541 False
0.605644 0.135478 -0.508717 False
0.605768 0.135600 -0.508977 False
0.606046 0.136187 -0.508772 False
0.606180 0.136373 -0.508964 False
0.605814 0.136425 -0.510604 False
0.606203 0.136077 -0.509402 False
0.606114 0.136321 -0.510206 False
0.606297 0.136249 -0.508725 False
0.605928 0.135835 -0.508309 False
0.606147 0.135713 -0.508828 False
0.606079 0.135789 -0.510627 False
0.606256 0.136139 -0.509197 False
0.606307 0.135891 -0.508917 False
0.605945 0.136036 -0.508605 False
0.606209 0.135399 -0.508325 False
0.606253 0.135536 -0.508262 False
0.605744 0.136132 -0.508126 False
0.605936 0.136154 -0.508146 False
0.606155 0.136329 -0.508362 False
0.606640 0.136356 -0.508613 False
0.606668 0.136293 -0.508285 False
0.606559 0.136068 -0.508561 False
0.606584 0.136306 -0.508880 False
0.606538 0.136346 -0.509045 False
0.606028 0.136312 -0.509440 False
0.605226 0.136338 -0.510860 False
0.605925 0.136347 -0.509135 False
0.606409 0.136264 -0.508944 False
0.607004 0.135954 -0.508898 False
0.606809 0.136214 -0.508774 False
0.604673 0.136020 -0.508989 False
0.604774 0.136322 -0.509030 False
0.606795 0.136490 -0.508977 False
0.607056 0.136297 -0.508925 False
0.606430 0.135937 -0.508943 False
0.606118 0.136261 -0.508938 False
0.606908 0.136330 -0.508923 False
0.606624 0.136193 -0.508943 False
0.605506 0.135634 -0.509183 False
0.604993 0.135771 -0.511063 False
0.605397 0.136242 -0.510003 False
0.605703 0.136356 -0.511086 False
0.605359 0.136270 -0.509921 False
0.605146 0.135776 -0.510729 False
0.605541 0.135703 -0.508941 False
0.605427 0.135232 -0.509368 False
0.605102 0.135337 -0.510627 False
0.605183 0.135384 -0.510085 False
0.605031 0.135494 -0.510863 False
0.605345 0.135755 -0.509369 False
0.606646 0.135597 -0.510868 False
0.605576 0.135370 -0.509933 False
0.605239 0.135649 -0.511382 False
0.606876 0.135367 -0.512256 False
0.606815 0.135589 -0.512346 False
0.606754 0.135972 -0.511776 False
0.606842 0.135381 -0.509621 False
0.606265 0.134969 -0.509226 False
0.604571 0.135331 -0.511276 False
0.604178 0.135608 -0.512057 False
0.604886 0.135725 -0.512215 False
0.605591 0.135932 -0.512083 False
0.606551 0.135110 -0.511902 False
0.607412 0.135343 -0.511781 False
0.606077 0.134973 -0.511382 False
0.605281 0.134805 -0.511320 False
0.605030 0.135254 -0.509061 False
0.605295 0.134899 -0.509444 False
0.606046 0.134965 -0.509687 False
0.606534 0.135224 -0.509056 False
0.605950 0.134929 -0.508790 False
0.605496 0.135018 -0.509230 False
0.606036 0.134823 -0.511010 False
0.606764 0.134901 -0.509248 False
0.606018 0.135028 -0.509413 False
0.605036 0.135273 -0.511394 False
0.606389 0.135666 -0.510171 False
0.606253 0.135700 -0.511426 False
0.605351 0.135133 -0.509830 False
0.606150 0.134908 -0.509865 False
0.605395 0.135474 -0.510851 False
0.605381 0.135814 -0.509765 False
0.604555 0.135854 -0.509950 False
0.605262 0.135737 -0.511811 False
0.606284 0.136023 -0.511949 False
0.606407 0.135638 -0.510340 False
0.605958 0.135914 -0.511780 False
0.605429 0.136954 -0.511744 False
0.605696 0.136261 -0.511500 False
0.605849 0.135666 -0.510160 False
0.605843 0.135952 -0.509305 False
0.605655 0.136430 -0.510974 False
0.606142 0.135873 -0.509230 False
0.606720 0.136202 -0.509140 False
0.606403 0.136290 -0.509286 False
0.606329 0.136304 -0.509104 False
0.606851 0.136175 -0.508931 False
0.606889 0.135669 -0.509404 False
0.606240 0.135654 -0.509328 False
0.606685 0.135811 -0.509114 False
0.606454 0.135584 -0.508854 False
0.606702 0.136022 -0.508666 False
0.606157 0.135737 -0.509764 False
0.605911 0.136189 -0.510488 False
0.606272 0.136098 -0.508460 False
0.607085 0.135312 -0.508753 False
0.606960 0.135905 -0.509334 False
0.606170 0.135433 -0.510147 False
0.605894 0.135144 -0.508485 False
0.605585 0.136128 -0.508646 False
0.605869 0.136455 -0.508405 False
0.605958 0.136402 -0.508596 False
0.605939 0.136279 -0.508804 False
0.605537 0.135904 -0.508760 False
0.605591 0.136037 -0.509176 False
0.605250 0.135438 -0.511049 False
0.604852 0.135961 -0.511574 False
0.605301 0.135477 -0.511696 False
0.605129 0.135143 -0.511624 False
0.605104 0.135206 -0.511190 False
0.605225 0.135496 -0.509158 False
0.605501 0.135330 -0.509122 False
0.605206 0.135466 -0.510985 False
0.605508 0.135454 -0.511702 False
0.605233 0.135615 -0.511784 False
0.605358 0.135625 -0.512040 False
0.607026 0.135418 -0.512121 False
0.606438 0.135112 -0.511515 False
0.606001 0.135395 -0.511648 False
0.605494 0.135701 -0.511072 False
0.606030 0.135942 -0.509508 False
0.605361 0.135010 -0.509393 False
0.604889 0.134731 -0.510999 False
0.605304 0.135667 -0.512165 False
0.607425 0.135258 -0.512076 False
0.605521 0.135883 -0.511214 False
0.605820 0.135579 -0.509205 False
0.605906 0.135503 -0.509268 False
0.605379 0.135747 -0.511080 False
0.604971 0.136118 -0.511285 False
0.605304 0.135800 -0.509779 False
0.605296 0.135844 -0.510630 False
0.605477 0.135598 -0.509065 False
0.606061 0.135584 -0.509090 False
0.606745 0.135460 -0.510514 False
0.606295 0.135752 -0.509042 False
0.606141 0.135413 -0.509182 False
0.605077 0.134961 -0.510692 False
0.605626 0.135617 -0.509653 False
0.606201 0.137082 -0.510590 False
0.607263 0.136286 -0.509065 False
0.606539 0.135942 -0.509048 False
0.605633 0.135642 -0.510886 False
0.605609 0.135878 -0.511347 False
0.605837 0.135936 -0.511040 False
0.605435 0.136018 -0.509347 False
0.604656 0.136333 -0.510963 False
0.604236 0.137526 -0.511132 False
0.603906 0.137503 -0.510621 False
0.604812 0.136251 -0.511532 False
0.605308 0.135821 -0.511453 False
0.606241 0.136696 -0.511256 False
0.605685 0.138047 -0.509410 False
0.605498 0.137716 -0.510300 False
0.605777 0.136743 -0.508603 False
0.605658 0.136597 -0.508187 False
0.605207 0.138322 -0.508114 False
0.604681 0.138479 -0.508758 False
0.605377 0.137814 -0.510482 False
0.604837 0.136671 -0.511259 False
0.605318 0.135608 -0.511401 False
0.606720 0.135248 -0.511708 False
0.607872 0.136231 -0.511563 False
0.607489 0.136792 -0.511677 False
0.607395 0.137598 -0.511798 False
0.606151 0.137448 -0.511544 False
0.604549 0.137714 -0.510658 False
0.605858 0.137234 -0.511184 False
0.605167 0.136760 -0.511466 False
0.605038 0.136449 -0.511627 False
0.605327 0.135721 -0.510890 False
0.605531 0.135647 -0.509013 False
0.606032 0.135643 -0.508950 False
0.607562 0.135641 -0.510428 False
0.606111 0.136032 -0.509360 False
0.605544 0.135745 -0.509132 False
0.605028 0.135560 -0.510685 False
0.605856 0.135612 -0.509635 False
0.606706 0.135580 -0.509620 False
0.607246 0.135409 -0.511111 False
0.607950 0.135664 -0.510979 False
0.607742 0.135836 -0.509188 False
0.606648 0.135535 -0.508596 False
0.604984 0.135528 -0.508899 False
0.604782 0.135121 -0.508678 False
0.604757 0.135006 -0.508628 False
0.606289 0.134927 -0.508679 False
0.606431 0.134680 -0.509103 False
0.606566 0.134700 -0.509383 False
0.607133 0.134555 -0.510684 False
0.607746 0.134345 -0.509308 False
0.606709 0.134204 -0.508642 False
0.604962 0.134120 -0.507511 False
0.603010 0.134073 -0.506521 False
0.601273 0.134057 -0.505983 False
0.600176 0.134064 -0.506205 False
0.600140 0.134088 -0.507498 False
0.601588 0.134122 -0.510170 False
0.604942 0.134159 -0.514532 False
0.611683 0.134183 -0.521969 False
0.619673 0.134211 -0.530312 False
0.627835 0.134252 -0.538469 False
0.635089 0.134313 -0.545348 False
0.640355 0.134403 -0.549857 False
0.642555 0.134529 -0.550902 False
0.640610 0.134699 -0.547392 False
0.633440 0.134921 -0.538234 False
0.619967 0.135204 -0.522336 False
0.599111 0.135555 -0.498606 False
0.569794 0.135981 -0.465951 False
0.469000 0.137248 -0.346907 False
0.568801 0.135955 -0.469474 False
0.599070 0.135579 -0.505245 False
0.605000 0.135531 -0.512467 False
0.605746 0.135501 -0.514323 False
0.606375 0.135503 -0.512393 False
0.604798 0.135522 -0.510985 False
0.604066 0.135579 -0.510792 False
0.605252 0.135538 -0.510709 False
0.606197 0.135564 -0.508882 False
0.606094 0.135516 -0.510812 False
0.604024 0.135522 -0.512574 False
0.603425 0.135627 -0.512445 False
0.603759 0.136004 -0.511541 False
0.604524 0.135723 -0.511125 False
0.606358 0.135718 -0.511179 False
0.606124 0.135981 -0.510496 False
0.604929 0.135602 -0.508522 False
0.601295 0.135438 -0.510309 False
0.605035 0.135477 -0.513011 False
0.605856 0.135495 -0.510369 False
0.605689 0.135522 -0.510469 False
0.606277 0.135626 -0.510278 False
0.606154 0.135971 -0.510464 False
0.605463 0.135625 -0.511169 False
0.605884 0.135523 -0.511029 False
0.606178 0.135505 -0.510610 False
0.606954 0.135517 -0.509534 False
0.606610 0.135564 -0.508427 False
0.605996 0.135526 -0.508170 False
0.606567 0.135540 -0.508294 False
0.605916 0.135542 -0.510201 False
0.606395 0.135647 -0.509166 False
0.606637 0.135788 -0.510209 False
0.606090 0.135576 -0.510485 False
0.606002 0.135514 -0.508249 False
0.606164 0.135506 -0.508691 False
0.606288 0.135521 -0.509372 False
0.606212 0.135580 -0.508505 False
0.605870 0.135581 -0.509619 False
0.605330 0.135525 -0.508369 False
0.605068 0.135518 -0.510230 False
0.605404 0.135545 -0.511756 False
0.605102 0.135515 -0.512104 False
0.605831 0.135510 -0.512013 False
0.605834 0.135531 -0.511328 False
0.606191 0.135614 -0.510779 False
0.606693 0.135599 -0.508810 False
0.606102 0.135567 -0.509008 False
0.605391 0.135535 -0.510461 False
0.605768 0.135577 -0.509076 False
0.605886 0.135560 -0.508567 False
0.606036 0.135516 -0.509302 False
0.606505 0.135502 -0.510667 False
0.605990 0.135498 -0.510937 False
0.607123 0.135514 -0.510239 False
0.607593 0.135673 -0.508752 False
0.606830 0.136032 -0.508979 False
0.606319 0.135678 -0.510918 False
0.605981 0.135524 -0.509564 False
0.605202 0.135494 -0.511334 False
0.605486 0.135450 -0.511705 False
0.605478 0.134950 -0.511748 False
0.606136 0.134721 -0.511576 False
0.606239 0.134597 -0.510808 False
0.605537 0.135194 -0.509331 False
0.605505 0.135081 -0.509640 False
0.606358 0.135477 -0.511144 False
0.606211 0.135503 -0.510651 False
0.605682 0.135530 -0.509841 False
0.605266 0.135577 -0.511971 False
0.606013 0.135502 -0.510647 False
0.605838 0.135485 -0.510922 False
0.604789 0.135500 -0.511062 False
0.606242 0.135504 -0.510265 False
0.606737 0.135504 -0.510670 False
0.606680 0.135504 -0.510831 False
0.606940 0.135519 -0.510819 False
0.607210 0.135599 -0.510188 False
0.607644 0.135711 -0.508148 False
0.606974 0.136039 -0.508300 False
0.606716 0.135694 -0.508777 False
0.606136 0.135558 -0.508647 False
0.606498 0.135631 -0.508822 False
0.606244 0.135796 -0.510278 False
0.606547 0.136332 -0.509445 False
0.608489 0.136335 -0.509899 False
0.608414 0.136218 -0.509545 False
0.602468 0.132869 -0.502131 False
0.570743 0.115896 -0.457229 False
0.465706 0.056989 -0.304415 False
0.562658 0.114536 -0.459993 False
0.597629 0.132492 -0.503726 False
0.607649 0.136136 -0.510861 False
0.607465 0.136326 -0.512199 False
0.606973 0.136292 -0.510111 False
0.605438 0.135734 -0.510636 False
0.606934 0.135529 -0.511671 False
0.605874 0.135480 -0.511851 False
0.605379 0.135473 -0.512520 False
0.606051 0.135461 -0.510625 False
0.606743 0.135393 -0.511230 False
0.607110 0.135159 -0.511522 False
0.607274 0.135434 -0.511506 False
0.604571 0.135480 -0.511232 False
0.604568 0.135485 -0.511838 False
0.603472 0.135461 -0.512294 False
0.603039 0.135343 -0.512303 False
0.602880 0.135179 -0.512117 False
0.602952 0.134985 -0.511789 False
0.603218 0.134780 -0.511370 False
0.603634 0.134582 -0.510912 False
0.604162 0.134409 -0.510467 False
0.604761 0.134280 -0.510085 False
0.605389 0.134213 -0.509820 False
0.605990 0.134255 -0.509789 False
0.606565 0.134353 -0.509891 False
0.607097 0.134483 -0.510094 False
0.607570 0.134621 -0.510364 False
0.607968 0.134744 -0.510668 False
0.608276 0.134827 -0.510972 False
0.608458 0.134819 -0.511216 False
0.608544 0.134762 -0.511428 False
0.608545 0.134671 -0.511606 False
0.608472 0.134560 -0.511752 False
0.608337 0.134443 -0.511866 False
0.608150 0.134335 -0.511947 False
0.607923 0.134251 -0.511998 False
0.607667 0.134205 -0.512017 False
0.607392 0.134212 -0.512005 False
0.607111 0.134287 -0.511962 False
0.606833 0.134443 -0.511890 False
0.606390 0.134952 -0.511404 False
0.606747 0.134823 -0.510973 False
0.606683 0.134260 -0.515712 False
0.605826 0.135594 -0.514350 False
0.605684 0.135036 -0.511698 False
0.605187 0.135377 -0.512517 False
0.605675 0.137538 -0.511096 False
0.605522 0.138752 -0.511275 False
0.606014 0.138778 -0.510761 False
0.607167 0.140591 -0.510473 False
0.607169 0.139893 -0.510103 False
0.605915 0.139595 -0.510804 False
0.605491 0.139168 -0.510823 False
0.605682 0.137748 -0.510683 False
0.604479 0.137177 -0.510929 False
0.604842 0.138361 -0.511672 False
0.605708 0.137109 -0.511422 False
0.605553 0.138743 -0.511178 False
0.605460 0.138137 -0.512529 False
0.606244 0.136229 -0.511077 False
0.606374 0.136919 -0.510698 False
0.606505 0.137048 -0.510279 False
0.608388 0.136663 -0.507574 False
0.615387 0.136553 -0.495838 False
0.608438 0.136565 -0.507112 False
0.606510 0.136762 -0.510860 False
0.606488 0.137507 -0.510313 False
0.608732 0.137951 -0.507258 False
0.614942 0.136095 -0.493869 False
0.607166 0.137148 -0.505399 False
0.609058 0.138379 -0.505206 False
0.617029 0.139196 -0.492482 False
0.609360 0.139038 -0.505953 False
0.610088 0.138421 -0.505163 False
0.621378 0.139004 -0.485298 False
0.620999 0.138504 -0.485843 False
0.609523 0.138610 -0.505981 False
0.609474 0.138002 -0.504149 False
0.618316 0.138256 -0.489324 False
0.610024 0.139395 -0.503844 False
0.610638 0.134351 -0.499549 False
0.623505 0.116598 -0.462125 False
0.633494 0.104530 -0.432495 False
0.619081 0.129550 -0.465659 False
0.608771 0.138879 -0.501648 False
0.605635 0.140467 -0.510391 False
0.606000 0.140208 -0.512338 False
0.605967 0.140408 -0.511748 False
0.606365 0.140030 -0.507836 False
0.607290 0.139448 -0.492429 False
0.605645 0.136188 -0.505880 False
0.606231 0.137617 -0.509520 False
0.606273 0.136269 -0.510298 False
0.606258 0.135676 -0.510466 False
0.605917 0.136465 -0.510545 False
0.606005 0.135460 -0.510522 False
0.607367 0.135367 -0.510805 False
0.606630 0.136554 -0.511289 False
0.605983 0.136506 -0.510604 False
0.605459 0.138907 -0.509586 False
0.606076 0.137747 -0.509714 False
0.606226 0.137137 -0.509696 False
0.606362 0.136098 -0.509582 False
0.608374 0.135675 -0.506881 False
0.613319 0.135641 -0.496516 False
0.607883 0.135790 -0.506610 False
0.606426 0.135717 -0.509606 False
0.605474 0.135311 -0.510132 False
0.605465 0.135750 -0.510044 False
0.606036 0.136072 -0.508859 False
0.605995 0.136885 -0.509878 False
0.605573 0.136850 -0.510188 False
0.605725 0.137514 -0.509790 False
0.605874 0.138099 -0.508635 False
0.605465 0.138192 -0.509836 False
0.605505 0.137934 -0.510014 False
0.605742 0.136884 -0.510095 False
0.606275 0.136684 -0.510227 False
0.605705 0.136832 -0.510303 False
0.605562 0.135459 -0.510193 False
0.605625 0.136373 -0.509764 False
0.605400 0.137032 -0.510282 False
0.605928 0.136565 -0.510698 False
0.606482 0.138104 -0.510820 False
0.606430 0.137631 -0.509009 False
0.606379 0.137292 -0.508737 False
0.606278 0.138521 -0.508325 False
0.606001 0.136383 -0.510165 False
0.606302 0.136526 -0.510577 False
0.606322 0.136744 -0.510093 False
0.606883 0.135787 -0.508609 False
0.607080 0.135625 -0.507845 False
0.606413 0.136104 -0.507742 False
0.605669 0.137779 -0.507642 False
0.604404 0.141980 -0.507970 False
0.606027 0.138416 -0.508285 False
0.606526 0.138684 -0.509858 False
0.606709 0.137331 -0.508346 False
0.606374 0.136700 -0.508749 False
0.605050 0.137519 -0.509515 False
0.603800 0.144329 -0.508488 False
0.605430 0.137985 -0.508684 False
0.605247 0.136552 -0.508545 False
0.606035 0.137260 -0.508900 False
0.609396 0.142154 -0.502832 False
0.620716 0.158668 -0.481033 False
0.610371 0.142232 -0.500696 False
0.607292 0.137435 -0.507134 False
0.606018 0.136699 -0.509850 False
0.605657 0.136033 -0.510356 False
0.605733 0.136363 -0.510171 False
0.605734 0.136466 -0.509841 False
0.606318 0.136378 -0.508758 False
0.606257 0.136031 -0.509767 False
0.606582 0.136519 -0.510675 False
0.606588 0.139903 -0.511162 False
0.607490 0.137400 -0.511390 False
0.607419 0.136401 -0.511748 False
0.607413 0.135227 -0.511331 False
0.607476 0.136683 -0.511136 False
0.607001 0.136706 -0.511044 False
0.605755 0.137856 -0.510672 False
0.606281 0.140968 -0.509137 False
0.609412 0.143321 -0.502752 False
0.620211 0.159440 -0.480338 False
0.613142 0.148277 -0.495382 False
0.620827 0.159358 -0.479667 False
0.609684 0.143109 -0.502474 False
0.607366 0.138284 -0.507528 False
0.606928 0.138656 -0.509395 False
0.605700 0.139337 -0.511016 False
0.605367 0.138182 -0.511003 False
0.606619 0.139067 -0.508565 False
0.609864 0.145437 -0.501661 False
0.622948 0.164643 -0.473456 False
0.622293 0.164595 -0.473475 False
0.610656 0.145980 -0.500296 False
0.607583 0.142461 -0.506672 False
0.609557 0.144463 -0.501917 False
0.618408 0.158944 -0.481707 False
0.609092 0.143155 -0.503332 False
0.606510 0.138575 -0.509493 False
0.606552 0.137761 -0.508970 False
0.606233 0.138044 -0.508966 False
0.606419 0.138520 -0.509185 False
0.605868 0.138316 -0.510384 False
0.605752 0.139066 -0.510771 False
0.605550 0.138603 -0.510962 False
0.606576 0.138985 -0.510791 False
0.606598 0.138265 -0.509480 False
0.606379 0.138494 -0.509976 False
0.605771 0.138217 -0.510253 False
0.605938 0.140479 -0.510070 False
0.606242 0.140219 -0.510125 False
0.606319 0.140518 -0.510090 False
0.605972 0.140026 -0.510444 False
0.606071 0.139994 -0.510899 False
0.606032 0.140339 -0.510967 False
0.605443 0.139582 -0.510922 False
0.605864 0.139909 -0.511035 False
0.605853 0.139875 -0.511453 False
0.606656 0.140055 -0.510965 False
0.606350 0.140801 -0.511366 False
0.606066 0.141237 -0.511040 False
0.606116 0.139442 -0.510765 False
0.606180 0.139205 -0.510723 False
0.605601 0.140162 -0.510850 False
0.605403 0.140419 -0.511281 False
0.605695 0.139871 -0.511964 False
0.605837 0.140130 -0.511330 False
0.606575 0.141972 -0.509661 False
0.609334 0.148170 -0.503593 False
0.620446 0.161089 -0.481996 False
0.609656 0.145206 -0.503036 False
0.606987 0.140624 -0.508360 False
0.606200 0.139310 -0.510992 False
0.605447 0.139655 -0.512085 False
0.605746 0.138565 -0.510990 False
0.605445 0.139333 -0.510851 False
0.605574 0.139110 -0.510643 False
0.605905 0.139503 -0.510751 False
0.605646 0.139786 -0.510611 False
0.605787 0.139343 -0.510820 False
0.606175 0.140718 -0.510483 False
0.606113 0.140177 -0.510280 False
0.605590 0.140259 -0.510610 False
0.605763 0.139772 -0.510970 False
0.605673 0.139955 -0.510894 False
0.605494 0.140515 -0.510859 False
0.605870 0.140827 -0.510658 False
0.605965 0.139345 -0.510322 False
0.605619 0.139280 -0.509720 False
0.605106 0.138893 -0.509174 False
0.605172 0.139721 -0.510070 False
0.606006 0.140219 -0.510755 False
0.605567 0.139708 -0.510254 False
0.605733 0.139291 -0.510686 False
0.605603 0.138204 -0.510545 False
0.607179 0.137962 -0.509509 False
0.607171 0.138015 -0.510711 False
0.606255 0.137811 -0.510888 False
0.605255 0.137413 -0.510167 False
0.605616 0.137589 -0.510215 False
0.605691 0.137998 -0.509146 False
0.606216 0.137860 -0.509879 False
0.606372 0.137591 -0.510517 False
0.606517 0.138184 -0.510428 False
0.606088 0.137750 -0.510693 False
0.606028 0.137797 -0.510421 False
0.606179 0.137582 -0.510067 False
0.606006 0.137545 -0.509560 False
0.606038 0.137608 -0.509695 False
0.606375 0.137795 -0.509632 False
0.605767 0.136970 -0.509475 False
0.605666 0.137213 -0.509841 False
0.606024 0.136965 -0.510552 False
0.606104 0.137875 -0.510508 False
0.606172 0.138602 -0.510612 False
0.606403 0.137777 -0.510436 False
0.606899 0.137668 -0.510022 False
0.606815 0.138826 -0.510343 False
0.606897 0.139119 -0.509832 False
0.606406 0.139043 -0.509700 False
0.606169 0.138553 -0.509670 False
0.606211 0.138333 -0.509901 False
0.606578 0.138687 -0.510531 False
0.606740 0.139579 -0.510137 False
0.606923 0.139567 -0.510004 False
0.607009 0.138596 -0.508881 False
0.606178 0.137935 -0.508299 False
0.606542 0.138435 -0.508483 False
0.606704 0.137946 -0.508864 False
0.607060 0.137846 -0.510049 False
0.606738 0.138494 -0.509363 False
0.606030 0.137439 -0.509844 False
0.606168 0.137705 -0.509565 False
0.606202 0.136838 -0.510233 False
0.606854 0.136770 -0.510624 False
0.606594 0.136873 -0.510311 False
0.605539 0.137785 -0.510190 False
0.605987 0.137517 -0.510091 False
0.604966 0.137034 -0.510161 False
0.605417 0.136942 -0.510097 False
0.606767 0.136221 -0.509391 False
0.607205 0.136478 -0.510064 False
0.606317 0.136685 -0.509863 False
0.606746 0.137072 -0.508922 False
0.606456 0.136231 -0.508506 False
0.606509 0.136251 -0.509482 False
0.606160 0.135696 -0.508405 False
0.606032 0.136075 -0.509425 False
0.606306 0.137056 -0.508132 False
0.606155 0.136595 -0.507765 False
0.606074 0.136125 -0.508093 False
0.605900 0.136404 -0.509730 False
0.605279 0.136549 -0.510250 False
0.606031 0.137400 -0.510211 False
0.606142 0.137950 -0.510304 False
0.605332 0.138546 -0.510068 False
0.606045 0.137437 -0.508236 False
0.606313 0.137729 -0.508207 False
0.606509 0.137674 -0.509920 False
0.606697 0.137882 -0.510561 False
0.606629 0.137205 -0.510294 False
0.606360 0.136556 -0.508304 False
0.606120 0.137206 -0.508201 False
0.606356 0.137371 -0.509759 False
0.606740 0.139214 -0.509793 False
0.606687 0.136886 -0.508313 False
0.606628 0.136928 -0.508194 False
0.606692 0.137413 -0.509494 False
0.607074 0.136957 -0.507955 False
0.607033 0.136827 -0.508300 False
0.606202 0.137414 -0.510377 False
0.606554 0.137045 -0.511052 False
0.606535 0.137156 -0.510886 False
0.605879 0.137428 -0.510526 False
0.606196 0.137394 -0.510525 False
0.606255 0.137009 -0.509704 False
0.605801 0.137093 -0.510486 False
0.606104 0.137260 -0.510663 False
0.606562 0.137723 -0.510004 False
0.606992 0.136938 -0.508703 False
0.606532 0.137065 -0.510246 False
0.606021 0.136925 -0.510831 False
0.605867 0.137137 -0.511149 False
0.606240 0.138042 -0.510420 False
0.606581 0.137646 -0.509361 False
0.606807 0.137251 -0.509267 False
0.606576 0.136214 -0.510382 False
0.606578 0.136754 -0.508519 False
0.607511 0.135635 -0.508752 False
0.607207 0.136329 -0.510003 False
0.606943 0.136708 -0.510931 False
0.606766 0.137382 -0.510502 False
0.607178 0.137365 -0.509577 False
0.607533 0.136767 -0.510631 False
0.607308 0.136643 -0.509716 False
0.607718 0.136211 -0.511144 False
0.606644 0.136793 -0.511391 False
0.607263 0.137817 -0.511068 False
0.606764 0.136100 -0.511270 False
0.606381 0.136352 -0.511261 False
0.607288 0.137663 -0.511478 False
0.607045 0.137492 -0.511432 False
0.606829 0.135973 -0.511339 False
0.606413 0.135571 -0.511282 False
0.606966 0.136095 -0.510304 False
0.606684 0.136951 -0.508916 False
0.606899 0.137097 -0.510930 False
0.607341 0.137689 -0.511401 False
0.606226 0.137702 -0.510934 False
0.606444 0.136387 -0.510431 False
0.606513 0.136903 -0.510394 False
0.606734 0.136863 -0.508995 False
0.607038 0.137354 -0.510255 False
0.606731 0.137502 -0.509750 False
0.606692 0.138031 -0.510413 False
0.606703 0.138047 -0.508223 False
0.606563 0.137683 -0.508778 False
0.606537 0.137940 -0.509901 False
0.607150 0.139322 -0.509143 False
0.607100 0.139265 -0.509203 False
0.606402 0.139108 -0.510651 False
0.606750 0.138594 -0.510635 False
0.606940 0.137468 -0.508652 False
0.607046 0.138196 -0.508137 False
0.607036 0.138246 -0.507936 False
0.606735 0.137534 -0.508517 False
0.606694 0.136902 -0.508582 False
0.606740 0.137291 -0.508909 False
0.606584 0.137255 -0.510994 False
0.607189 0.137307 -0.511345 False
0.606706 0.137530 -0.511249 False
0.607163 0.138299 -0.510955 False
0.607317 0.136861 -0.510901 False
0.606635 0.136634 -0.510686 False
0.606752 0.138822 -0.510635 False
0.606574 0.139880 -0.509406 False
0.605931 0.138449 -0.509327 False
0.605808 0.136358 -0.510676 False
0.605303 0.136526 -0.510937 False
0.606060 0.137298 -0.510944 False
0.606867 0.138208 -0.510866 False
0.607039 0.137282 -0.510352 False
0.606750 0.137983 -0.509202 False
0.606012 0.137476 -0.510413 False
0.606217 0.137401 -0.511071 False
0.606103 0.137769 -0.511172 False
0.605913 0.137679 -0.509489 False
0.605190 0.136959 -0.510264 False
0.605242 0.137360 -0.510411 False
0.605265 0.136517 -0.511225 False
0.605323 0.137478 -0.512138 False
0.605528 0.137390 -0.510873 False
0.605127 0.137600 -0.509217 False
0.605306 0.137883 -0.508920 False
0.605607 0.137270 -0.509852 False
0.606135 0.136829 -0.510967 False
0.605806 0.137458 -0.511493 False
0.605898 0.138056 -0.509900 False
0.606606 0.138213 -0.509010 False
0.607045 0.138208 -0.508507 False
0.606720 0.138188 -0.508577 False
0.606581 0.138136 -0.509261 False
0.605177 0.138610 -0.510009 False
0.603873 0.138948 -0.511090 False
0.607102 0.138423 -0.507754 False
0.613422 0.138205 -0.492001 False
0.617565 0.137849 -0.480758 False
0.608203 0.136653 -0.504027 False
0.605553 0.137379 -0.510552 False
0.604907 0.138792 -0.510552 False
0.608689 0.134107 -0.499891 False
0.617407 0.116051 -0.456853 False
0.623251 0.103660 -0.426888 False
0.610507 0.129818 -0.490177 False
0.607697 0.136779 -0.508672 False
0.606879 0.138190 -0.513442 False
0.607202 0.137406 -0.512333 False
0.608074 0.138068 -0.511489 False
0.607721 0.138241 -0.511193 False
0.606617 0.138375 -0.510879 False
0.607346 0.138736 -0.510838 False
0.607316 0.137893 -0.510619 False
0.607664 0.137836 -0.510741 False
0.608016 0.137022 -0.510783 False
0.607999 0.137454 -0.510865 False
0.607833 0.137676 -0.511105 False
0.607437 0.136518 -0.511043 False
0.607920 0.136112 -0.511146 False
0.607807 0.137868 -0.511189 False
0.607366 0.136649 -0.511057 False
0.607015 0.138397 -0.511172 False
0.607962 0.138306 -0.511089 False
0.608112 0.138006 -0.510673 False
0.608028 0.136420 -0.510757 False
0.608056 0.137328 -0.511064 False
0.607351 0.136337 -0.510903 False
0.606870 0.136433 -0.509747 False
0.607844 0.138141 -0.510671 False
0.608100 0.137210 -0.511317 False
0.607901 0.137701 -0.511261 False
0.607270 0.137866 -0.511263 False
0.606969 0.137611 -0.511517 False
0.606960 0.135937 -0.511621 False
0.607584 0.136620 -0.511572 False
0.607778 0.137685 -0.511452 False
0.607653 0.137329 -0.511291 False
0.607265 0.137024 -0.511171 False
0.606942 0.137127 -0.511114 False
0.607837 0.136901 -0.510181 False
0.609677 0.135989 -0.504178 False
0.616037 0.136970 -0.484025 False
0.608068 0.137427 -0.503931 False
0.605851 0.137497 -0.509160 False
0.605848 0.137368 -0.508367 False
0.606054 0.137432 -0.507671 False
0.605832 0.137108 -0.510094 False
0.605534 0.136342 -0.509210 False
0.605536 0.135316 -0.509279 False
0.606102 0.136763 -0.510535 False
0.605684 0.137055 -0.511021 False
0.605597 0.136060 -0.509896 False
0.605091 0.135985 -0.510734 False
0.605574 0.138317 -0.511269 False
0.606227 0.138379 -0.509828 False
0.606169 0.137750 -0.509000 False
0.606098 0.137578 -0.508902 False
0.605924 0.137575 -0.510558 False
0.606629 0.137597 -0.510820 False
0.605758 0.136254 -0.510796 False
0.605985 0.137236 -0.510659 False
0.606423 0.137689 -0.509558 False
0.606428 0.138176 -0.510966 False
0.605348 0.136112 -0.511149 False
0.605644 0.136675 -0.510864 False
0.605413 0.137249 -0.509804 False
0.605665 0.137325 -0.511030 False
0.605878 0.137724 -0.511288 False
0.605896 0.138676 -0.510370 False
0.605854 0.138543 -0.509585 False
0.605662 0.140610 -0.510950 False
0.605419 0.138882 -0.511011 False
0.605439 0.138690 -0.509479 False
0.606231 0.139248 -0.508890 False
0.605879 0.139810 -0.509532 False
0.605692 0.139099 -0.510450 False
0.606190 0.138805 -0.509954 False
0.606402 0.137490 -0.511357 False
0.607822 0.128344 -0.513447 False
0.610793 0.096887 -0.520785 False
0.613149 0.128753 -0.490539 False
0.608227 0.137686 -0.503788 False
0.608546 0.139094 -0.502829 False
0.615520 0.139219 -0.485730 False
0.608281 0.138292 -0.503996 False
0.606366 0.137380 -0.509649 False
0.605916 0.138004 -0.510956 False
0.605844 0.138358 -0.510764 False
0.605360 0.138960 -0.511171 False
0.605712 0.138713 -0.511001 False
0.605556 0.137197 -0.510885 False
0.605962 0.137355 -0.510542 False
0.605906 0.137333 -0.509471 False
0.605011 0.137018 -0.510032 False
0.604974 0.137901 -0.510686 False
0.605751 0.137937 -0.510619 False
0.605932 0.137166 -0.510409 False
0.605555 0.137201 -0.509553 False
0.605107 0.137253 -0.509934 False
0.605639 0.137316 -0.509764 False
0.605961 0.136875 -0.508369 False
0.605470 0.137184 -0.510020 False
0.605967 0.136707 -0.510161 False
0.606167 0.136686 -0.509957 False
0.606274 0.137125 -0.508739 False
0.605363 0.137341 -0.508467 False
0.605966 0.137698 -0.507979 False
0.606191 0.137391 -0.509699 False
0.605073 0.137315 -0.509370 False
0.604829 0.136741 -0.510362 False
0.605428 0.136721 -0.510454 False
0.605359 0.137159 -0.509753 False
0.605099 0.136691 -0.510146 False
0.605939 0.136589 -0.508862 False
0.606583 0.136774 -0.508788 False
0.607201 0.137586 -0.509689 False
0.609753 0.137581 -0.505995 False
0.618488 0.137714 -0.490945 False
0.611164 0.138841 -0.501101 False
0.617103 0.137412 -0.491416 False
0.618948 0.137788 -0.483197 False
0.608466 0.137599 -0.505514 False
0.606811 0.139419 -0.511655 False
0.607411 0.139972 -0.510618 False
0.606109 0.138684 -0.510472 False
0.605977 0.138616 -0.511084 False
0.606018 0.139173 -0.512528 False
0.606367 0.139824 -0.513048 False
0.606680 0.140151 -0.512666 False
0.606423 0.139206 -0.512592 False
0.606356 0.138215 -0.512838 False
0.606171 0.137528 -0.512645 False
0.606091 0.137973 -0.510842 False
0.606356 0.138968 -0.510752 False
0.606615 0.139124 -0.510777 False
0.605697 0.137243 -0.511149 False
0.605700 0.137141 -0.512311 False
0.605790 0.137227 -0.510776 False
0.605987 0.138293 -0.509155 False
0.606259 0.137234 -0.511359 False
0.605950 0.137837 -0.510814 False
0.605997 0.138306 -0.511314 False
0.605777 0.138146 -0.510371 False
0.605717 0.137189 -0.511944 False
0.605891 0.138024 -0.511339 False
0.605961 0.139137 -0.512612 False
0.605927 0.138251 -0.512984 False
0.605476 0.137464 -0.513256 False
0.605895 0.138430 -0.511775 False
0.606120 0.138477 -0.510557 False
0.606035 0.139081 -0.510202 False
0.606044 0.139179 -0.509023 False
0.605652 0.137523 -0.509999 False
0.605793 0.137735 -0.511654 False
0.606096 0.138689 -0.511035 False
0.605722 0.138351 -0.511872 False
0.605687 0.137586 -0.510451 False
0.605714 0.137824 -0.510477 False
0.605620 0.138235 -0.510033 False
0.605698 0.138067 -0.509866 False
0.605647 0.138305 -0.510054 False
0.605920 0.138794 -0.510578 False
0.606143 0.138377 -0.510636 False
0.606210 0.139017 -0.510416 False
0.605529 0.139078 -0.510472 False
0.606085 0.137738 -0.509941 False
0.606555 0.137085 -0.509963 False
0.606538 0.138013 -0.511200 False
0.606519 0.137881 -0.509656 False
0.605935 0.137656 -0.510470 False
0.605663 0.137923 -0.510929 False
0.605153 0.138608 -0.512042 False
0.605824 0.139402 -0.511818 False
0.606268 0.138706 -0.509519 False
0.606279 0.137393 -0.508343 False
0.606169 0.136847 -0.508794 False
0.606143 0.138455 -0.508919 False
0.606416 0.138483 -0.510279 False
0.605585 0.139036 -0.510792 False
0.605592 0.139124 -0.511381 False
0.606204 0.138903 -0.512261 False
0.607007 0.138084 -0.511385 False
0.607116 0.138776 -0.510765 False
0.606754 0.138683 -0.510263 False
0.606463 0.139056 -0.511833 False
0.608746 0.139139 -0.508053 False
0.615939 0.139081 -0.494413 False
0.607411 0.138833 -0.508284 False
0.606456 0.139414 -0.510995 False
0.606344 0.138752 -0.511083 False
0.606809 0.137193 -0.510592 False
0.607132 0.138559 -0.511130 False
0.605906 0.138740 -0.511939 False
0.606467 0.139435 -0.511078 False
0.608043 0.138893 -0.511298 False
0.607619 0.139454 -0.511162 False
0.605919 0.137085 -0.510347 False
0.606928 0.136679 -0.510845 False
0.605728 0.136527 -0.510082 False
0.605732 0.137887 -0.510286 False
0.606626 0.138730 -0.510898 False
0.607582 0.140475 -0.511167 False
0.607288 0.139177 -0.510615 False
0.606626 0.137636 -0.510000 False
0.606108 0.138803 -0.509823 False
0.604779 0.137416 -0.510564 False
0.604718 0.137452 -0.510521 False
0.604655 0.137535 -0.510811 False
0.605782 0.137696 -0.512550 False
0.606569 0.137565 -0.511844 False
0.606053 0.137528 -0.511038 False
0.606439 0.137524 -0.510804 False
0.606403 0.137530 -0.510135 False
0.608901 0.137531 -0.505396 False
0.618051 0.137471 -0.489632 False
0.610022 0.137168 -0.505809 False
0.606879 0.136144 -0.510756 False
0.606118 0.137178 -0.511809 False
0.605624 0.137481 -0.511836 False
0.606286 0.137481 -0.513069 False
0.606763 0.137182 -0.511172 False
0.605824 0.136177 -0.511091 False
0.606517 0.137200 -0.509998 False
0.606561 0.137647 -0.510220 False
0.606225 0.138230 -0.511451 False
0.606300 0.137940 -0.512649 False
0.606217 0.137512 -0.513054 False
0.606236 0.137080 -0.511965 False
0.606261 0.137270 -0.511453 False
0.605950 0.136875 -0.510752 False
0.606136 0.136620 -0.510565 False
0.605432 0.136716 -0.510763 False
0.605524 0.137338 -0.509490 False
0.605586 0.137521 -0.510491 False
0.606358 0.137643 -0.509439 False
0.606572 0.137973 -0.509607 False
0.606529 0.137675 -0.509067 False
0.606837 0.137699 -0.509395 False
0.606746 0.137574 -0.510410 False
0.606755 0.137633 -0.510799 False
0.606667 0.137956 -0.509612 False
0.606918 0.137632 -0.509561 False
0.606103 0.137557 -0.510736 False
0.606426 0.137610 -0.510022 False
0.607052 0.137801 -0.511373 False
0.607414 0.136995 -0.511457 False
0.607298 0.137282 -0.511190 False
0.606970 0.137097 -0.509727 False
0.607047 0.137561 -0.510601 False
0.606020 0.136451 -0.509824 False
0.606617 0.136900 -0.509545 False
0.606525 0.136662 -0.510618 False
0.606198 0.136725 -0.511448 False
0.607269 0.137180 -0.511490 False
0.607888 0.136725 -0.511567 False
0.608088 0.136634 -0.511555 False
0.607289 0.136750 -0.511395 False
0.605847 0.136295 -0.510954 False
0.606006 0.136888 -0.510983 False
0.606928 0.136662 -0.509773 False
0.606436 0.136681 -0.510329 False
0.605765 0.137018 -0.510870 False
0.605893 0.136823 -0.510872 False
0.606224 0.137193 -0.510935 False
0.606436 0.136735 -0.511011 False
0.606235 0.136731 -0.510667 False
0.606692 0.137163 -0.510698 False
0.605548 0.136688 -0.510575 False
0.605601 0.136576 -0.510706 False
0.606226 0.136754 -0.511179 False
0.606311 0.137599 -0.511269 False
0.606792 0.138495 -0.511135 False
0.606567 0.138054 -0.510177 False
0.605564 0.136900 -0.510975 False
0.604859 0.136789 -0.511353 False
0.605759 0.137130 -0.511346 False
0.606641 0.138855 -0.511346 False
0.606859 0.137865 -0.511356 False
0.606864 0.137384 -0.511148 False
0.606457 0.136803 -0.510985 False
0.606921 0.137350 -0.511057 False
0.606984 0.136394 -0.510318 False
0.606211 0.135475 -0.510913 False
0.606554 0.135380 -0.511161 False
0.606098 0.136040 -0.511099 False
0.605905 0.135486 -0.510935 False
0.606437 0.135788 -0.511159 False
0.607287 0.136056 -0.511141 False
0.607285 0.135983 -0.511285 False
0.606969 0.135657 -0.511414 False
0.606958 0.136282 -0.511423 False
0.606601 0.137079 -0.511338 False
0.605942 0.135582 -0.511306 False
0.605863 0.135229 -0.511216 False
0.605754 0.135595 -0.511361 False
0.606068 0.137269 -0.511379 False
0.605521 0.137404 -0.511409 False
0.605648 0.136992 -0.511478 False
0.606015 0.136299 -0.511769 False
0.605861 0.136284 -0.512891 False
0.606537 0.136888 -0.511838 False
0.605630 0.137593 -0.511533 False
0.605547 0.136455 -0.511653 False
0.605495 0.138716 -0.511907 False
0.605489 0.139725 -0.511925 False
0.605523 0.138332 -0.512029 False
0.605568 0.137527 -0.511800 False
0.605629 0.139737 -0.512085 False
0.605994 0.140963 -0.512637 False
0.605706 0.140339 -0.513134 False
0.605486 0.139315 -0.513494 False
0.606567 0.138754 -0.513419 False
0.605619 0.139052 -0.513326 False
0.605446 0.139087 -0.513109 False
0.606535 0.138210 -0.510704 False
0.605919 0.138196 -0.511618 False
0.605193 0.138464 -0.512955 False
0.605014 0.139391 -0.513311 False
0.606637 0.139031 -0.512885 False
0.606882 0.138275 -0.511619 False
0.605563 0.138615 -0.512413 False
0.605348 0.139427 -0.511201 False
0.605424 0.139220 -0.511064 False
0.605486 0.139712 -0.510730 False
0.606446 0.139678 -0.510586 False
0.606585 0.138439 -0.510829 False
0.606584 0.138784 -0.511406 False
0.606430 0.138383 -0.511320 False
0.605927 0.138499 -0.510823 False
0.606401 0.138687 -0.511297 False
0.605688 0.138398 -0.511071 False
0.606505 0.138547 -0.511678 False
0.606747 0.137992 -0.511446 False
0.607137 0.138759 -0.511303 False
0.607403 0.138499 -0.511532 False
0.606972 0.138146 -0.511456 False
0.607029 0.137763 -0.511317 False
0.607346 0.138155 -0.511446 False
0.607680 0.138537 -0.511453 False
0.608096 0.138880 -0.511406 False
0.608070 0.138280 -0.511497 False
0.607324 0.137215 -0.511540 False
0.607486 0.138097 -0.511609 False
0.607481 0.138117 -0.511591 False
0.607652 0.137327 -0.511544 False
0.608035 0.138688 -0.511551 False
0.607697 0.138849 -0.511536 False
0.607715 0.138109 -0.511553 False
0.607938 0.138786 -0.511538 False
0.607584 0.138566 -0.511468 False
0.607189 0.138470 -0.511480 False
0.606812 0.138852 -0.511604 False
0.606339 0.136925 -0.511659 False
0.606183 0.138075 -0.511756 False
0.606651 0.138687 -0.511666 False
0.605918 0.139647 -0.511687 False
0.605724 0.139237 -0.511515 False
0.605908 0.138677 -0.511280 False
0.607197 0.139313 -0.511189 False
0.608123 0.138642 -0.510121 False
0.608337 0.137896 -0.510951 False
0.608031 0.138166 -0.510749 False
0.607125 0.137484 -0.509563 False
0.607116 0.138574 -0.510065 False
0.607265 0.138210 -0.510660 False
0.607505 0.137793 -0.511418 False
0.607750 0.138250 -0.512953 False
0.607682 0.138807 -0.512470 False
0.607888 0.138294 -0.509876 False
0.606929 0.137859 -0.509978 False
0.607055 0.137386 -0.509769 False
0.606522 0.137494 -0.508861 False
0.606505 0.137787 -0.509284 False
0.607087 0.138728 -0.509573 False
0.607723 0.138425 -0.509122 False
0.608124 0.137878 -0.509572 False
0.607767 0.138296 -0.509775 False
0.607471 0.138359 -0.509922 False
0.606705 0.138732 -0.509854 False
0.606576 0.138080 -0.509785 False
0.606337 0.138800 -0.511767 False
0.606535 0.138658 -0.512630 False
0.606169 0.138773 -0.512251 False
0.605617 0.137959 -0.510797 False
0.606161 0.138344 -0.512899 False
0.606518 0.138578 -0.512909 False
0.606440 0.139031 -0.513597 False
0.606987 0.139053 -0.514152 False
0.607065 0.138724 -0.513956 False
0.606876 0.138936 -0.513328 False
0.607463 0.138591 -0.511560 False
0.607390 0.138494 -0.512346 False
0.607274 0.138449 -0.513151 False
0.607330 0.138316 -0.513150 False
0.606283 0.137888 -0.511844 False
0.606257 0.138500 -0.510647 False
0.605125 0.138631 -0.512396 False
0.606575 0.139047 -0.513024 False
0.607031 0.139043 -0.513618 False
0.607175 0.138612 -0.512932 False
0.607080 0.138456 -0.513213 False
0.607414 0.138274 -0.512039 False
0.606987 0.138260 -0.512660 False
0.606801 0.137733 -0.511096 False
0.606553 0.137813 -0.511707 False
0.606387 0.137998 -0.508998 False
0.606865 0.137768 -0.510367 False
0.607344 0.138208 -0.510892 False
0.607109 0.138616 -0.511064 False
0.607433 0.138211 -0.511279 False
0.607471 0.137768 -0.512543 False
0.607481 0.137959 -0.511046 False
0.607557 0.137610 -0.510606 False
0.607912 0.137521 -0.510807 False
0.608209 0.137561 -0.511303 False
0.608167 0.137815 -0.511195 False
0.607791 0.138141 -0.511021 False
0.607236 0.138320 -0.511110 False
0.607476 0.138686 -0.510961 False
0.607752 0.137939 -0.510717 False
0.607706 0.138966 -0.510015 False
0.607314 0.139383 -0.510560 False
0.606967 0.138362 -0.512373 False
0.607523 0.137678 -0.510401 False
0.607630 0.137630 -0.510129 False
0.607373 0.138058 -0.510084 False
0.607293 0.138181 -0.510872 False
0.607653 0.138194 -0.511859 False
0.607485 0.138144 -0.510274 False
0.607829 0.137971 -0.510568 False
0.607386 0.138201 -0.510072 False
0.606748 0.137819 -0.510784 False
0.607275 0.138256 -0.510947 False
0.607848 0.138802 -0.510870 False
0.607704 0.138300 -0.510744 False
0.607079 0.137955 -0.511067 False
0.607390 0.138018 -0.510976 False
0.607690 0.137726 -0.510655 False
0.607903 0.137975 -0.511041 False
0.607995 0.137763 -0.512237 False
0.607880 0.138156 -0.512544 False
0.607677 0.137856 -0.510751 False
0.607258 0.138469 -0.510557 False
0.607169 0.139041 -0.512147 False
0.607699 0.139067 -0.510601 False
0.607283 0.138448 -0.512699 False
0.607190 0.137715 -0.513295 False
0.607277 0.137669 -0.513277 False
0.607238 0.138161 -0.511872 False
0.607165 0.137947 -0.512912 False
0.607217 0.138651 -0.512293 False
0.607408 0.137969 -0.510509 False
0.607518 0.137587 -0.510199 False
0.607533 0.137478 -0.508738 False
0.607738 0.137429 -0.509570 False
0.607622 0.137917 -0.509664 False
0.607918 0.137730 -0.509612 False
0.607891 0.137987 -0.509205 False
0.607803 0.137738 -0.509751 False
0.607497 0.137994 -0.510288 False
0.607287 0.137776 -0.509714 False
0.607693 0.138102 -0.509589 False
0.607421 0.137496 -0.510835 False
0.607356 0.137591 -0.511961 False
0.607346 0.137960 -0.511794 False
0.607514 0.137799 -0.511854 False
0.607349 0.138289 -0.509749 False
0.608824 0.138233 -0.502216 False
0.614127 0.137620 -0.484156 False
0.609002 0.138948 -0.503211 False
0.606913 0.138027 -0.507954 False
0.607265 0.137681 -0.509443 False
0.607445 0.138500 -0.512844 False
0.607451 0.137764 -0.512376 False
0.607050 0.138276 -0.510930 False
0.606971 0.138252 -0.510905 False
0.607083 0.137635 -0.512269 False
0.607161 0.138041 -0.511780 False
0.607775 0.138086 -0.510378 False
0.607052 0.137783 -0.510922 False
0.606903 0.137549 -0.512276 False
0.606823 0.137614 -0.513138 False
0.607164 0.138692 -0.512776 False
0.607035 0.138524 -0.510667 False
0.607428 0.138307 -0.510325 False
0.606951 0.138383 -0.512552 False
0.606771 0.138342 -0.512526 False
0.606641 0.139276 -0.510512 False
0.606977 0.138629 -0.510642 False
0.606724 0.138110 -0.510070 False
0.607184 0.137457 -0.509837 False
0.606790 0.137547 -0.510585 False
0.606113 0.137846 -0.511897 False
0.606213 0.137925 -0.511912 False
0.607004 0.137331 -0.510727 False
0.607211 0.137977 -0.510960 False
0.607263 0.137399 -0.508352 False
0.607039 0.137322 -0.507869 False
0.606456 0.137614 -0.508836 False
0.606497 0.137455 -0.511505 False
0.606751 0.138306 -0.509252 False
0.606660 0.141653 -0.509452 False
0.606552 0.140047 -0.508476 False
0.607682 0.139264 -0.508626 False
0.607296 0.138698 -0.509348 False
0.606389 0.137846 -0.509111 False
0.606371 0.137969 -0.509081 False
0.606579 0.137623 -0.510834 False
0.606885 0.137783 -0.510243 False
0.607360 0.138780 -0.511426 False
0.607113 0.139409 -0.511193 False
0.606458 0.138732 -0.510705 False
0.606481 0.138577 -0.510536 False
0.606456 0.138733 -0.509472 False
0.606617 0.138614 -0.510743 False
0.606649 0.138841 -0.509273 False
0.606411 0.138965 -0.510199 False
0.607005 0.138622 -0.510102 False
0.607104 0.139249 -0.509129 False
0.606764 0.138447 -0.510395 False
0.606338 0.138790 -0.510862 False
0.606554 0.138924 -0.510322 False
0.605958 0.138394 -0.512697 False
0.606093 0.138313 -0.513117 False
0.606149 0.137941 -0.512261 False
0.606623 0.138588 -0.510492 False
0.606866 0.137824 -0.512607 False
0.607074 0.137807 -0.510911 False
0.606925 0.137754 -0.508332 False
0.608211 0.138423 -0.504489 False
0.613916 0.138907 -0.485992 False
0.610361 0.138673 -0.495575 False
0.614283 0.138702 -0.478543 False
0.614021 0.138183 -0.478573 False
0.608497 0.137612 -0.503080 False
0.608973 0.137431 -0.504829 False
0.615163 0.137845 -0.480740 False
0.617019 0.137467 -0.474386 False
0.617534 0.137709 -0.479720 False
0.616058 0.138016 -0.490111 False
0.608799 0.137922 -0.506131 False
0.606569 0.138710 -0.509462 False
0.607288 0.138220 -0.510680 False
0.607304 0.137654 -0.509593 False
0.607254 0.137536 -0.510078 False
0.607064 0.137667 -0.508469 False
0.607293 0.138229 -0.509747 False
0.607278 0.138136 -0.508959 False
0.606819 0.137938 -0.509636 False
0.606634 0.138820 -0.510072 False
0.607013 0.138830 -0.510271 False
0.607024 0.138633 -0.509175 False
0.607491 0.138829 -0.508523 False
0.607455 0.139645 -0.510132 False
0.605077 0.137997 -0.510497 False
0.604954 0.137516 -0.510121 False
0.606224 0.137366 -0.509728 False
0.606593 0.137635 -0.508712 False
0.606580 0.137221 -0.508473 False
0.605281 0.136854 -0.508851 False
0.605657 0.137430 -0.509636 False
0.606335 0.137799 -0.508932 False
0.605127 0.137036 -0.510195 False
0.604817 0.136834 -0.510642 False
0.605773 0.137417 -0.510342 False
0.605350 0.136739 -0.509598 False
0.605707 0.136552 -0.508751 False
0.606140 0.136565 -0.509112 False
0.606157 0.136760 -0.509173 False
0.606259 0.136854 -0.509885 False
0.606300 0.137010 -0.509971 False
0.606393 0.136674 -0.508499 False
0.606001 0.136935 -0.510038 False
0.606373 0.138332 -0.509032 False
0.606088 0.138335 -0.509491 False
0.606384 0.138526 -0.509127 False
0.606917 0.139307 -0.509333 False
0.607065 0.138480 -0.510511 False
0.607349 0.137504 -0.510615 False
0.607072 0.137402 -0.509761 False
0.606402 0.137896 -0.510503 False
0.606520 0.137672 -0.510222 False
0.605082 0.137727 -0.510285 False
0.604870 0.137224 -0.510350 False
0.605132 0.138230 -0.510553 False
0.604750 0.136606 -0.510237 False
0.603602 0.135347 -0.510247 False
0.606105 0.136574 -0.510971 False
0.607097 0.138187 -0.511165 False
0.605628 0.138809 -0.510819 False
0.606237 0.138109 -0.510807 False
0.605090 0.137023 -0.510374 False
0.606351 0.137303 -0.510445 False
0.606499 0.137263 -0.510463 False
0.606948 0.137381 -0.510333 False
0.607083 0.137854 -0.508835 False
0.606553 0.137864 -0.508970 False
0.606255 0.136981 -0.509347 False
0.605635 0.137293 -0.510167 False
0.605269 0.137322 -0.510263 False
0.606539 0.137563 -0.508662 False
0.606901 0.138633 -0.510163 False
0.606472 0.138194 -0.510469 False
0.606873 0.137593 -0.510176 False
0.607060 0.137909 -0.509607 False
0.607246 0.137623 -0.510492 False
0.607588 0.137693 -0.509917 False
0.607548 0.138274 -0.510614 False
0.608039 0.138324 -0.510274 False
0.607991 0.138536 -0.509265 False
0.607899 0.137920 -0.509614 False
0.607650 0.138368 -0.509772 False
0.607764 0.138647 -0.510331 False
0.608095 0.139151 -0.509226 False
0.607496 0.138327 -0.509464 False
0.607030 0.137829 -0.510278 False
0.607383 0.138282 -0.509817 False
0.607516 0.138377 -0.510263 False
0.607158 0.138806 -0.509505 False
0.607204 0.138264 -0.509187 False
0.607707 0.137935 -0.510150 False
0.608045 0.138707 -0.510578 False
0.607674 0.138376 -0.510617 False
0.607629 0.138393 -0.510575 False
0.607685 0.138237 -0.510177 False
0.607888 0.138285 -0.510650 False
0.607604 0.138672 -0.510693 False
0.607646 0.138735 -0.510329 False
0.607525 0.140063 -0.509454 False
0.607336 0.139486 -0.510384 False
0.607209 0.139605 -0.510179 False
0.607430 0.139453 -0.508503 False
0.607116 0.140947 -0.508809 False
0.606969 0.142463 -0.509337 False
0.607604 0.140396 -0.509891 False
0.607061 0.139472 -0.509363 False
0.607078 0.139575 -0.510344 False
0.607092 0.139254 -0.510055 False
0.607193 0.139271 -0.510291 False
0.607164 0.139572 -0.510572 False
0.606863 0.139153 -0.510503 False
0.607220 0.138730 -0.510528 False
0.607377 0.139019 -0.510670 False
0.606852 0.139035 -0.510209 False
0.607082 0.138812 -0.509669 False
0.607295 0.139485 -0.509747 False
0.607068 0.139261 -0.510377 False
0.607486 0.139184 -0.510251 False
0.607709 0.139136 -0.509731 False
0.607382 0.138980 -0.510324 False
0.607283 0.138442 -0.510754 False
0.607281 0.138672 -0.510872 False
0.608012 0.139396 -0.510892 False
0.607956 0.138894 -0.510905 False
0.607614 0.138374 -0.510943 False
0.606903 0.138474 -0.511068 False
0.607118 0.139293 -0.510825 False
0.607325 0.138675 -0.510344 False
0.607397 0.138497 -0.509637 False
0.607104 0.138423 -0.510511 False
0.607206 0.138307 -0.510588 False
0.606986 0.138561 -0.510016 False
0.607312 0.138979 -0.510643 False
0.607713 0.138768 -0.510975 False
0.607509 0.138141 -0.510702 False
0.606599 0.138009 -0.510393 False
0.606651 0.137445 -0.510366 False
0.607111 0.136884 -0.510072 False
0.607473 0.137436 -0.509749 False
0.607868 0.138024 -0.509607 False
0.607164 0.138803 -0.510003 False
0.606810 0.138530 -0.509307 False
0.606718 0.138802 -0.509560 False
0.606719 0.138092 -0.510590 False
0.606753 0.137174 -0.510517 False
0.606475 0.137493 -0.509278 False
0.606083 0.138635 -0.509815 False
0.606331 0.138392 -0.510380 False
0.606778 0.138397 -0.510508 False
0.606904 0.138098 -0.510457 False
0.606458 0.137504 -0.508766 False
0.606071 0.137867 -0.509459 False
0.606079 0.139234 -0.510154 False
0.606596 0.138863 -0.510313 False
0.606271 0.137680 -0.509139 False
0.606042 0.139001 -0.509677 False
0.605489 0.138416 -0.509113 False
0.604884 0.138949 -0.509990 False
0.605691 0.138937 -0.509312 False
0.605722 0.138732 -0.508536 False
0.605522 0.137331 -0.508909 False
0.606380 0.136321 -0.508795 False
0.606403 0.136423 -0.509445 False
0.606315 0.137794 -0.509323 False
0.606998 0.138889 -0.508912 False
0.606497 0.138950 -0.509136 False
0.606587 0.138235 -0.509214 False
0.606509 0.138317 -0.508888 False
0.606668 0.138233 -0.509231 False
0.607739 0.139081 -0.510241 False
0.607266 0.139566 -0.508970 False
0.607023 0.139712 -0.508589 False
0.606463 0.139186 -0.508783 False
0.604931 0.137239 -0.509442 False
0.605084 0.139089 -0.510083 False
0.606134 0.139783 -0.510132 False
0.605340 0.139722 -0.512901 False
0.604878 0.137261 -0.513241 False
0.605515 0.136907 -0.511637 False
0.606490 0.137998 -0.510784 False
0.607169 0.138723 -0.509535 False
0.606605 0.138785 -0.508715 False
0.606765 0.137789 -0.509575 False
0.607175 0.138119 -0.508830 False
0.607319 0.138870 -0.509727 False
0.607306 0.137476 -0.509084 False
0.606733 0.139813 -0.508868 False
0.606141 0.140103 -0.508169 False
0.605792 0.138745 -0.507987 False
0.605834 0.138522 -0.508456 False
0.605147 0.137597 -0.509990 False
0.606917 0.137797 -0.509026 False
0.607542 0.137848 -0.508849 False
0.607216 0.137712 -0.509625 False
0.607072 0.137199 -0.509979 False
0.605343 0.138277 -0.510428 False
0.606515 0.137678 -0.509642 False
0.607275 0.137363 -0.508172 False
0.607163 0.137461 -0.508630 False
0.607164 0.137520 -0.508508 False
0.607127 0.137648 -0.508259 False
0.607245 0.138067 -0.508536 False
0.607143 0.138026 -0.508829 False
0.607189 0.137462 -0.509650 False
0.607010 0.137481 -0.509655 False
0.607043 0.137492 -0.508493 False
0.607473 0.137476 -0.508467 False
0.607057 0.137433 -0.508528 False
0.606999 0.137914 -0.508713 False
0.607317 0.137747 -0.509184 False
0.607227 0.138145 -0.509298 False
0.607246 0.138411 -0.508924 False
0.607148 0.138417 -0.508719 False
0.607683 0.138303 -0.509903 False
0.607815 0.138473 -0.509108 False
0.608128 0.138623 -0.509506 False
0.607610 0.138637 -0.509477 False
0.605470 0.138522 -0.511770 False
0.607118 0.138440 -0.510673 False
0.607386 0.137940 -0.509204 False
0.607632 0.136852 -0.509449 False
0.607574 0.137071 -0.508817 False
0.607620 0.137251 -0.510112 False
0.607280 0.138010 -0.509442 False
0.607464 0.139136 -0.510854 False
0.607188 0.138236 -0.510365 False
0.607598 0.138329 -0.510924 False
0.607502 0.138224 -0.510872 False
0.606948 0.138939 -0.510971 False
0.606816 0.139025 -0.511122 False
0.606938 0.138627 -0.511128 False
0.606821 0.138537 -0.511395 False
0.607033 0.138668 -0.511080 False
0.606893 0.137707 -0.510980 False
0.606626 0.137560 -0.510771 False
0.607388 0.139959 -0.510692 False
0.606858 0.138700 -0.509981 False
0.606700 0.137776 -0.510106 False
0.607061 0.138458 -0.510973 False
0.607733 0.139174 -0.511270 False
0.607678 0.138661 -0.510825 False
0.606910 0.138385 -0.510166 False
0.606936 0.139175 -0.509798 False
0.606809 0.138060 -0.509195 False
0.607354 0.137633 -0.510294 False
0.606585 0.137502 -0.509799 False
0.607240 0.137471 -0.509567 False
0.606778 0.137459 -0.510576 False
0.606740 0.137583 -0.510791 False
0.606752 0.138702 -0.509515 False
0.606675 0.138624 -0.509487 False
0.606416 0.138721 -0.510708 False
0.606088 0.138770 -0.510513 False
0.607195 0.138824 -0.510517 False
0.607594 0.138024 -0.510781 False
0.607864 0.138483 -0.510606 False
0.606890 0.137831 -0.510432 False
0.607515 0.137789 -0.510306 False
0.607218 0.136677 -0.510718 False
0.605897 0.137079 -0.511133 False
0.607062 0.136715 -0.510382 False
0.606053 0.136964 -0.510390 False
0.606352 0.138378 -0.510357 False
0.607826 0.137748 -0.510417 False
0.607494 0.137513 -0.510677 False
0.605551 0.137348 -0.511624 False
0.606066 0.136996 -0.511403 False
0.604841 0.137429 -0.511068 False
0.605624 0.138505 -0.509878 False
0.606634 0.138061 -0.511157 False
0.607359 0.138956 -0.511563 False
0.608618 0.139175 -0.510992 False
0.608381 0.139143 -0.510778 False
0.608618 0.139445 -0.510763 False
0.608812 0.139075 -0.510649 False
0.607206 0.138109 -0.510503 False
0.607202 0.137035 -0.510266 False
0.607133 0.137418 -0.510567 False
0.607968 0.137698 -0.510395 False
0.607750 0.137354 -0.510229 False
0.607130 0.137160 -0.509511 False
0.607408 0.136212 -0.510627 False
0.607544 0.136993 -0.509905 False
0.607334 0.137276 -0.510529 False
0.607490 0.136968 -0.509716 False
0.607691 0.137264 -0.510312 False
0.607143 0.137059 -0.509461 False
0.607160 0.137440 -0.510836 False
0.606969 0.137094 -0.509472 False
0.607095 0.137580 -0.510250 False
0.607839 0.138815 -0.509953 False
0.607925 0.137432 -0.509385 False
0.607743 0.138127 -0.509421 False
0.607906 0.138116 -0.510042 False
0.606892 0.138432 -0.509325 False
0.607419 0.138579 -0.509018 False
0.606930 0.138472 -0.509261 False
0.607372 0.138355 -0.509446 False
0.607815 0.138668 -0.509695 False
0.607849 0.138554 -0.509681 False
0.607149 0.139287 -0.509214 False
0.607282 0.138583 -0.509762 False
0.607827 0.138681 -0.510563 False
0.607458 0.138293 -0.510907 False
0.607667 0.138078 -0.511257 False
0.607806 0.137591 -0.511591 False
0.606840 0.137376 -0.513241 False
0.606872 0.137592 -0.511587 False
0.607244 0.137431 -0.510422 False
0.607416 0.137073 -0.509805 False
0.607249 0.137348 -0.509234 False
0.607326 0.137295 -0.510529 False
0.607526 0.137453 -0.510885 False
0.607655 0.138089 -0.510926 False
0.607548 0.137617 -0.510822 False
0.607400 0.137300 -0.510274 False
0.607432 0.137271 -0.510090 False
0.606920 0.137507 -0.509157 False
0.606265 0.138352 -0.510250 False
0.606288 0.137720 -0.510825 False
0.607000 0.137396 -0.510529 False
0.607302 0.136887 -0.510238 False
0.607366 0.137327 -0.510834 False
0.607195 0.137375 -0.510932 False
0.607455 0.137135 -0.510885 False
0.607271 0.138220 -0.510818 False
0.607226 0.137486 -0.510996 False
0.606590 0.137093 -0.510836 False
0.606039 0.135704 -0.511091 False
0.606234 0.135929 -0.511202 False
0.606697 0.136047 -0.511207 False
0.606375 0.136231 -0.511293 False
0.606949 0.137348 -0.510896 False
0.607081 0.136857 -0.510282 False
0.606679 0.137063 -0.510408 False
0.606866 0.137868 -0.509899 False
0.607064 0.137158 -0.509725 False
0.606669 0.137889 -0.509585 False
0.605966 0.138392 -0.509755 False
0.607086 0.136856 -0.510738 False
0.607382 0.137210 -0.509979 False
0.607516 0.137137 -0.510038 False
0.607280 0.138411 -0.509813 False
0.606493 0.137447 -0.509061 False
0.606731 0.136899 -0.510315 False
0.607132 0.137339 -0.510720 False
0.607075 0.137387 -0.510758 False
0.607068 0.137075 -0.510463 False
0.607231 0.137308 -0.509548 False
0.607258 0.137035 -0.510037 False
0.607038 0.137230 -0.509439 False
0.607220 0.136700 -0.508910 False
0.606804 0.136582 -0.509389 False
0.606726 0.136724 -0.509108 False
0.606855 0.137355 -0.508710 False
0.606939 0.137484 -0.508707 False
0.606836 0.137318 -0.508859 False
0.606552 0.136641 -0.509825 False
0.606735 0.137159 -0.510450 False
0.607258 0.136887 -0.510615 False
0.606850 0.137319 -0.510718 False
0.607070 0.137054 -0.510637 False
0.607146 0.135633 -0.510690 False
0.607329 0.136272 -0.510749 False
0.607500 0.136522 -0.510876 False
0.607312 0.136828 -0.510903 False
0.607192 0.137818 -0.510862 False
0.607191 0.138302 -0.510613 False
0.606929 0.137145 -0.509594 False
0.607215 0.137401 -0.510440 False
0.607971 0.137497 -0.510167 False
0.607485 0.137522 -0.508904 False
0.606762 0.137499 -0.508647 False
0.606918 0.137361 -0.508123 False
0.606802 0.136894 -0.509674 False
0.606443 0.137360 -0.510832 False
0.607208 0.137499 -0.510910 False
0.606994 0.137528 -0.510708 False
0.606901 0.137526 -0.509866 False
0.607607 0.137493 -0.510809 False
0.607589 0.137369 -0.511103 False
0.607181 0.137483 -0.511217 False
0.606713 0.136597 -0.511342 False
0.606740 0.137508 -0.511385 False
0.606847 0.137862 -0.511447 False
0.606267 0.137714 -0.511922 False
0.606064 0.133740 -0.507333 False
0.613671 0.119652 -0.479968 False
0.637158 0.069012 -0.393529 False
0.614775 0.119741 -0.480065 False
0.609008 0.136400 -0.506020 False
0.607013 0.139800 -0.511001 False
0.606944 0.139308 -0.511194 False
0.607288 0.138796 -0.510648 False
0.607248 0.138404 -0.510176 False
0.607131 0.137701 -0.509958 False
0.607075 0.137549 -0.510128 False
0.607429 0.137662 -0.510095 False
0.607061 0.138131 -0.509715 False
0.606916 0.137664 -0.509383 False
0.607270 0.137516 -0.509655 False
0.607093 0.137491 -0.509790 False
0.606624 0.138098 -0.509322 False
0.606352 0.137674 -0.509754 False
0.606326 0.137518 -0.509359 False
