0.693549 0.188825 -0.446781 False
0.694019 0.189482 -0.447108 False
0.694357 0.190115 -0.447353 False
0.694120 0.190774 -0.447239 False
0.693991 0.191245 -0.447197 False
0.693807 0.190669 -0.447161 False
0.693861 0.191409 -0.447020 False
0.694236 0.190889 -0.446508 False
0.694324 0.190519 -0.446855 False
0.694079 0.189963 -0.446891 False
0.694502 0.189552 -0.446384 False
0.694519 0.190189 -0.446822 False
0.694451 0.191344 -0.446872 False
0.694501 0.190962 -0.446594 False
0.694452 0.190848 -0.446715 False
0.694215 0.190390 -0.446799 False
0.694405 0.190790 -0.446446 False
0.694087 0.190784 -0.446761 False
0.694224 0.190413 -0.446669 False
0.693789 0.191111 -0.447563 False
0.693155 0.191835 -0.446967 False
0.693959 0.192743 -0.447279 False
0.694161 0.193133 -0.446875 False
0.693137 0.192173 -0.447356 False
0.693356 0.191795 -0.447677 False
0.693948 0.191769 -0.447751 False
0.692887 0.191708 -0.447747 False
0.692834 0.191567 -0.447985 False
0.692576 0.191138 -0.447720 False
0.692981 0.191275 -0.447584 False
0.693718 0.192008 -0.447328 False
0.694308 0.190181 -0.446659 False
0.694683 0.189638 -0.445799 False
0.694821 0.188225 -0.445494 False
0.695135 0.187895 -0.445620 False
0.694855 0.188127 -0.445509 False
0.694174 0.188537 -0.445429 False
0.694535 0.188212 -0.445475 False
0.694404 0.188303 -0.445475 False
0.694743 0.188504 -0.445709 False
0.694528 0.189474 -0.445865 False
0.694905 0.188581 -0.445833 False
0.694517 0.189420 -0.445988 False
0.694467 0.188804 -0.446028 False
0.694602 0.189362 -0.446048 False
0.694637 0.189552 -0.446118 False
0.694036 0.189695 -0.446357 False
0.694399 0.190003 -0.446116 False
0.694186 0.189138 -0.446042 False
0.694148 0.188481 -0.446021 False
0.694637 0.188499 -0.446021 False
0.694322 0.188873 -0.446029 False
0.693967 0.189487 -0.446033 False
0.694026 0.189560 -0.446039 False
0.694014 0.189604 -0.446034 False
0.694232 0.189294 -0.446032 False
0.694239 0.188523 -0.446031 False
0.694046 0.188389 -0.446030 False
0.694151 0.188598 -0.446033 False
0.694192 0.188383 -0.446044 False
0.694021 0.188498 -0.446142 False
0.694599 0.189217 -0.446449 False
0.694410 0.189427 -0.446514 False
0.694749 0.190377 -0.446459 False
0.694488 0.189465 -0.446250 False
0.694274 0.190072 -0.446616 False
0.693802 0.189988 -0.446632 False
0.693788 0.190452 -0.446295 False
0.693940 0.190106 -0.446133 False
0.693804 0.189845 -0.446244 False
0.694126 0.190116 -0.446433 False
0.693771 0.190504 -0.446379 False
0.693844 0.189924 -0.446635 False
0.694034 0.190156 -0.446597 False
0.693918 0.190554 -0.446584 False
0.694119 0.189547 -0.446215 False
0.694578 0.189826 -0.446293 False
0.694823 0.189767 -0.446592 False
0.694385 0.189260 -0.446604 False
0.694122 0.190028 -0.446429 False
0.694745 0.190706 -0.446652 False
0.695021 0.190253 -0.446640 False
0.694704 0.190039 -0.446325 False
0.694488 0.189265 -0.446247 False
0.694706 0.189715 -0.446225 False
0.694277 0.190317 -0.446249 False
0.693899 0.189406 -0.446318 False
0.693640 0.189949 -0.446647 False
0.693521 0.190363 -0.446782 False
0.693275 0.190579 -0.446947 False
0.693250 0.190984 -0.446984 False
0.693359 0.190489 -0.446982 False
0.694396 0.190132 -0.446946 False
0.694646 0.190043 -0.446780 False
0.694483 0.190048 -0.446776 False
0.694429 0.190190 -0.446924 False
0.694448 0.191456 -0.446950 False
0.694446 0.190047 -0.446887 False
0.694396 0.189779 -0.446776 False
0.694298 0.190376 -0.446750 False
0.693998 0.190941 -0.446744 False
0.694412 0.190831 -0.446812 False
0.694314 0.189856 -0.447018 False
0.694125 0.189675 -0.446822 False
0.694465 0.189564 -0.446792 False
0.694394 0.189621 -0.446901 False
0.694125 0.189969 -0.446777 False
0.694514 0.190108 -0.446775 False
0.693997 0.189860 -0.446888 False
0.694417 0.191061 -0.446769 False
0.694114 0.191970 -0.446738 False
0.693842 0.190796 -0.446746 False
0.694155 0.190803 -0.446732 False
0.693856 0.190562 -0.446734 False
0.693757 0.190459 -0.446753 False
0.693673 0.190352 -0.446758 False
0.693524 0.190858 -0.446759 False
0.693337 0.191410 -0.446760 False
0.693539 0.192962 -0.446766 False
0.694019 0.191751 -0.446769 False
0.694123 0.192785 -0.446779 False
0.693597 0.193134 -0.446821 False
0.693924 0.191178 -0.446944 False
0.693776 0.190871 -0.446807 False
0.693660 0.191481 -0.446353 False
0.693721 0.191273 -0.446224 False
0.693713 0.190624 -0.446167 False
0.693798 0.190374 -0.446020 False
0.693317 0.190193 -0.446570 False
0.693591 0.190553 -0.446714 False
0.693559 0.191286 -0.446782 False
0.693611 0.191535 -0.446995 False
0.693999 0.190884 -0.447160 False
0.694052 0.190515 -0.447202 False
0.694083 0.190519 -0.447243 False
0.694154 0.190875 -0.447391 False
0.693744 0.190854 -0.447438 False
0.693745 0.191522 -0.447436 False
0.694128 0.191454 -0.447446 False
0.693924 0.191649 -0.447449 False
0.693665 0.191103 -0.447451 False
0.693568 0.191587 -0.447426 False
0.693390 0.191652 -0.447384 False
0.693650 0.191373 -0.447269 False
0.693695 0.191099 -0.447251 False
0.693512 0.191595 -0.447399 False
0.694221 0.192195 -0.447423 False
0.694343 0.192393 -0.447390 False
0.694382 0.191287 -0.447226 False
0.694266 0.191629 -0.447201 False
0.693965 0.191293 -0.447230 False
0.694196 0.191844 -0.447343 False
0.694055 0.191386 -0.447239 False
0.693726 0.192057 -0.447208 False
0.693874 0.192726 -0.447237 False
0.693742 0.191217 -0.447361 False
0.693736 0.191977 -0.447243 False
0.693939 0.190618 -0.447248 False
0.693636 0.190361 -0.447391 False
0.694362 0.190672 -0.447395 False
0.693967 0.190887 -0.447241 False
0.693952 0.190686 -0.447206 False
0.693559 0.191140 -0.447237 False
0.693676 0.191126 -0.447363 False
0.694107 0.192001 -0.447243 False
0.693919 0.191535 -0.447200 False
0.694005 0.191239 -0.447200 False
0.693585 0.191272 -0.447252 False
0.693316 0.191010 -0.447474 False
0.693467 0.190951 -0.447300 False
0.693739 0.190727 -0.447329 False
0.693698 0.191260 -0.447299 False
0.694040 0.191531 -0.447478 False
0.693618 0.191214 -0.447300 False
0.694043 0.191850 -0.447316 False
0.693647 0.192236 -0.447218 False
0.693240 0.192985 -0.447183 False
0.692966 0.192089 -0.447189 False
0.692882 0.191368 -0.447201 False
0.692798 0.191764 -0.447244 False
0.692820 0.191786 -0.447380 False
0.693375 0.191436 -0.447231 False
0.693406 0.191849 -0.447196 False
0.693048 0.192071 -0.447181 False
0.692983 0.191921 -0.447189 False
0.693136 0.193413 -0.447188 False
0.693213 0.191749 -0.447186 False
0.693175 0.191859 -0.447239 False
0.693079 0.191378 -0.447412 False
0.693212 0.191540 -0.447511 False
0.693330 0.190775 -0.447319 False
0.692914 0.190892 -0.447408 False
0.693118 0.191338 -0.447396 False
0.693207 0.192230 -0.447241 False
0.693350 0.191320 -0.447204 False
0.693781 0.190872 -0.447195 False
0.693492 0.190677 -0.447220 False
0.692933 0.191020 -0.447355 False
0.693018 0.191747 -0.447271 False
0.693329 0.192047 -0.447397 False
0.693125 0.191981 -0.447382 False
0.693253 0.191910 -0.447240 False
0.693452 0.191768 -0.447237 False
0.693263 0.192962 -0.447372 False
0.692999 0.191706 -0.447494 False
0.693432 0.192445 -0.447288 False
0.693056 0.192166 -0.447340 False
0.692909 0.191647 -0.447337 False
0.693252 0.191863 -0.447266 False
0.692864 0.191915 -0.447357 False
0.692754 0.191960 -0.447237 False
0.692935 0.191314 -0.447228 False
0.693045 0.191632 -0.447358 False
0.693324 0.191404 -0.447276 False
0.693224 0.191861 -0.447361 False
0.693103 0.192257 -0.447240 False
0.692853 0.192464 -0.447240 False
0.693111 0.191543 -0.447358 False
0.693200 0.191365 -0.447273 False
0.693263 0.191857 -0.447366 False
0.693405 0.192551 -0.447316 False
0.693080 0.192418 -0.447564 False
0.693045 0.192785 -0.447292 False
0.693164 0.192819 -0.447217 False
0.692895 0.192559 -0.447241 False
0.693090 0.191543 -0.447399 False
0.693057 0.191425 -0.447552 False
0.693168 0.191536 -0.447444 False
0.693172 0.191946 -0.447446 False
0.692998 0.191605 -0.447577 False
0.693323 0.191562 -0.447527 False
0.692997 0.191953 -0.447541 False
0.692899 0.191870 -0.447404 False
0.692649 0.191826 -0.447312 False
0.692900 0.191444 -0.447497 False
0.692893 0.191173 -0.447345 False
0.692651 0.191974 -0.447506 False
0.692887 0.192481 -0.447349 False
0.692892 0.191802 -0.447533 False
0.692709 0.191497 -0.447394 False
0.693231 0.191084 -0.447236 False
0.693071 0.191230 -0.447315 False
0.693800 0.191615 -0.447230 False
0.693561 0.192081 -0.447239 False
0.693036 0.192029 -0.447464 False
0.692821 0.192482 -0.447416 False
0.692951 0.191966 -0.447410 False
0.692807 0.191792 -0.447385 False
0.692897 0.191801 -0.446955 False
0.692805 0.191901 -0.447314 False
0.692977 0.192102 -0.447315 False
0.693139 0.192371 -0.447674 False
0.693190 0.192431 -0.447613 False
0.693224 0.193684 -0.447483 False
0.693224 0.192375 -0.447633 False
0.692718 0.191868 -0.447742 False
0.692901 0.191859 -0.447621 False
0.693002 0.192234 -0.447474 False
0.693213 0.192105 -0.447544 False
0.693700 0.192484 -0.447553 False
0.693887 0.191936 -0.447502 False
0.693289 0.191805 -0.447472 False
0.692935 0.191882 -0.447672 False
0.693298 0.192024 -0.447494 False
0.693607 0.191824 -0.447546 False
0.693455 0.191821 -0.447578 False
0.693821 0.192043 -0.447638 False
0.693365 0.192069 -0.447697 False
0.693293 0.192721 -0.447573 False
0.693516 0.192339 -0.447418 False
0.693070 0.193128 -0.447390 False
0.692933 0.193400 -0.447384 False
0.693490 0.192156 -0.447377 False
0.693263 0.191916 -0.447425 False
0.693128 0.192089 -0.447583 False
0.693191 0.192678 -0.447471 False
0.693201 0.192676 -0.447508 False
0.693185 0.192077 -0.447407 False
0.693018 0.191977 -0.447400 False
0.693019 0.192445 -0.447443 False
0.693278 0.191935 -0.447640 False
0.693126 0.191840 -0.447519 False
0.693305 0.191826 -0.447403 False
0.693124 0.192110 -0.447377 False
0.693312 0.192686 -0.447394 False
0.692996 0.192641 -0.447498 False
0.693528 0.191982 -0.447570 False
0.693440 0.191892 -0.447434 False
0.693196 0.192106 -0.447425 False
0.693020 0.192730 -0.447557 False
0.693113 0.193405 -0.447487 False
0.693010 0.192415 -0.447607 False
0.692856 0.191857 -0.447622 False
0.693157 0.191259 -0.447592 False
0.693423 0.191690 -0.447473 False
0.693816 0.191902 -0.447539 False
0.693404 0.192376 -0.447415 False
0.693442 0.191956 -0.447419 False
0.693529 0.191787 -0.447574 False
0.693449 0.191745 -0.447647 False
0.693201 0.191744 -0.447725 False
0.692905 0.191802 -0.447956 False
0.693269 0.192066 -0.447674 False
0.693212 0.192856 -0.447478 False
0.693796 0.192075 -0.447544 False
0.693723 0.191837 -0.447455 False
0.693255 0.191934 -0.447551 False
0.692948 0.192052 -0.447423 False
0.693174 0.192574 -0.447419 False
0.693359 0.192376 -0.447529 False
0.692999 0.193012 -0.447430 False
0.693328 0.192152 -0.447425 False
0.693026 0.191936 -0.447578 False
0.693399 0.191782 -0.447586 False
0.693725 0.191767 -0.447418 False
0.693761 0.191819 -0.447393 False
0.693660 0.191775 -0.447463 False
0.693201 0.191780 -0.447601 False
0.693145 0.191802 -0.447637 False
0.693522 0.191842 -0.447626 False
0.693244 0.191981 -0.447628 False
0.693129 0.192071 -0.447631 False
0.693392 0.191900 -0.447638 False
0.693281 0.191859 -0.447587 False
0.693126 0.191866 -0.447466 False
0.693465 0.192080 -0.447604 False
0.693655 0.193084 -0.447673 False
0.692921 0.192834 -0.447784 False
0.693295 0.192512 -0.447746 False
0.693062 0.193647 -0.447624 False
0.693139 0.192272 -0.447472 False
0.693102 0.192101 -0.447597 False
0.692802 0.192457 -0.447634 False
0.692958 0.192042 -0.447638 False
0.693363 0.192411 -0.447666 False
0.693135 0.194027 -0.447715 False
0.693019 0.192417 -0.447513 False
0.693054 0.192550 -0.447609 False
0.692856 0.194672 -0.447632 False
0.693141 0.194402 -0.447600 False
0.693193 0.193097 -0.447472 False
0.693166 0.192451 -0.447601 False
0.692989 0.192562 -0.447636 False
0.692988 0.192835 -0.447628 False
0.693748 0.193683 -0.447614 False
0.693455 0.193720 -0.447574 False
0.692854 0.193328 -0.447683 False
0.693307 0.193815 -0.447456 False
0.693469 0.192314 -0.447436 False
0.693556 0.192217 -0.447545 False
0.693104 0.192465 -0.447471 False
0.693117 0.192063 -0.447558 False
0.693513 0.192446 -0.447438 False
0.693315 0.193485 -0.447442 False
0.693404 0.192848 -0.447587 False
0.693326 0.192081 -0.447628 False
0.693588 0.192224 -0.447590 False
0.693312 0.192383 -0.447469 False
0.693267 0.192368 -0.447596 False
0.693320 0.192161 -0.447622 False
0.692988 0.192413 -0.447626 False
0.692729 0.194008 -0.447629 False
0.692620 0.192798 -0.447646 False
0.692952 0.192605 -0.447708 False
0.692784 0.191950 -0.447649 False
0.692940 0.191858 -0.447640 False
0.693113 0.192207 -0.447630 False
0.692831 0.193351 -0.447642 False
0.692982 0.192694 -0.447660 False
0.693335 0.193577 -0.447751 False
0.693380 0.192738 -0.447669 False
0.693727 0.192144 -0.447634 False
0.693256 0.192640 -0.447641 False
0.692906 0.192694 -0.447657 False
0.693204 0.192274 -0.447746 False
0.693154 0.192048 -0.447660 False
0.693052 0.192780 -0.447743 False
0.693150 0.193852 -0.447622 False
0.693253 0.192907 -0.447442 False
0.693729 0.193785 -0.447467 False
0.693433 0.193041 -0.447581 False
0.693375 0.192751 -0.447575 False
0.693365 0.192130 -0.447464 False
0.693074 0.192644 -0.447572 False
0.693169 0.192872 -0.447551 False
0.693183 0.194356 -0.447473 False
0.693258 0.192737 -0.447596 False
0.693446 0.192364 -0.447618 False
0.693388 0.192643 -0.447588 False
0.693746 0.192395 -0.447469 False
0.693478 0.191922 -0.447582 False
0.693882 0.191968 -0.447575 False
0.693632 0.192445 -0.447419 False
0.693390 0.191939 -0.447375 False
0.693407 0.191885 -0.447389 False
0.693440 0.192230 -0.447417 False
0.693687 0.192068 -0.447537 False
0.693282 0.192438 -0.447434 False
0.692800 0.193221 -0.447433 False
0.693291 0.193085 -0.447588 False
0.693472 0.193386 -0.447589 False
0.693662 0.192249 -0.447490 False
0.693482 0.192117 -0.447622 False
0.693101 0.192087 -0.447661 False
0.693207 0.192833 -0.447409 False
0.693160 0.192804 -0.447352 False
0.692965 0.192179 -0.447394 False
0.692739 0.192522 -0.447347 False
0.692569 0.192706 -0.446778 False
0.692882 0.192875 -0.447213 False
0.693083 0.192549 -0.447272 False
0.692981 0.191999 -0.446782 False
0.692930 0.192088 -0.447274 False
0.692852 0.191843 -0.447523 False
0.692643 0.191885 -0.447546 False
0.693077 0.192368 -0.447421 False
0.693276 0.192642 -0.447351 False
0.693170 0.192851 -0.447402 False
0.692984 0.193717 -0.447529 False
0.693316 0.192328 -0.447454 False
0.693082 0.192461 -0.447587 False
0.693456 0.193950 -0.447619 False
0.693767 0.193154 -0.447602 False
0.693146 0.192680 -0.447488 False
0.693011 0.194376 -0.447622 False
0.693136 0.193073 -0.447706 False
0.693030 0.192141 -0.447645 False
0.692971 0.192300 -0.447627 False
0.692955 0.191909 -0.447594 False
0.693295 0.192096 -0.447437 False
0.693477 0.193141 -0.447420 False
0.693506 0.192248 -0.447567 False
0.693447 0.192744 -0.447584 False
0.693851 0.194724 -0.447474 False
0.693573 0.194773 -0.447532 False
0.694027 0.192494 -0.447384 False
0.693785 0.192053 -0.447289 False
0.693558 0.192599 -0.447517 False
0.693643 0.191757 -0.447453 False
0.693380 0.191773 -0.447548 False
0.693196 0.192145 -0.447465 False
0.693620 0.193442 -0.447596 False
0.693005 0.192580 -0.447616 False
0.692594 0.193431 -0.447564 False
0.692833 0.192594 -0.447415 False
0.692913 0.191980 -0.447376 False
0.692910 0.191779 -0.447377 False
0.693206 0.191941 -0.447414 False
0.693112 0.192675 -0.447542 False
0.693266 0.193532 -0.447461 False
0.693227 0.193311 -0.447562 False
0.693163 0.194356 -0.447464 False
0.693074 0.192438 -0.447557 False
0.693105 0.192063 -0.447430 False
0.692960 0.192770 -0.447393 False
0.692749 0.192953 -0.447432 False
0.692852 0.192842 -0.447558 False
0.693483 0.192567 -0.447436 False
0.693307 0.192204 -0.447424 False
0.693367 0.192125 -0.447580 False
0.693791 0.193156 -0.447616 False
0.693860 0.194254 -0.447586 False
0.693418 0.192356 -0.447463 False
0.693199 0.191901 -0.447569 False
0.693037 0.192277 -0.447570 False
0.692944 0.193928 -0.447631 False
0.693126 0.192531 -0.447716 False
0.693277 0.192817 -0.447920 False
0.693637 0.192349 -0.447505 False
0.693547 0.193347 -0.447390 False
0.693375 0.192944 -0.447412 False
0.693709 0.192760 -0.447542 False
0.693868 0.193754 -0.447409 False
0.693448 0.194077 -0.447371 False
0.693338 0.192717 -0.447377 False
0.693038 0.191960 -0.447422 False
0.693746 0.192172 -0.447580 False
0.693543 0.193556 -0.447585 False
0.693568 0.193903 -0.447424 False
0.693835 0.193783 -0.447386 False
0.693610 0.192449 -0.447414 False
0.693523 0.191933 -0.447531 False
0.693283 0.192067 -0.447419 False
0.693015 0.191884 -0.447394 False
0.693091 0.192025 -0.447376 False
0.693020 0.191850 -0.447367 False
0.693090 0.191802 -0.447370 False
0.693438 0.191826 -0.447373 False
0.693426 0.191996 -0.447410 False
0.693316 0.192666 -0.447541 False
0.693581 0.192005 -0.447424 False
0.693716 0.191881 -0.447423 False
0.693563 0.192101 -0.447547 False
0.693262 0.191830 -0.447456 False
0.693656 0.191747 -0.447562 False
0.693730 0.191749 -0.447495 False
0.693707 0.191923 -0.447412 False
0.693546 0.192611 -0.447387 False
0.693266 0.193187 -0.447418 False
0.693201 0.192758 -0.447541 False
0.692888 0.193349 -0.447407 False
0.693082 0.192483 -0.447311 False
0.692948 0.192270 -0.447512 False
0.693625 0.193389 -0.447414 False
0.693265 0.193024 -0.447400 False
0.692969 0.192058 -0.447430 False
0.692877 0.191950 -0.447591 False
0.693408 0.192355 -0.447580 False
0.693554 0.192228 -0.447415 False
0.693133 0.193010 -0.447371 False
0.693405 0.192185 -0.447372 False
0.693326 0.192144 -0.447391 False
0.693158 0.192007 -0.447430 False
0.692948 0.192451 -0.447596 False
0.692845 0.192598 -0.447601 False
0.693162 0.193417 -0.447449 False
0.692812 0.192851 -0.447398 False
0.692803 0.192729 -0.447378 False
0.692574 0.192453 -0.447390 False
0.692800 0.193588 -0.447415 False
0.692952 0.193065 -0.447552 False
0.692561 0.192609 -0.447451 False
0.693279 0.192243 -0.447507 False
0.693398 0.192728 -0.447428 False
0.693591 0.192953 -0.447447 False
0.693740 0.192599 -0.447598 False
0.693647 0.192224 -0.447575 False
0.693357 0.192907 -0.447355 False
0.693412 0.192178 -0.447557 False
0.693276 0.192698 -0.447619 False
0.693003 0.192723 -0.447637 False
0.692270 0.195895 -0.447613 False
0.689355 0.202453 -0.447629 False
0.692271 0.195507 -0.447580 False
0.692522 0.193039 -0.447413 False
0.692892 0.192610 -0.447394 False
0.693399 0.192364 -0.447441 False
0.693407 0.193695 -0.447665 False
0.693481 0.193095 -0.447658 False
0.693628 0.191932 -0.447658 False
0.693365 0.192120 -0.447637 False
0.692932 0.192163 -0.447589 False
0.693184 0.192014 -0.447438 False
0.692867 0.192470 -0.447378 False
0.693088 0.191986 -0.447377 False
0.693549 0.192139 -0.447391 False
0.693343 0.192287 -0.447389 False
0.692681 0.193672 -0.447351 False
0.692836 0.194412 -0.447219 False
0.692760 0.195590 -0.447338 False
0.692245 0.192778 -0.447383 False
0.692491 0.192396 -0.447380 False
0.691765 0.192748 -0.447378 False
0.692166 0.192599 -0.447384 False
0.692540 0.192461 -0.447421 False
0.692416 0.192874 -0.447507 False
0.693608 0.192908 -0.447423 False
0.692912 0.192870 -0.447393 False
0.692766 0.192095 -0.447384 False
0.692876 0.192169 -0.447375 False
0.692531 0.192324 -0.447370 False
0.692941 0.193844 -0.447375 False
0.693118 0.193230 -0.447379 False
0.693038 0.192856 -0.447388 False
0.693042 0.192255 -0.447374 False
0.693225 0.193076 -0.447380 False
0.692923 0.193622 -0.447375 False
0.693212 0.193370 -0.447377 False
0.693012 0.192482 -0.447426 False
0.693171 0.192186 -0.447559 False
0.693243 0.191978 -0.447441 False
0.693494 0.192749 -0.447437 False
0.693563 0.192494 -0.447594 False
0.693687 0.192219 -0.447592 False
0.693192 0.192979 -0.447421 False
0.693161 0.192062 -0.447384 False
0.693058 0.191833 -0.447395 False
0.693648 0.191812 -0.447390 False
0.693464 0.192047 -0.447378 False
0.692969 0.192160 -0.447386 False
0.692360 0.192183 -0.447434 False
0.692903 0.193213 -0.447554 False
0.693322 0.194070 -0.447422 False
0.693117 0.192392 -0.447383 False
0.693142 0.192208 -0.447375 False
0.692978 0.192572 -0.447373 False
0.693188 0.192482 -0.447369 False
0.693882 0.192307 -0.447375 False
0.693841 0.192369 -0.447379 False
0.693794 0.192745 -0.447390 False
0.693172 0.193675 -0.447383 False
0.693294 0.193220 -0.447393 False
0.693354 0.192120 -0.447392 False
0.692870 0.191836 -0.447380 False
0.692792 0.191870 -0.447380 False
0.693810 0.192111 -0.447389 False
0.694041 0.192157 -0.447384 False
0.693802 0.191969 -0.447393 False
0.693497 0.192298 -0.447394 False
0.693558 0.192203 -0.447385 False
0.693644 0.192266 -0.447388 False
0.693421 0.192498 -0.447354 False
0.693533 0.194191 -0.447226 False
0.693207 0.192425 -0.447343 False
0.693424 0.192061 -0.447296 False
0.693325 0.191791 -0.447077 False
0.693080 0.191892 -0.447323 False
0.693353 0.192567 -0.447472 False
0.693174 0.193820 -0.447372 False
0.693305 0.192458 -0.447244 False
0.693439 0.192560 -0.447353 False
0.693768 0.191872 -0.447377 False
0.693971 0.192061 -0.447393 False
0.693565 0.192060 -0.447401 False
0.692953 0.192956 -0.447427 False
0.692860 0.193959 -0.447510 False
0.693014 0.192973 -0.447413 False
0.692748 0.192216 -0.447394 False
0.692038 0.192756 -0.447381 False
0.692152 0.192527 -0.447387 False
0.692421 0.193115 -0.447375 False
0.693469 0.193998 -0.447385 False
0.692755 0.194648 -0.447390 False
0.692724 0.192779 -0.447380 False
0.692540 0.192293 -0.447380 False
0.692818 0.193448 -0.447389 False
0.693409 0.193603 -0.447380 False
0.692661 0.192796 -0.447380 False
0.692693 0.193152 -0.447391 False
0.692721 0.192403 -0.447393 False
0.692971 0.192514 -0.447397 False
0.692974 0.192472 -0.447420 False
0.693156 0.192283 -0.447548 False
0.693549 0.193287 -0.447477 False
0.693285 0.192160 -0.447569 False
0.692858 0.192077 -0.447434 False
0.693081 0.192981 -0.447386 False
0.693148 0.193238 -0.447384 False
0.693083 0.192538 -0.447382 False
0.693219 0.193610 -0.447424 False
0.693012 0.192674 -0.447585 False
0.692990 0.192632 -0.447584 False
0.693402 0.192935 -0.447429 False
0.693523 0.192124 -0.447428 False
0.693014 0.192198 -0.447588 False
0.693367 0.192147 -0.447619 False
0.693184 0.191833 -0.447602 False
0.692635 0.191755 -0.447425 False
0.693339 0.191781 -0.447380 False
0.693518 0.191893 -0.447388 False
0.693693 0.192207 -0.447429 False
0.693261 0.193555 -0.447544 False
0.693442 0.193301 -0.447444 False
0.693187 0.192121 -0.447434 False
0.693190 0.191873 -0.447561 False
0.693217 0.192079 -0.447438 False
0.693295 0.191916 -0.447399 False
0.692884 0.191839 -0.447380 False
0.693165 0.191840 -0.447357 False
0.693199 0.191834 -0.447318 False
0.693541 0.191869 -0.447529 False
0.693268 0.192240 -0.447431 False
0.693701 0.192175 -0.447373 False
0.693058 0.193159 -0.447247 False
0.693141 0.193070 -0.447347 False
0.693168 0.194095 -0.447346 False
0.692728 0.193711 -0.446939 False
0.692946 0.194246 -0.447272 False
0.692919 0.192886 -0.447377 False
0.692239 0.192976 -0.447396 False
0.692540 0.192558 -0.447384 False
0.692421 0.192062 -0.447379 False
0.692314 0.192334 -0.447376 False
0.692594 0.192042 -0.447374 False
0.693086 0.192384 -0.447370 False
0.692858 0.192295 -0.447376 False
0.692626 0.193402 -0.447394 False
0.692839 0.192686 -0.447424 False
0.692804 0.192180 -0.447553 False
0.693114 0.191911 -0.447438 False
0.693173 0.192163 -0.447426 False
0.693500 0.192258 -0.447547 False
0.693601 0.192321 -0.447461 False
0.693694 0.192335 -0.447583 False
0.693880 0.191891 -0.447466 False
0.693555 0.191862 -0.447557 False
0.693618 0.192229 -0.447479 False
0.693214 0.192766 -0.447607 False
0.692821 0.192075 -0.447631 False
0.693126 0.192118 -0.447594 False
0.693229 0.191981 -0.447430 False
0.693025 0.192563 -0.447379 False
0.693301 0.193727 -0.447366 False
0.693358 0.192355 -0.447373 False
0.693388 0.192136 -0.447378 False
0.693280 0.192347 -0.447389 False
0.692659 0.192052 -0.447380 False
0.692485 0.192591 -0.447380 False
0.692336 0.193082 -0.447390 False
0.692758 0.193077 -0.447383 False
0.693079 0.192604 -0.447388 False
0.693338 0.193028 -0.447373 False
0.693492 0.193771 -0.447375 False
0.693293 0.192424 -0.447376 False
0.692943 0.192854 -0.447376 False
0.692956 0.195821 -0.447377 False
0.692857 0.193076 -0.447379 False
0.692839 0.193062 -0.447389 False
0.692877 0.192032 -0.447383 False
0.692822 0.191894 -0.447393 False
0.693332 0.192249 -0.447396 False
0.693387 0.192662 -0.447393 False
0.693031 0.192215 -0.447383 False
0.693185 0.192817 -0.447374 False
0.692999 0.192547 -0.447378 False
0.692905 0.192353 -0.447422 False
0.692905 0.192428 -0.447593 False
0.693281 0.192340 -0.447644 False
0.693275 0.192718 -0.447655 False
0.693115 0.192315 -0.447634 False
0.693434 0.191984 -0.447600 False
0.693537 0.192388 -0.447432 False
0.693503 0.192755 -0.447441 False
0.693251 0.193648 -0.447591 False
0.693430 0.193074 -0.447593 False
0.693345 0.192873 -0.447468 False
0.693472 0.192650 -0.447553 False
0.693381 0.192060 -0.447424 False
0.693340 0.192199 -0.447423 False
0.693341 0.193229 -0.447541 False
0.693433 0.192518 -0.447420 False
0.693826 0.192308 -0.447402 False
0.693551 0.192585 -0.447431 False
0.693313 0.192256 -0.447547 False
0.693741 0.192073 -0.447446 False
0.693942 0.192969 -0.447533 False
0.693613 0.196557 -0.447419 False
0.693909 0.194199 -0.447894 False
0.693646 0.192747 -0.447693 False
0.693592 0.191965 -0.447768 False
0.693618 0.192064 -0.447718 False
0.693660 0.192052 -0.447500 False
0.693923 0.192813 -0.447624 False
0.693634 0.192638 -0.447748 False
0.693587 0.192127 -0.447625 False
0.694016 0.192646 -0.447448 False
0.694138 0.193468 -0.447460 False
0.694140 0.192410 -0.447318 False
0.694011 0.192299 -0.447560 False
0.693520 0.192400 -0.447616 False
0.693429 0.192244 -0.447584 False
0.693251 0.192112 -0.447417 False
0.693025 0.192674 -0.447382 False
0.693317 0.191978 -0.447389 False
0.693432 0.191784 -0.447384 False
0.692711 0.191804 -0.447364 False
0.692952 0.192050 -0.447328 False
0.692994 0.192271 -0.447218 False
0.692577 0.192436 -0.447335 False
0.692697 0.192170 -0.447372 False
0.692822 0.192866 -0.447391 False
0.693028 0.192659 -0.447404 False
0.693806 0.192080 -0.447455 False
0.693569 0.192344 -0.447668 False
0.693294 0.192373 -0.447454 False
0.693095 0.192239 -0.447408 False
0.693506 0.193197 -0.447431 False
0.692894 0.192306 -0.447539 False
0.692691 0.192262 -0.447417 False
0.693283 0.193177 -0.447381 False
0.693266 0.192150 -0.447375 False
0.692961 0.191858 -0.447374 False
0.692628 0.191886 -0.447375 False
0.693089 0.192366 -0.447378 False
0.692948 0.192556 -0.447390 False
0.692723 0.192359 -0.447398 False
0.692490 0.192496 -0.447431 False
0.693134 0.193343 -0.447572 False
0.693544 0.192495 -0.447560 False
0.693736 0.191996 -0.447493 False
0.693501 0.191989 -0.447638 False
0.692816 0.191861 -0.447457 False
0.691458 0.192245 -0.447405 False
0.692654 0.193530 -0.447390 False
0.692832 0.193563 -0.447339 False
0.693068 0.192523 -0.447244 False
0.693389 0.192988 -0.447342 False
0.693150 0.192132 -0.447371 False
0.693018 0.191912 -0.447376 False
0.693064 0.192006 -0.447375 False
0.693283 0.192091 -0.447378 False
0.692624 0.193193 -0.447421 False
0.692393 0.194496 -0.447511 False
0.692269 0.193000 -0.447422 False
0.692496 0.193118 -0.447392 False
0.692766 0.193499 -0.447420 False
0.692667 0.192400 -0.447505 False
0.692604 0.192856 -0.447421 False
0.693375 0.192532 -0.447388 False
0.692831 0.192797 -0.447394 False
0.692813 0.191995 -0.447377 False
0.692922 0.191842 -0.447372 False
0.693147 0.192092 -0.447396 False
0.692351 0.192116 -0.447436 False
0.692520 0.193079 -0.447558 False
0.692264 0.193522 -0.447450 False
0.692409 0.192441 -0.447444 False
0.692550 0.193129 -0.447550 False
0.692870 0.193773 -0.447430 False
0.693393 0.194642 -0.447383 False
0.693371 0.193112 -0.447379 False
0.693020 0.192755 -0.447409 False
0.693113 0.192120 -0.447535 False
0.693252 0.192242 -0.447421 False
0.692842 0.192188 -0.447388 False
0.692917 0.193386 -0.447423 False
0.692342 0.194977 -0.447581 False
0.692271 0.194770 -0.447594 False
0.692576 0.193483 -0.447436 False
0.693246 0.192285 -0.447394 False
0.692505 0.191870 -0.447377 False
0.692973 0.191928 -0.447386 False
0.692703 0.192830 -0.447419 False
0.692673 0.194908 -0.447550 False
0.693147 0.193000 -0.447461 False
0.692779 0.192524 -0.447545 False
0.692423 0.192819 -0.447422 False
0.692787 0.192318 -0.447381 False
0.693250 0.192121 -0.447378 False
0.693328 0.193055 -0.447381 False
0.693141 0.193676 -0.447432 False
0.692659 0.193541 -0.447604 False
0.692712 0.193955 -0.447681 False
0.692798 0.193694 -0.447492 False
0.692456 0.192261 -0.447557 False
0.692778 0.192033 -0.447425 False
0.692686 0.192345 -0.447426 False
0.692788 0.192207 -0.447529 False
0.692558 0.191926 -0.447413 False
0.692530 0.192124 -0.447386 False
0.692854 0.192326 -0.447415 False
0.692995 0.192061 -0.447537 False
0.692324 0.192409 -0.447428 False
0.693389 0.192517 -0.447400 False
0.693541 0.191975 -0.447449 False
0.693273 0.191868 -0.447675 False
0.692501 0.191882 -0.447610 False
0.692905 0.192132 -0.447429 False
0.692539 0.192648 -0.447388 False
0.692288 0.193366 -0.447387 False
0.692338 0.192468 -0.447411 False
0.692841 0.191990 -0.447424 False
0.693004 0.192125 -0.447549 False
0.693032 0.193205 -0.447465 False
0.692543 0.192508 -0.447585 False
0.692301 0.192384 -0.447588 False
0.692400 0.192665 -0.447462 False
0.692945 0.193306 -0.447544 False
0.692773 0.192305 -0.447459 False
0.692084 0.192296 -0.447584 False
0.692227 0.192449 -0.447626 False
0.692978 0.192147 -0.447595 False
0.692975 0.192735 -0.447438 False
0.692757 0.192113 -0.447389 False
0.692496 0.192266 -0.447377 False
0.692342 0.191953 -0.447385 False
0.692423 0.191850 -0.447393 False
0.692011 0.192000 -0.447392 False
0.692216 0.192692 -0.447381 False
0.692899 0.192057 -0.447382 False
0.692602 0.191836 -0.447378 False
0.692230 0.192034 -0.447387 False
0.692246 0.192773 -0.447427 False
0.692376 0.193312 -0.447430 False
0.691914 0.193645 -0.447539 False
0.691821 0.192482 -0.447417 False
0.691982 0.191887 -0.447381 False
0.692710 0.191924 -0.447379 False
0.693254 0.192440 -0.447400 False
0.692832 0.193411 -0.447418 False
0.692903 0.192863 -0.447497 False
0.692833 0.192732 -0.447406 False
0.692816 0.192821 -0.447380 False
0.692275 0.192120 -0.447379 False
0.692258 0.192393 -0.447384 False
0.692479 0.192345 -0.447420 False
0.692220 0.193450 -0.447572 False
0.692109 0.192821 -0.447712 False
0.692387 0.192558 -0.447612 False
0.692433 0.192661 -0.448076 False
0.691979 0.192869 -0.448234 False
0.692452 0.193554 -0.447865 False
0.692094 0.192776 -0.447980 False
0.692532 0.192167 -0.447816 False
0.692410 0.192348 -0.448108 False
0.692471 0.192007 -0.448364 False
0.692659 0.192324 -0.448371 False
0.692431 0.192127 -0.448211 False
0.692747 0.192622 -0.448172 False
0.692540 0.193144 -0.448210 False
0.692508 0.193037 -0.448387 False
0.692605 0.193729 -0.448417 False
0.692354 0.192886 -0.448415 False
0.692950 0.192572 -0.448386 False
0.692618 0.192289 -0.448248 False
0.692989 0.192534 -0.448330 False
0.692436 0.192670 -0.448252 False
0.692388 0.192828 -0.448406 False
0.692779 0.193337 -0.448518 False
0.692796 0.192330 -0.448354 False
0.692690 0.192587 -0.448197 False
0.692854 0.192863 -0.448191 False
0.693195 0.192153 -0.448283 False
0.692566 0.192382 -0.448222 False
0.692632 0.192114 -0.448307 False
0.692366 0.192368 -0.448372 False
0.692111 0.191978 -0.448254 False
0.692062 0.191810 -0.448345 False
0.692342 0.191830 -0.448244 False
0.692506 0.191776 -0.448347 False
0.692769 0.191856 -0.448300 False
0.692838 0.192238 -0.448526 False
0.692199 0.192407 -0.448507 False
0.692094 0.192657 -0.448222 False
0.692410 0.192172 -0.448181 False
0.692397 0.192472 -0.448211 False
0.692352 0.192487 -0.448380 False
0.692640 0.192917 -0.448373 False
0.692157 0.192183 -0.448252 False
0.692576 0.192479 -0.448369 False
0.692694 0.192435 -0.448361 False
0.692563 0.192682 -0.448200 False
0.692572 0.192991 -0.448158 False
0.692640 0.192583 -0.448158 False
0.692651 0.192057 -0.448161 False
0.692769 0.192123 -0.448163 False
0.692879 0.192883 -0.448161 False
0.693170 0.192686 -0.448168 False
0.692466 0.192553 -0.448156 False
0.692334 0.192390 -0.448071 False
0.692581 0.193462 -0.447754 False
0.692844 0.192835 -0.447743 False
0.693228 0.192706 -0.447991 False
0.692852 0.193039 -0.447821 False
0.692594 0.194368 -0.447777 False
0.692723 0.194154 -0.448103 False
0.692759 0.192537 -0.448242 False
0.692611 0.192534 -0.447928 False
0.692772 0.192514 -0.448240 False
0.692271 0.192263 -0.448091 False
0.692322 0.191972 -0.447756 False
0.692711 0.192032 -0.447751 False
0.692957 0.192488 -0.448062 False
0.693551 0.192611 -0.448140 False
0.693319 0.192631 -0.448081 False
0.692899 0.192629 -0.447850 False
0.693173 0.192627 -0.448091 False
0.693062 0.192627 -0.448163 False
0.692976 0.192624 -0.448165 False
0.692483 0.192588 -0.448197 False
0.692521 0.192484 -0.448329 False
0.691894 0.192069 -0.448258 False
0.692069 0.192253 -0.448396 False
0.692553 0.192424 -0.448386 False
0.692276 0.192118 -0.448206 False
0.692117 0.192436 -0.448172 False
0.691847 0.192281 -0.448215 False
0.692026 0.192173 -0.448370 False
0.691918 0.191934 -0.448372 False
0.692438 0.191866 -0.448204 False
0.692631 0.191855 -0.448078 False
0.692811 0.191926 -0.447762 False
0.693005 0.192311 -0.447740 False
0.693079 0.193664 -0.447982 False
0.692444 0.193165 -0.447828 False
0.692322 0.192254 -0.448018 False
0.692489 0.192274 -0.447833 False
0.692617 0.191968 -0.448070 False
0.692307 0.192044 -0.448063 False
0.692152 0.192635 -0.447833 False
0.692248 0.193030 -0.448073 False
0.692410 0.192387 -0.448149 False
0.692527 0.192074 -0.448174 False
0.692774 0.192432 -0.448227 False
0.692527 0.193179 -0.448376 False
0.693042 0.192548 -0.448373 False
0.692861 0.192488 -0.448247 False
0.692810 0.193196 -0.448331 False
0.692557 0.192321 -0.448194 False
0.692199 0.192451 -0.448147 False
0.692324 0.192319 -0.448195 False
0.692373 0.192458 -0.448349 False
0.692480 0.193464 -0.448485 False
0.692277 0.192853 -0.448244 False
0.692215 0.192658 -0.448179 False
0.692068 0.192613 -0.448184 False
0.691841 0.192614 -0.448232 False
0.692117 0.192656 -0.447912 False
0.692255 0.192745 -0.448285 False
0.691912 0.193154 -0.448369 False
0.691645 0.192945 -0.448244 False
0.691717 0.193550 -0.448079 False
0.691868 0.194252 -0.447730 False
0.691178 0.193084 -0.447658 False
0.691098 0.192703 -0.447727 False
0.691502 0.192707 -0.448005 False
0.691689 0.192968 -0.447752 False
0.691898 0.192569 -0.447731 False
0.691373 0.192306 -0.448009 False
0.691848 0.192386 -0.447978 False
0.691723 0.192926 -0.448507 False
0.691905 0.192756 -0.448278 False
0.692260 0.193463 -0.448260 False
0.692142 0.192418 -0.448437 False
0.691829 0.191808 -0.448142 False
0.691544 0.192012 -0.447816 False
0.691083 0.192734 -0.447988 False
0.691513 0.192363 -0.447821 False
0.691638 0.192274 -0.448083 False
0.691315 0.192422 -0.448141 False
0.691858 0.193053 -0.448073 False
0.692727 0.192818 -0.447853 False
0.693037 0.192758 -0.448135 False
0.693185 0.193161 -0.447755 False
0.692611 0.192830 -0.447650 False
0.692504 0.192665 -0.447645 False
0.692505 0.192394 -0.447660 False
0.691293 0.192547 -0.447720 False
0.690511 0.192296 -0.447719 False
0.690996 0.192237 -0.447657 False
0.692284 0.192292 -0.447653 False
0.692232 0.192558 -0.447698 False
0.692197 0.192501 -0.447651 False
0.691990 0.193117 -0.447662 False
0.691146 0.193317 -0.447737 False
0.691387 0.193068 -0.448000 False
0.691909 0.192961 -0.447823 False
0.691770 0.192396 -0.448039 False
0.690955 0.192443 -0.447748 False
0.691492 0.193284 -0.447748 False
0.691824 0.194365 -0.448025 False
0.691671 0.193559 -0.447734 False
0.691572 0.193450 -0.447655 False
0.690882 0.192874 -0.447628 False
0.691914 0.192747 -0.447640 False
0.692204 0.192814 -0.447733 False
0.692231 0.193100 -0.448072 False
0.691567 0.192632 -0.448111 False
0.690702 0.192914 -0.447822 False
0.690743 0.192501 -0.447772 False
0.690560 0.192689 -0.448102 False
0.691435 0.192864 -0.448106 False
0.691733 0.192851 -0.447763 False
0.691646 0.193464 -0.447748 False
0.691476 0.192836 -0.448015 False
0.691727 0.192650 -0.447833 False
0.692205 0.192613 -0.448090 False
0.691523 0.192610 -0.448171 False
0.691123 0.192607 -0.448223 False
0.691567 0.192599 -0.448134 False
0.690556 0.192608 -0.447804 False
0.690514 0.192857 -0.447673 False
0.691534 0.193599 -0.447733 False
0.691878 0.192958 -0.447993 False
0.692115 0.192795 -0.447791 False
0.691891 0.192879 -0.447674 False
0.690832 0.192830 -0.447634 False
0.691335 0.193020 -0.447637 False
0.691333 0.192738 -0.447677 False
0.691417 0.193119 -0.447812 False
0.691806 0.192784 -0.448142 False
0.690829 0.192785 -0.448225 False
0.691494 0.192650 -0.448188 False
0.691469 0.192371 -0.448186 False
0.691960 0.192522 -0.448093 False
0.691978 0.192680 -0.447900 False
0.692133 0.192769 -0.448177 False
0.691400 0.192994 -0.448379 False
0.690749 0.193288 -0.448427 False
0.690180 0.193557 -0.448391 False
0.690203 0.192766 -0.448409 False
0.690447 0.192612 -0.448386 False
0.690753 0.192320 -0.448317 False
0.690564 0.192400 -0.448485 False
0.691116 0.192897 -0.448441 False
0.690904 0.192721 -0.448415 False
0.691421 0.192730 -0.448373 False
0.690845 0.192939 -0.448393 False
0.690365 0.192427 -0.448380 False
0.690446 0.192358 -0.448419 False
0.691729 0.192747 -0.448428 False
0.690787 0.193154 -0.448442 False
0.691080 0.192766 -0.448425 False
0.691282 0.192657 -0.448415 False
0.691515 0.192482 -0.448423 False
0.691135 0.192962 -0.448449 False
0.691182 0.192796 -0.448541 False
0.691233 0.192740 -0.448548 False
0.691761 0.192727 -0.448455 False
0.692402 0.192728 -0.448449 False
0.691774 0.192726 -0.448519 False
0.691552 0.192694 -0.448466 False
0.691178 0.192556 -0.448447 False
0.691487 0.192302 -0.448471 False
0.691723 0.192375 -0.448618 False
0.692253 0.192856 -0.448584 False
0.692340 0.193584 -0.448471 False
0.692133 0.193173 -0.448484 False
0.692325 0.192189 -0.448400 False
0.691872 0.191875 -0.448769 False
0.690079 0.191254 -0.450337 False
0.685372 0.194002 -0.455538 False
0.681863 0.221535 -0.460583 False
0.666700 0.265763 -0.453484 False
0.605240 0.352201 -0.416622 False
0.505515 0.402737 -0.344796 False
0.378330 0.316148 -0.221130 False
0.261931 0.213579 -0.111997 False
0.209557 0.201251 -0.103626 False
0.186894 0.210484 -0.124257 False
0.182287 0.209968 -0.134255 False
0.193830 0.217965 -0.132522 False
0.210079 0.228044 -0.129369 False
0.213541 0.231673 -0.128921 False
0.219288 0.254564 -0.138771 False
0.214593 0.246749 -0.138802 False
0.211772 0.229124 -0.138693 False
0.223192 0.209293 -0.144570 False
0.239861 0.185519 -0.151418 False
0.258846 0.158780 -0.157403 False
0.277212 0.130054 -0.160691 False
0.292026 0.100319 -0.159450 False
0.300353 0.070552 -0.151846 False
0.289311 0.033808 -0.126565 False
0.289751 0.023343 -0.113370 False
0.292757 0.017338 -0.106024 False
0.294076 0.014678 -0.101777 False
0.295020 0.018821 -0.103521 False
0.300545 0.019934 -0.101984 False
0.297570 0.019368 -0.101508 False
0.293628 0.018609 -0.101783 False
0.293132 0.019148 -0.104047 False
0.294892 0.019225 -0.104580 False
0.298055 0.019239 -0.104696 False
0.302156 0.019207 -0.104582 False
0.306729 0.019143 -0.104425 False
0.311308 0.019062 -0.104414 False
0.315427 0.018980 -0.104736 False
0.318180 0.018239 -0.105793 False
0.320236 0.020475 -0.108006 False
0.321792 0.020230 -0.108064 False
0.322899 0.019548 -0.107831 False
0.323692 0.019152 -0.108392 False
0.324173 0.018780 -0.109147 False
0.324382 0.018453 -0.109977 False
0.324358 0.018196 -0.110764 False
0.324141 0.018031 -0.111389 False
0.323772 0.017981 -0.111734 False
0.323288 0.018070 -0.111680 False
0.322731 0.018321 -0.111108 False
0.322034 0.019104 -0.109061 False
0.321696 0.019570 -0.108467 False
0.321213 0.017862 -0.108051 False
0.321572 0.018398 -0.108102 False
0.321155 0.020009 -0.105372 False
0.320864 0.020524 -0.105378 False
0.320604 0.020660 -0.106075 False
0.320411 0.020435 -0.107034 False
0.320323 0.019864 -0.107823 False
0.320388 0.018022 -0.107669 False
0.320827 0.018842 -0.106398 False
0.320747 0.018856 -0.106541 False
0.321795 0.020573 -0.106666 False
0.321224 0.019783 -0.105734 False
0.317551 0.017649 -0.105551 False
0.312242 0.014618 -0.103291 False
0.306941 0.018590 -0.101299 False
0.299126 0.041165 -0.109811 False
0.304275 0.128315 -0.145936 False
0.308864 0.187333 -0.172038 False
0.296831 0.058503 -0.124086 False
0.293885 0.025381 -0.112788 False
0.291995 0.013926 -0.116766 False
0.288157 0.020229 -0.159192 False
0.286303 0.059873 -0.184118 False
0.291526 0.104870 -0.191721 False
0.289012 0.150036 -0.194224 False
0.256956 0.180256 -0.200585 False
0.218960 0.202723 -0.206538 False
0.185744 0.218147 -0.211596 False
0.178373 0.226059 -0.215596 False
0.181445 0.230049 -0.217234 False
0.189902 0.232529 -0.215531 False
0.191955 0.238507 -0.210968 False
0.214337 0.247567 -0.188271 False
0.209654 0.243312 -0.176757 False
0.197920 0.233034 -0.179986 False
0.187714 0.224900 -0.188450 False
0.195778 0.232875 -0.197342 False
0.206287 0.243616 -0.204330 False
0.212652 0.251717 -0.206373 False
0.191319 0.244103 -0.184928 False
0.192512 0.233653 -0.196750 False
0.186009 0.217665 -0.197990 False
0.210547 0.232425 -0.204648 False
0.294490 0.306475 -0.235412 False
0.398741 0.385949 -0.276302 False
0.504668 0.442983 -0.322232 False
0.579222 0.423974 -0.367083 False
0.652399 0.342285 -0.413791 False
0.681798 0.276976 -0.434547 False
0.687401 0.235972 -0.443735 False
0.686517 0.215434 -0.449605 False
0.683624 0.214102 -0.454207 False
0.680898 0.218471 -0.454544 False
0.677847 0.237645 -0.448638 False
0.677174 0.271452 -0.445203 False
0.689988 0.213800 -0.444604 False
0.693377 0.197348 -0.444590 False
0.693958 0.194594 -0.444749 False
0.693464 0.195794 -0.444781 False
0.693198 0.196300 -0.444709 False
0.693393 0.195789 -0.444784 False
0.693169 0.195375 -0.444699 False
0.693417 0.195663 -0.444896 False
0.693591 0.195647 -0.445643 False
0.693329 0.195236 -0.445402 False
0.693415 0.195143 -0.444644 False
0.693228 0.195262 -0.444614 False
0.693244 0.195835 -0.444560 False
0.693473 0.196461 -0.444392 False
0.693125 0.196034 -0.444531 False
0.694000 0.196240 -0.444915 False
0.693675 0.197444 -0.444653 False
0.693443 0.196263 -0.444422 False
0.693574 0.196253 -0.444730 False
0.693310 0.197448 -0.444792 False
0.693288 0.196501 -0.445140 False
0.693566 0.197224 -0.444419 False
0.693253 0.197374 -0.444192 False
0.693164 0.197220 -0.444544 False
0.693202 0.197834 -0.444567 False
0.693683 0.197144 -0.444287 False
0.693978 0.197122 -0.444613 False
0.693829 0.197664 -0.444768 False
0.693840 0.196424 -0.444970 False
0.694049 0.196678 -0.444728 False
0.693882 0.196545 -0.444664 False
0.693445 0.195722 -0.444600 False
0.693668 0.196407 -0.444490 False
0.693725 0.196112 -0.444786 False
0.693648 0.196493 -0.444821 False
0.693288 0.195979 -0.445231 False
0.693190 0.195977 -0.444825 False
0.693162 0.196505 -0.445211 False
0.693598 0.196235 -0.444789 False
0.693336 0.196942 -0.444690 False
0.693404 0.196334 -0.444765 False
0.693658 0.196911 -0.444667 False
0.693635 0.196109 -0.444619 False
0.693326 0.196303 -0.444534 False
0.693633 0.197881 -0.444668 False
0.693643 0.198028 -0.445184 False
0.693352 0.196929 -0.444804 False
0.693426 0.195941 -0.444689 False
0.693180 0.195775 -0.444732 False
0.693447 0.197308 -0.444554 False
0.693320 0.196213 -0.444782 False
0.693282 0.196134 -0.445218 False
0.693539 0.197057 -0.444789 False
0.693312 0.196982 -0.444676 False
0.693620 0.197159 -0.444757 False
0.693519 0.197913 -0.445128 False
0.693347 0.197305 -0.444878 False
0.693587 0.196039 -0.444682 False
0.693371 0.195720 -0.444639 False
0.692950 0.197163 -0.444694 False
0.692882 0.197620 -0.444821 False
0.693360 0.196139 -0.444728 False
0.693346 0.197063 -0.444928 False
0.693571 0.196984 -0.445402 False
0.693183 0.196836 -0.445435 False
0.692826 0.194972 -0.445039 False
0.693057 0.195064 -0.444972 False
0.693060 0.195479 -0.445271 False
0.692779 0.197105 -0.444976 False
0.693166 0.195506 -0.445444 False
0.693526 0.195142 -0.445130 False
0.693222 0.195122 -0.444778 False
0.693003 0.195806 -0.444682 False
0.693019 0.196496 -0.444873 False
0.693332 0.196129 -0.445428 False
0.693945 0.196389 -0.445111 False
0.693524 0.195423 -0.444741 False
0.693829 0.195208 -0.444479 False
0.693391 0.195386 -0.444847 False
0.693207 0.196095 -0.444632 False
0.693239 0.194858 -0.444653 False
0.693829 0.195031 -0.444557 False
0.694086 0.195127 -0.444841 False
0.694110 0.195239 -0.445015 False
0.693894 0.195514 -0.444804 False
0.693952 0.195066 -0.444515 False
0.693485 0.194512 -0.444617 False
0.693703 0.194857 -0.444770 False
0.693252 0.195543 -0.445048 False
0.693510 0.197703 -0.445048 False
0.693230 0.197782 -0.444833 False
0.693219 0.196017 -0.444880 False
0.693293 0.196301 -0.444772 False
0.693186 0.195533 -0.444500 False
0.693167 0.196000 -0.444610 False
0.693242 0.197093 -0.444806 False
0.693600 0.197078 -0.445446 False
0.694065 0.195959 -0.445321 False
0.693838 0.197221 -0.445497 False
0.693715 0.195916 -0.444988 False
0.693927 0.196303 -0.444740 False
0.693013 0.195388 -0.444657 False
0.693460 0.195141 -0.444701 False
0.693347 0.195144 -0.444939 False
0.693576 0.195393 -0.445366 False
0.693408 0.196279 -0.445249 False
0.693707 0.195747 -0.444851 False
0.693278 0.196563 -0.444846 False
0.693671 0.196477 -0.444928 False
0.693892 0.195338 -0.445177 False
0.693715 0.195056 -0.444511 False
0.693800 0.197041 -0.444625 False
0.693432 0.197722 -0.444669 False
0.694011 0.196536 -0.444771 False
0.694309 0.196981 -0.444494 False
0.693943 0.196349 -0.444545 False
0.694037 0.197087 -0.444871 False
0.694240 0.196726 -0.445111 False
0.694181 0.195858 -0.445293 False
0.694087 0.195278 -0.444769 False
0.693915 0.195431 -0.444749 False
0.694119 0.196544 -0.444362 False
0.693752 0.196844 -0.444451 False
0.693388 0.196857 -0.445220 False
0.693549 0.196664 -0.444626 False
0.693283 0.195992 -0.444358 False
0.693227 0.196089 -0.444165 False
0.693848 0.197091 -0.444145 False
0.693810 0.196917 -0.444487 False
0.693874 0.196582 -0.444555 False
0.694204 0.195587 -0.444879 False
0.694108 0.196234 -0.445641 False
0.693743 0.195515 -0.444925 False
0.693399 0.196131 -0.444758 False
0.693649 0.195123 -0.444740 False
0.693678 0.196174 -0.444369 False
0.693478 0.195662 -0.444435 False
0.693104 0.196262 -0.444778 False
0.693713 0.195430 -0.444736 False
0.693943 0.195472 -0.444605 False
0.693531 0.196549 -0.444385 False
0.693844 0.196848 -0.444553 False
0.693381 0.196900 -0.444622 False
0.693424 0.196839 -0.444590 False
0.693697 0.196514 -0.444448 False
0.693855 0.195365 -0.444512 False
0.693901 0.195112 -0.444632 False
0.693839 0.197359 -0.444739 False
0.693906 0.197145 -0.444800 False
0.693420 0.197275 -0.444700 False
0.693308 0.196692 -0.444502 False
0.693579 0.195805 -0.444621 False
0.693452 0.196760 -0.444691 False
0.693986 0.197382 -0.444228 False
0.693798 0.195571 -0.444364 False
0.693622 0.196824 -0.444469 False
0.693594 0.195817 -0.444788 False
0.693205 0.196335 -0.444939 False
0.693034 0.195653 -0.445083 False
0.693733 0.196099 -0.444962 False
0.693377 0.194846 -0.444501 False
0.693460 0.195303 -0.445410 False
0.694072 0.196918 -0.445011 False
0.693686 0.196952 -0.445252 False
0.693102 0.196910 -0.445754 False
0.692952 0.196830 -0.445177 False
0.692953 0.196558 -0.445562 False
0.693158 0.195739 -0.444934 False
0.693353 0.196549 -0.444994 False
0.693704 0.196696 -0.444785 False
0.693868 0.196424 -0.444562 False
0.693779 0.196865 -0.445165 False
0.693656 0.197276 -0.444826 False
0.693288 0.196946 -0.444741 False
0.693211 0.196698 -0.444904 False
0.693287 0.196177 -0.444538 False
0.693430 0.196804 -0.444520 False
0.693752 0.197235 -0.445287 False
0.693684 0.196666 -0.444885 False
0.693426 0.195498 -0.444912 False
0.693655 0.195381 -0.444406 False
0.693653 0.195964 -0.444371 False
0.693404 0.194571 -0.444354 False
0.693588 0.196013 -0.444750 False
0.693585 0.195710 -0.444835 False
0.693535 0.196842 -0.445376 False
0.693411 0.197801 -0.445467 False
0.693569 0.197127 -0.445300 False
0.693311 0.196933 -0.445437 False
0.693383 0.196979 -0.444841 False
0.693634 0.197252 -0.445162 False
0.693642 0.196772 -0.444646 False
0.693858 0.195958 -0.444796 False
0.694292 0.195669 -0.444898 False
0.693892 0.195325 -0.445015 False
0.694244 0.195542 -0.444850 False
0.693953 0.195312 -0.444718 False
0.693166 0.195577 -0.445363 False
0.693599 0.195343 -0.445485 False
0.693538 0.195570 -0.445301 False
0.693393 0.195336 -0.444970 False
0.693162 0.195519 -0.444999 False
0.692871 0.195055 -0.445406 False
0.692573 0.195019 -0.445010 False
0.693447 0.195462 -0.445562 False
0.693644 0.197091 -0.445621 False
0.694093 0.195506 -0.445270 False
0.693350 0.195174 -0.445218 False
0.693047 0.195115 -0.445389 False
0.693194 0.195117 -0.445201 False
0.693788 0.195127 -0.445192 False
0.693818 0.195151 -0.445324 False
0.694347 0.195248 -0.444804 False
0.693577 0.195564 -0.444790 False
0.693674 0.195236 -0.444702 False
0.693652 0.195098 -0.444431 False
0.693404 0.194950 -0.445285 False
0.693461 0.195015 -0.445456 False
0.693349 0.195495 -0.445144 False
0.693671 0.196754 -0.444254 False
0.693814 0.195983 -0.444045 False
0.693870 0.195583 -0.444017 False
0.693705 0.196199 -0.444156 False
0.693362 0.195144 -0.444187 False
0.693513 0.194665 -0.444636 False
0.693682 0.195338 -0.444487 False
0.693694 0.195171 -0.444366 False
0.693984 0.195519 -0.444172 False
0.693263 0.195282 -0.444472 False
0.693495 0.195421 -0.444849 False
0.694071 0.196126 -0.444473 False
0.694364 0.194945 -0.444184 False
0.693531 0.195288 -0.444507 False
0.693512 0.194641 -0.445031 False
0.693578 0.194996 -0.444784 False
0.693788 0.195187 -0.445085 False
0.693691 0.195569 -0.444733 False
0.693934 0.195586 -0.444482 False
0.693727 0.197175 -0.444564 False
0.693816 0.197592 -0.444487 False
0.694107 0.195709 -0.444593 False
0.693949 0.195201 -0.444976 False
0.694295 0.195267 -0.444401 False
0.694497 0.195916 -0.444205 False
0.694294 0.196773 -0.444070 False
0.693923 0.195543 -0.444259 False
0.693958 0.195174 -0.444666 False
0.693507 0.195072 -0.445137 False
0.693505 0.195347 -0.445490 False
0.693449 0.194668 -0.445040 False
0.693347 0.195021 -0.445210 False
0.694263 0.195216 -0.444604 False
0.694259 0.195536 -0.444862 False
0.693938 0.195221 -0.444495 False
0.694086 0.195110 -0.444240 False
0.694172 0.195468 -0.444088 False
0.694194 0.195178 -0.444311 False
0.693725 0.195553 -0.444220 False
0.694192 0.195635 -0.444072 False
0.693684 0.197277 -0.444132 False
0.693785 0.196115 -0.444022 False
0.693967 0.195743 -0.444444 False
0.693868 0.196938 -0.444430 False
0.694052 0.196632 -0.444749 False
0.694061 0.195560 -0.444125 False
0.693937 0.195563 -0.444225 False
0.694248 0.195306 -0.444357 False
0.694211 0.195619 -0.444143 False
0.693432 0.195765 -0.444282 False
0.693264 0.197191 -0.444507 False
0.693200 0.195514 -0.444158 False
0.693292 0.195124 -0.444138 False
0.693688 0.194897 -0.443950 False
0.693865 0.194809 -0.444158 False
0.693394 0.194642 -0.444229 False
0.693907 0.195510 -0.444229 False
0.693867 0.195767 -0.444218 False
0.693234 0.195808 -0.444215 False
0.694137 0.195785 -0.444216 False
0.693596 0.195756 -0.444255 False
0.693973 0.195663 -0.444880 False
0.694049 0.195311 -0.444430 False
0.693838 0.195542 -0.444783 False
0.693582 0.196651 -0.444771 False
0.693439 0.195471 -0.444879 False
0.693155 0.194916 -0.445014 False
0.693447 0.194525 -0.444915 False
0.693551 0.194925 -0.445536 False
0.693592 0.194916 -0.445640 False
0.693197 0.194969 -0.445850 False
0.692932 0.195189 -0.445654 False
0.693615 0.195583 -0.445628 False
0.693925 0.195615 -0.445300 False
0.693870 0.196692 -0.445346 False
0.693856 0.195805 -0.444843 False
0.693742 0.196468 -0.444959 False
0.693617 0.196326 -0.445437 False
0.693651 0.197364 -0.445155 False
0.693717 0.196095 -0.445502 False
0.693690 0.195868 -0.445157 False
0.693675 0.197783 -0.444818 False
0.693442 0.198319 -0.444938 False
0.693211 0.198392 -0.444716 False
0.693162 0.198193 -0.444736 False
0.693671 0.197328 -0.445082 False
0.693975 0.196092 -0.445736 False
0.693811 0.195974 -0.445186 False
0.693725 0.196654 -0.445251 False
0.693612 0.196795 -0.444634 False
0.693726 0.196499 -0.444641 False
0.693807 0.195282 -0.444879 False
0.693713 0.195283 -0.445709 False
0.694005 0.196080 -0.445764 False
0.693885 0.197577 -0.445523 False
0.693145 0.196793 -0.444652 False
0.693237 0.195619 -0.444471 False
0.693618 0.195842 -0.444609 False
0.693497 0.196480 -0.444752 False
0.693294 0.196259 -0.444704 False
0.693639 0.197078 -0.444775 False
0.694205 0.196637 -0.444710 False
0.694203 0.195443 -0.444799 False
0.694225 0.195126 -0.445215 False
0.693879 0.195139 -0.444842 False
0.693771 0.195529 -0.444987 False
0.693145 0.196969 -0.445548 False
0.693448 0.196997 -0.445558 False
0.693679 0.197027 -0.444985 False
0.693873 0.196036 -0.444818 False
0.694279 0.197392 -0.445098 False
0.693814 0.197920 -0.444913 False
0.693965 0.197153 -0.444850 False
0.693852 0.197015 -0.444822 False
0.694119 0.197272 -0.444710 False
0.693234 0.196920 -0.444778 False
0.693161 0.196550 -0.444828 False
0.693885 0.195510 -0.445453 False
0.694025 0.195682 -0.445825 False
0.693834 0.197176 -0.445738 False
0.694217 0.195597 -0.445529 False
0.693367 0.195026 -0.445247 False
0.693456 0.195103 -0.445266 False
0.693460 0.195481 -0.444737 False
0.693356 0.197193 -0.445119 False
0.693700 0.195921 -0.445569 False
0.693881 0.196323 -0.445488 False
0.693749 0.195708 -0.445178 False
0.693526 0.196604 -0.445007 False
0.693089 0.196945 -0.445281 False
0.693512 0.197248 -0.444947 False
0.693884 0.196700 -0.444837 False
0.693311 0.195728 -0.444743 False
0.693578 0.196280 -0.444779 False
0.693997 0.195626 -0.444690 False
0.693973 0.196615 -0.444791 False
0.693481 0.195457 -0.445210 False
0.693399 0.195213 -0.444803 False
0.693874 0.195622 -0.444809 False
0.693180 0.197210 -0.444816 False
0.693044 0.195960 -0.444761 False
0.693254 0.196637 -0.445081 False
