0.593597 0.136383 -0.469980 False
0.594087 0.136102 -0.470240 False
0.594138 0.135797 -0.470181 False
0.594380 0.134861 -0.470187 False
0.594445 0.135321 -0.470157 False
0.594788 0.135439 -0.470368 False
0.594780 0.135327 -0.470172 False
0.594818 0.135254 -0.469978 False
0.594872 0.134606 -0.469826 False
0.595048 0.135170 -0.470087 False
0.595114 0.135026 -0.470203 False
0.594598 0.135137 -0.469997 False
0.594765 0.134354 -0.469857 False
0.594715 0.134918 -0.469965 False
0.594633 0.134629 -0.469741 False
0.594770 0.134415 -0.469935 False
0.594987 0.134359 -0.469793 False
0.595248 0.134010 -0.470022 False
0.594655 0.134454 -0.470090 False
0.594066 0.135340 -0.470265 False
0.594103 0.135501 -0.470229 False
0.594178 0.135352 -0.470265 False
0.594003 0.135574 -0.470508 False
0.594225 0.136607 -0.470382 False
0.594009 0.136363 -0.470281 False
0.594551 0.136276 -0.470051 False
0.594690 0.137153 -0.469871 False
0.594753 0.137574 -0.470465 False
0.594422 0.135099 -0.475660 False
0.594847 0.134912 -0.476390 False
0.595602 0.135404 -0.474156 False
0.593221 0.129326 -0.478328 False
0.597606 0.123351 -0.466677 False
0.611469 0.105090 -0.431200 False
0.599263 0.125458 -0.468006 False
0.595289 0.130808 -0.479523 False
0.592909 0.131025 -0.482570 False
0.592211 0.130997 -0.481783 False
0.592361 0.130317 -0.479452 False
0.593168 0.129705 -0.480563 False
0.593043 0.130169 -0.479342 False
0.593538 0.129913 -0.478240 False
0.594322 0.130646 -0.474260 False
0.600058 0.134046 -0.457614 False
0.594092 0.130949 -0.472255 False
0.594838 0.130776 -0.476178 False
0.594046 0.129785 -0.478184 False
0.595262 0.131360 -0.477716 False
0.594868 0.132221 -0.477291 False
0.591943 0.130643 -0.478571 False
0.592975 0.130871 -0.478674 False
0.592922 0.130108 -0.478772 False
0.592973 0.129522 -0.478615 False
0.593052 0.129859 -0.478221 False
0.594305 0.131686 -0.476643 False
0.594629 0.131610 -0.475963 False
0.594822 0.131182 -0.475382 False
0.594983 0.130714 -0.474806 False
0.595540 0.131166 -0.472322 False
0.595699 0.130614 -0.475050 False
0.595701 0.130358 -0.477621 False
0.595596 0.132167 -0.474394 False
0.595306 0.133715 -0.471218 False
0.594211 0.130658 -0.475975 False
0.594517 0.132098 -0.474753 False
0.593706 0.136092 -0.470033 False
0.593503 0.136755 -0.468661 False
0.593524 0.136704 -0.468146 False
0.594516 0.136795 -0.468255 False
0.593926 0.136939 -0.468772 False
0.593562 0.135120 -0.471359 False
0.592734 0.131894 -0.478302 False
0.591115 0.130340 -0.482291 False
0.592826 0.130287 -0.481193 False
0.593226 0.132468 -0.476326 False
0.593599 0.132664 -0.474859 False
0.593200 0.132914 -0.475825 False
0.592964 0.132415 -0.478746 False
0.593983 0.133105 -0.477263 False
0.594800 0.134225 -0.472513 False
0.597029 0.138790 -0.454525 False
0.603803 0.156586 -0.396467 False
0.598007 0.139610 -0.453072 False
0.596467 0.137017 -0.463201 False
0.594938 0.135439 -0.469886 False
0.592810 0.132041 -0.477598 False
0.591982 0.132387 -0.480038 False
0.590273 0.131302 -0.480271 False
0.590286 0.126474 -0.478612 False
0.585897 0.111199 -0.469831 False
0.583072 0.101352 -0.462031 False
0.591891 0.127316 -0.467269 False
0.593857 0.134149 -0.469483 False
0.594813 0.135400 -0.470249 False
0.595125 0.135644 -0.469871 False
0.594708 0.134952 -0.469868 False
0.594487 0.134996 -0.470070 False
0.593886 0.134904 -0.470317 False
0.594380 0.134492 -0.470267 False
0.594276 0.134484 -0.470117 False
0.595352 0.134785 -0.470215 False
0.595349 0.134568 -0.470229 False
0.595188 0.135004 -0.469486 False
0.595354 0.135599 -0.468991 False
0.595340 0.135411 -0.469420 False
0.595126 0.134125 -0.470064 False
0.595383 0.134276 -0.470394 False
0.595193 0.134701 -0.470133 False
0.594809 0.134235 -0.470212 False
0.594255 0.134147 -0.470090 False
0.594726 0.134229 -0.470122 False
0.594409 0.134740 -0.470010 False
0.594614 0.134650 -0.469949 False
0.594794 0.135195 -0.470112 False
0.594863 0.136004 -0.469473 False
0.594330 0.135289 -0.469235 False
0.594227 0.135605 -0.468660 False
0.594206 0.135848 -0.468878 False
0.594109 0.136084 -0.468809 False
0.593455 0.135393 -0.469274 False
0.594119 0.135554 -0.469088 False
0.593914 0.135577 -0.468998 False
0.593995 0.135585 -0.469305 False
0.594211 0.136610 -0.469226 False
0.593745 0.135541 -0.470101 False
0.594042 0.135578 -0.470015 False
0.594612 0.135385 -0.469983 False
0.594231 0.136081 -0.469891 False
0.593129 0.135694 -0.470038 False
0.593906 0.136838 -0.469097 False
0.593760 0.136701 -0.469354 False
0.593723 0.136493 -0.468898 False
0.594329 0.136313 -0.469309 False
0.594757 0.135550 -0.469805 False
0.594687 0.136090 -0.469443 False
0.594919 0.136160 -0.469710 False
0.594499 0.135546 -0.470362 False
0.594350 0.135671 -0.470230 False
0.594591 0.135509 -0.470718 False
0.594272 0.135958 -0.470603 False
0.593953 0.135428 -0.470322 False
0.593846 0.135368 -0.470390 False
0.594144 0.135713 -0.470314 False
0.594486 0.136034 -0.470229 False
0.594236 0.135548 -0.470226 False
0.594997 0.135827 -0.469731 False
0.594902 0.136197 -0.470419 False
0.595150 0.136097 -0.470616 False
0.594546 0.135553 -0.470548 False
0.595410 0.136298 -0.469856 False
0.595232 0.136343 -0.469525 False
0.594386 0.136188 -0.470020 False
0.594734 0.135632 -0.469704 False
0.595228 0.135170 -0.469805 False
0.594608 0.135720 -0.469619 False
0.594564 0.136607 -0.469767 False
0.594645 0.136673 -0.470089 False
0.594482 0.138130 -0.469872 False
0.594171 0.136827 -0.470344 False
0.594225 0.136573 -0.470229 False
0.594173 0.136519 -0.471204 False
0.593912 0.137512 -0.470772 False
0.594353 0.137974 -0.470644 False
0.594002 0.136838 -0.471119 False
0.594634 0.137394 -0.470137 False
0.594344 0.137340 -0.470246 False
0.593977 0.136519 -0.471266 False
0.593871 0.136704 -0.471059 False
0.593856 0.136704 -0.471043 False
0.594256 0.138069 -0.469779 False
0.594219 0.138291 -0.469947 False
0.594476 0.136026 -0.470938 False
0.594607 0.135840 -0.470820 False
0.594525 0.137323 -0.469336 False
0.594611 0.138009 -0.469247 False
0.595405 0.137464 -0.469553 False
0.594730 0.136504 -0.470625 False
0.594466 0.137864 -0.470311 False
0.594879 0.137854 -0.469781 False
0.595033 0.138076 -0.469443 False
0.594899 0.136988 -0.469693 False
0.594530 0.137009 -0.469964 False
0.594560 0.137317 -0.469709 False
0.594828 0.136344 -0.469966 False
0.595106 0.136396 -0.469733 False
0.594813 0.136189 -0.469995 False
0.594736 0.137065 -0.469393 False
0.594736 0.137232 -0.469150 False
0.594766 0.137023 -0.469336 False
0.594262 0.137148 -0.469335 False
0.593981 0.137854 -0.469069 False
0.594914 0.137246 -0.469514 False
0.594769 0.137509 -0.469502 False
0.594394 0.138190 -0.469981 False
0.594080 0.138186 -0.469587 False
0.594677 0.137190 -0.469476 False
0.594703 0.136915 -0.469543 False
0.594646 0.136868 -0.469348 False
0.594428 0.136931 -0.470449 False
0.594428 0.137261 -0.470218 False
0.594516 0.138436 -0.469439 False
0.594548 0.137616 -0.469680 False
0.594172 0.138423 -0.468863 False
0.593970 0.137483 -0.469485 False
0.593957 0.138107 -0.469190 False
0.594052 0.138096 -0.469163 False
0.594203 0.137463 -0.469409 False
0.594217 0.138367 -0.468771 False
0.594095 0.139203 -0.468183 False
0.594782 0.138591 -0.468645 False
0.594957 0.138215 -0.468931 False
0.594977 0.137397 -0.469236 False
0.594555 0.136921 -0.469972 False
0.594456 0.136904 -0.470023 False
0.594714 0.137376 -0.469990 False
0.595381 0.139173 -0.468325 False
0.595184 0.139380 -0.468067 False
0.595030 0.138336 -0.468837 False
0.594296 0.137485 -0.469939 False
0.593923 0.136489 -0.470293 False
0.594616 0.136786 -0.470242 False
0.594220 0.136988 -0.469724 False
0.594202 0.136311 -0.470254 False
0.595027 0.136465 -0.469878 False
0.595016 0.136564 -0.469848 False
0.594881 0.136774 -0.470069 False
0.593577 0.136816 -0.469846 False
0.593780 0.136985 -0.469518 False
0.593870 0.137703 -0.468590 False
0.594213 0.140199 -0.466908 False
0.594146 0.138235 -0.468470 False
0.593994 0.137406 -0.469084 False
0.594239 0.136962 -0.469698 False
0.594557 0.136873 -0.470025 False
0.594469 0.136876 -0.469778 False
0.594194 0.136934 -0.469501 False
0.594546 0.137224 -0.469183 False
0.594280 0.137341 -0.469206 False
0.594191 0.137517 -0.469082 False
0.594719 0.138161 -0.468531 False
0.594318 0.138705 -0.468115 False
0.594365 0.138443 -0.468539 False
0.594102 0.138089 -0.468638 False
0.594325 0.137058 -0.469485 False
0.594395 0.137410 -0.469259 False
0.594157 0.138011 -0.469032 False
0.594090 0.137572 -0.469344 False
0.594475 0.136915 -0.469396 False
0.594695 0.137197 -0.469226 False
0.593878 0.137152 -0.469002 False
0.593943 0.137693 -0.468794 False
0.593854 0.136952 -0.468834 False
0.594464 0.136314 -0.469168 False
0.594505 0.136695 -0.469442 False
0.594431 0.136717 -0.469588 False
0.594461 0.136391 -0.470415 False
0.594277 0.136806 -0.469829 False
0.594472 0.137014 -0.469410 False
0.594406 0.136356 -0.469463 False
0.593984 0.136720 -0.469601 False
0.593242 0.136760 -0.470197 False
0.593275 0.136538 -0.470374 False
0.594036 0.136824 -0.470416 False
0.593682 0.137010 -0.470473 False
0.594063 0.137349 -0.470357 False
0.593658 0.136497 -0.470531 False
0.593972 0.136220 -0.471264 False
0.593905 0.135075 -0.476022 False
0.593585 0.134786 -0.477772 False
0.592402 0.134723 -0.478388 False
0.592218 0.134693 -0.479369 False
0.592585 0.134552 -0.478883 False
0.591867 0.134067 -0.479298 False
0.589804 0.134332 -0.477214 False
0.592914 0.135661 -0.472463 False
0.593846 0.136351 -0.470700 False
0.593662 0.137376 -0.469956 False
0.593699 0.136899 -0.470884 False
0.593915 0.136176 -0.471143 False
0.594118 0.135891 -0.470932 False
0.594328 0.135797 -0.470760 False
0.594341 0.137213 -0.470759 False
0.594554 0.137371 -0.470557 False
0.594118 0.136589 -0.470165 False
0.594113 0.137188 -0.469767 False
0.594515 0.136613 -0.469650 False
0.594232 0.136078 -0.470128 False
0.593628 0.135994 -0.470474 False
0.593934 0.136085 -0.470273 False
0.594692 0.136316 -0.470143 False
0.594331 0.137209 -0.469992 False
0.594276 0.136851 -0.470550 False
0.594586 0.136219 -0.470562 False
0.593938 0.136220 -0.470903 False
0.593654 0.136619 -0.470809 False
0.593266 0.136354 -0.470460 False
0.593446 0.136318 -0.470136 False
0.594732 0.137072 -0.469350 False
0.594289 0.136964 -0.469367 False
0.593768 0.135818 -0.470596 False
0.593244 0.136133 -0.471196 False
0.593277 0.136739 -0.471241 False
0.593143 0.136892 -0.471251 False
0.593391 0.136847 -0.470927 False
0.593116 0.136532 -0.470256 False
0.593070 0.136074 -0.470921 False
0.593253 0.135713 -0.471068 False
0.593056 0.136490 -0.470594 False
0.593063 0.136237 -0.470779 False
0.593745 0.136040 -0.471032 False
0.594341 0.135815 -0.472339 False
0.593796 0.135180 -0.475971 False
0.594571 0.136007 -0.471809 False
0.594270 0.136072 -0.471930 False
0.592731 0.134792 -0.477049 False
0.593476 0.135212 -0.476804 False
0.594411 0.136557 -0.472055 False
0.594324 0.137027 -0.471469 False
0.594056 0.135847 -0.475057 False
0.593835 0.136882 -0.470758 False
0.594068 0.136848 -0.469786 False
0.593275 0.137208 -0.470163 False
0.593232 0.136417 -0.470371 False
0.593472 0.136596 -0.470606 False
0.593514 0.136138 -0.470693 False
0.593433 0.136182 -0.470539 False
0.593740 0.136846 -0.470748 False
0.594063 0.137335 -0.470806 False
0.594002 0.137084 -0.470818 False
0.593661 0.137254 -0.470673 False
0.594035 0.136558 -0.470586 False
0.593692 0.136384 -0.470369 False
0.593605 0.136400 -0.470167 False
0.593572 0.136474 -0.470062 False
0.593782 0.136248 -0.470471 False
0.593995 0.135796 -0.471233 False
0.594167 0.136041 -0.471580 False
0.594226 0.135728 -0.471360 False
0.594119 0.136668 -0.470879 False
0.593923 0.136828 -0.470489 False
0.594183 0.136768 -0.470892 False
0.593827 0.137501 -0.470729 False
0.594064 0.137390 -0.470839 False
0.594217 0.136510 -0.471426 False
0.593924 0.136183 -0.471289 False
0.594075 0.137219 -0.470233 False
0.594056 0.137303 -0.470284 False
0.593944 0.136552 -0.470570 False
0.593843 0.136747 -0.470223 False
0.593877 0.136237 -0.470720 False
0.593804 0.136042 -0.471162 False
0.593989 0.136691 -0.470398 False
0.594235 0.136805 -0.470124 False
0.593865 0.136541 -0.470926 False
0.593681 0.136596 -0.470876 False
0.593454 0.135839 -0.471173 False
0.593623 0.135637 -0.470613 False
0.593587 0.135308 -0.471018 False
0.593499 0.135247 -0.471100 False
0.593528 0.135384 -0.471448 False
0.594069 0.135973 -0.470778 False
0.593981 0.136496 -0.469884 False
0.594003 0.136664 -0.470173 False
0.594199 0.136167 -0.470155 False
0.593942 0.136589 -0.470401 False
0.593732 0.136410 -0.470568 False
0.593583 0.137333 -0.470098 False
0.593665 0.137575 -0.470524 False
0.593589 0.137524 -0.470837 False
0.593769 0.136689 -0.471263 False
0.594005 0.136590 -0.471691 False
0.594335 0.135783 -0.471793 False
0.593950 0.135382 -0.471771 False
0.594301 0.136131 -0.471584 False
0.594165 0.136445 -0.470881 False
0.594046 0.136700 -0.470716 False
0.594269 0.136340 -0.471507 False
0.594268 0.135991 -0.471565 False
0.594150 0.136605 -0.471305 False
0.594369 0.136556 -0.470553 False
0.594257 0.136946 -0.470075 False
0.594293 0.137109 -0.470174 False
0.594108 0.135835 -0.470902 False
0.594292 0.136529 -0.470362 False
0.594349 0.136414 -0.470200 False
0.593965 0.136241 -0.470511 False
0.593838 0.135903 -0.470575 False
0.593508 0.136270 -0.470614 False
0.594169 0.137358 -0.470466 False
0.594006 0.137354 -0.470479 False
0.593699 0.136410 -0.470608 False
0.593897 0.136374 -0.470230 False
0.594001 0.136329 -0.469986 False
0.593816 0.136218 -0.470062 False
0.593493 0.135801 -0.470605 False
0.594170 0.135897 -0.471024 False
0.594035 0.135736 -0.471055 False
0.594288 0.135900 -0.470869 False
0.594684 0.135760 -0.471026 False
0.594861 0.135877 -0.470964 False
0.593981 0.135619 -0.470571 False
0.593325 0.135473 -0.470626 False
0.593943 0.135915 -0.470940 False
0.594778 0.136179 -0.470730 False
0.595051 0.136762 -0.470571 False
0.595047 0.136840 -0.470627 False
0.594768 0.136612 -0.470968 False
0.593958 0.135692 -0.470948 False
0.594056 0.136137 -0.470826 False
0.593952 0.136736 -0.470976 False
0.593593 0.136885 -0.470804 False
0.594718 0.136921 -0.470635 False
0.594812 0.136859 -0.470454 False
0.594185 0.136575 -0.470613 False
0.594360 0.135480 -0.470717 False
0.594408 0.135599 -0.470493 False
0.594635 0.135743 -0.470440 False
0.595224 0.135873 -0.470490 False
0.595023 0.135759 -0.470593 False
0.594552 0.136847 -0.469482 False
0.594464 0.136699 -0.469607 False
0.594354 0.136837 -0.469661 False
0.594660 0.137571 -0.469614 False
0.594873 0.137988 -0.469964 False
0.594628 0.137214 -0.469841 False
0.594880 0.137246 -0.469861 False
0.594357 0.137398 -0.470543 False
0.594084 0.136192 -0.471497 False
0.594941 0.136406 -0.470128 False
0.596157 0.142867 -0.463929 False
0.601650 0.172461 -0.439616 False
0.608040 0.201945 -0.412762 False
0.614119 0.220440 -0.389601 False
0.617517 0.201012 -0.385613 False
0.619375 0.168447 -0.388368 False
0.619671 0.131479 -0.394684 False
0.618383 0.098839 -0.401376 False
0.613056 0.090653 -0.399618 False
0.608577 0.090345 -0.397619 False
0.612876 0.088940 -0.403826 False
0.615532 0.089634 -0.406055 False
0.617111 0.091977 -0.406673 False
0.620535 0.096821 -0.407438 False
0.626386 0.096653 -0.407429 False
0.607773 0.093960 -0.401342 False
0.545538 0.105370 -0.362716 False
0.310505 0.154313 -0.219984 False
0.255013 0.166022 -0.187217 False
0.261098 0.164146 -0.191800 False
0.355261 0.144026 -0.249181 False
0.475468 0.118466 -0.321939 False
0.589026 0.094849 -0.390171 False
0.617758 0.089605 -0.406496 False
0.627642 0.091164 -0.408655 False
0.620816 0.090925 -0.406645 False
0.609462 0.091117 -0.397131 False
0.584477 0.085022 -0.381312 False
0.470081 0.056430 -0.294494 False
0.356361 0.027167 -0.207606 False
0.333509 0.017298 -0.189723 False
0.331482 0.015835 -0.186743 False
0.333636 0.014911 -0.186974 False
0.335380 0.016146 -0.188059 False
0.335093 0.015740 -0.188075 False
0.336100 0.017987 -0.186121 False
0.337702 0.018850 -0.183506 False
0.333108 0.014483 -0.180788 False
0.336357 0.013613 -0.193312 False
0.338110 0.013684 -0.191853 False
0.335918 0.014389 -0.190246 False
0.332821 0.015840 -0.186629 False
0.325606 0.013975 -0.185627 False
0.331316 0.015115 -0.189134 False
0.329721 0.015448 -0.186152 False
0.333656 0.016715 -0.185493 False
0.334740 0.017186 -0.185502 False
0.334971 0.017715 -0.185403 False
0.334972 0.019794 -0.184629 False
0.334934 0.018059 -0.185019 False
0.334879 0.018265 -0.185177 False
0.334763 0.017497 -0.185303 False
0.334959 0.018171 -0.185808 False
0.335417 0.021254 -0.184626 False
0.335433 0.023760 -0.184957 False
0.335062 0.019501 -0.185200 False
0.335022 0.020620 -0.185431 False
0.335378 0.020342 -0.184866 False
0.335008 0.017919 -0.185252 False
0.334799 0.017898 -0.186338 False
0.334785 0.020443 -0.187335 False
0.334888 0.020789 -0.187004 False
0.334909 0.019361 -0.187383 False
0.334868 0.017492 -0.187123 False
0.334727 0.016895 -0.186695 False
0.334416 0.016359 -0.186167 False
0.334262 0.015796 -0.185295 False
0.334450 0.017670 -0.186067 False
0.337534 0.022453 -0.192717 False
0.351962 0.048230 -0.221301 False
0.397936 0.137663 -0.314230 False
0.350690 0.047520 -0.216746 False
0.338344 0.024843 -0.187419 False
0.358802 0.032026 -0.175690 False
0.457561 0.081289 -0.176895 False
0.552583 0.056947 -0.327314 False
0.585211 0.058126 -0.366486 False
0.593871 0.063396 -0.382129 False
0.583222 0.072675 -0.379595 False
0.557926 0.085884 -0.364237 False
0.522641 0.102943 -0.341409 False
0.389799 0.159631 -0.264740 False
0.560633 0.098169 -0.370535 False
0.613788 0.096285 -0.400105 False
0.604279 0.090254 -0.398048 False
0.537178 0.094144 -0.359457 False
0.453936 0.101721 -0.310491 False
0.376883 0.110579 -0.264297 False
0.328345 0.118306 -0.234021 False
0.330652 0.122496 -0.232810 False
0.536400 0.103214 -0.351670 False
0.581723 0.119469 -0.370314 False
0.618594 0.154803 -0.379705 False
0.630261 0.135478 -0.393189 False
0.629078 0.108715 -0.402885 False
0.625624 0.096599 -0.405140 False
0.624700 0.103238 -0.406980 False
0.617936 0.114578 -0.422033 False
0.609259 0.130261 -0.439719 False
0.600069 0.148001 -0.457183 False
0.591768 0.165517 -0.471567 False
0.585757 0.180523 -0.480015 False
0.583438 0.190736 -0.479670 False
0.586210 0.193873 -0.467676 False
0.611938 0.177613 -0.395453 False
0.612360 0.171535 -0.396151 False
0.595309 0.164397 -0.461969 False
0.595894 0.149674 -0.478091 False
0.598387 0.136131 -0.486566 False
0.598327 0.132517 -0.490710 False
0.598071 0.132776 -0.488958 False
0.597815 0.133118 -0.487077 False
0.597538 0.133330 -0.487626 False
0.597459 0.134212 -0.487181 False
0.596644 0.134043 -0.487678 False
0.596793 0.133344 -0.488058 False
0.597887 0.132465 -0.489231 False
0.598388 0.132382 -0.490677 False
0.598231 0.132783 -0.490260 False
0.597557 0.134400 -0.486056 False
0.597872 0.133961 -0.485299 False
0.598105 0.132712 -0.485462 False
0.597995 0.132316 -0.486646 False
0.598237 0.132238 -0.489357 False
0.597758 0.132303 -0.486140 False
0.596947 0.132708 -0.485153 False
0.597189 0.134235 -0.485198 False
0.596782 0.135052 -0.485178 False
0.597127 0.133052 -0.485765 False
0.596955 0.132976 -0.485432 False
0.597413 0.133228 -0.485602 False
0.596853 0.134183 -0.485426 False
0.597513 0.132786 -0.486750 False
0.598258 0.132655 -0.489637 False
0.597961 0.133416 -0.486849 False
0.598220 0.133606 -0.489254 False
0.597860 0.133110 -0.485852 False
0.598039 0.133530 -0.485278 False
0.598455 0.133076 -0.486329 False
0.598418 0.132419 -0.490413 False
0.597109 0.132263 -0.488662 False
0.597532 0.132281 -0.490024 False
0.597184 0.132367 -0.488377 False
0.597787 0.132641 -0.489857 False
0.596820 0.132334 -0.486778 False
0.596688 0.132210 -0.486327 False
0.597204 0.132335 -0.487583 False
0.597869 0.132640 -0.490138 False
0.596963 0.132352 -0.488885 False
0.596792 0.132203 -0.491150 False
0.597049 0.132261 -0.491858 False
0.597310 0.132304 -0.492283 False
0.597391 0.132336 -0.491949 False
0.598105 0.132370 -0.491741 False
0.597904 0.132424 -0.491807 False
0.597067 0.132818 -0.491907 False
0.596931 0.132838 -0.492305 False
0.596866 0.132446 -0.492201 False
0.597121 0.132433 -0.491827 False
0.597553 0.132287 -0.491919 False
0.597667 0.132264 -0.491866 False
0.597212 0.132314 -0.491883 False
0.596981 0.132422 -0.491840 False
0.597301 0.132318 -0.491415 False
0.597487 0.132309 -0.489913 False
0.597128 0.132382 -0.484705 False
0.597308 0.132650 -0.487289 False
0.597576 0.132368 -0.488637 False
0.597273 0.132277 -0.490954 False
0.597240 0.132460 -0.490825 False
0.596844 0.132565 -0.489027 False
0.596994 0.132757 -0.491092 False
0.597242 0.132395 -0.491245 False
0.597212 0.132336 -0.490346 False
0.597040 0.132763 -0.486777 False
0.597054 0.132863 -0.484496 False
0.597292 0.132795 -0.488049 False
0.596963 0.132471 -0.485091 False
0.597725 0.132676 -0.487601 False
0.597542 0.132393 -0.490150 False
0.597650 0.132411 -0.489096 False
0.596991 0.132723 -0.491160 False
0.596988 0.132392 -0.490785 False
0.597176 0.132281 -0.488573 False
0.597833 0.132281 -0.487660 False
0.597677 0.132285 -0.487387 False
0.597127 0.132287 -0.487737 False
0.596930 0.132287 -0.487797 False
0.597035 0.132294 -0.487281 False
0.596638 0.132341 -0.486938 False
0.596582 0.132367 -0.487402 False
0.597066 0.132741 -0.487387 False
0.597316 0.132876 -0.487248 False
0.596286 0.134267 -0.487191 False
0.596440 0.132903 -0.487504 False
0.596478 0.132890 -0.487293 False
0.596391 0.132890 -0.487355 False
0.596037 0.134248 -0.487094 False
0.596385 0.132778 -0.487537 False
0.596524 0.132357 -0.487820 False
0.597025 0.132274 -0.488086 False
0.597526 0.132273 -0.487615 False
0.596889 0.132292 -0.487603 False
0.597051 0.132338 -0.488033 False
0.597184 0.132432 -0.488067 False
0.597006 0.132325 -0.487989 False
0.597708 0.132282 -0.487048 False
0.597922 0.132234 -0.487239 False
0.597209 0.132250 -0.487466 False
0.596826 0.132307 -0.487903 False
0.596964 0.132445 -0.490012 False
0.596941 0.132506 -0.490773 False
0.596540 0.133083 -0.489507 False
0.597208 0.132822 -0.491793 False
0.596401 0.133543 -0.488880 False
0.596881 0.132655 -0.489807 False
0.597880 0.132376 -0.488768 False
0.597486 0.132416 -0.488507 False
0.597131 0.132326 -0.490152 False
0.597348 0.132453 -0.488903 False
0.597521 0.132468 -0.488096 False
0.596715 0.132402 -0.488362 False
0.597140 0.132603 -0.489784 False
0.596801 0.132528 -0.491208 False
0.596953 0.132474 -0.490882 False
0.597856 0.132366 -0.487883 False
0.597442 0.132470 -0.487096 False
0.597314 0.132515 -0.487087 False
0.597123 0.132572 -0.488340 False
0.597006 0.132408 -0.490025 False
0.596898 0.132684 -0.487522 False
0.597438 0.132826 -0.486697 False
0.597178 0.133255 -0.483183 False
0.597356 0.132924 -0.482312 False
0.597233 0.134212 -0.482862 False
0.596975 0.133821 -0.483942 False
0.597414 0.133412 -0.488174 False
0.599751 0.135873 -0.483343 False
0.597580 0.133309 -0.487048 False
0.596985 0.132459 -0.487382 False
0.597605 0.132323 -0.487573 False
0.597008 0.132272 -0.487574 False
0.596729 0.132276 -0.487579 False
0.596902 0.132284 -0.488172 False
0.598106 0.132288 -0.491116 False
0.597980 0.132291 -0.488720 False
0.597653 0.132305 -0.488133 False
0.597166 0.132359 -0.488911 False
0.597372 0.132524 -0.491438 False
0.597106 0.132231 -0.491047 False
0.597848 0.131802 -0.488989 False
0.598093 0.132110 -0.488777 False
0.599077 0.132205 -0.490164 False
0.601287 0.131715 -0.496057 False
0.599248 0.131991 -0.493512 False
0.581417 0.132751 -0.475481 False
0.508521 0.137637 -0.394611 False
0.433029 0.142809 -0.310584 False
0.401376 0.145081 -0.275603 False
0.386673 0.146156 -0.259472 False
0.386328 0.146218 -0.259296 False
0.397753 0.145454 -0.272181 False
0.418355 0.144048 -0.295232 False
0.445546 0.142186 -0.325554 False
0.476734 0.140054 -0.360252 False
0.509330 0.137835 -0.396431 False
0.540742 0.135716 -0.431198 False
0.568382 0.133882 -0.461657 False
0.589657 0.132519 -0.484914 False
0.596259 0.132219 -0.491800 False
0.597935 0.132130 -0.492548 False
0.596305 0.132231 -0.489708 False
0.595229 0.132259 -0.488686 False
0.595145 0.132244 -0.488227 False
0.595121 0.132297 -0.487805 False
0.595026 0.132478 -0.487629 False
0.595126 0.132820 -0.487352 False
0.595975 0.133566 -0.486387 False
0.596866 0.134306 -0.485425 False
0.597513 0.134834 -0.484732 False
0.597141 0.134664 -0.484963 False
0.596443 0.134205 -0.485605 False
0.595627 0.133587 -0.486531 False
0.594899 0.132941 -0.487613 False
0.594467 0.132396 -0.488726 False
0.594595 0.132272 -0.490725 False
0.596287 0.132247 -0.489273 False
0.597883 0.132219 -0.488680 False
0.596476 0.132178 -0.488957 False
0.596568 0.132244 -0.489820 False
0.596788 0.132986 -0.483690 False
0.599829 0.137453 -0.480377 False
0.600391 0.138623 -0.479866 False
0.599778 0.138901 -0.479676 False
0.599418 0.139226 -0.479691 False
0.599937 0.138845 -0.479709 False
0.601229 0.138776 -0.479673 False
0.599850 0.138881 -0.479614 False
0.599698 0.139323 -0.479679 False
0.599745 0.139235 -0.480545 False
0.599674 0.137894 -0.484439 False
0.598087 0.132640 -0.492461 False
0.596109 0.132174 -0.493118 False
0.597472 0.132075 -0.492220 False
0.600355 0.132107 -0.490978 False
0.600864 0.133525 -0.488547 False
0.601286 0.132749 -0.491892 False
0.600726 0.133255 -0.488791 False
0.600749 0.135061 -0.485861 False
0.600717 0.134268 -0.487188 False
0.600290 0.132670 -0.491273 False
0.596794 0.132256 -0.493254 False
0.596782 0.132283 -0.492633 False
0.597150 0.132838 -0.491356 False
0.600531 0.134590 -0.485832 False
0.601037 0.135082 -0.484949 False
0.600607 0.134922 -0.485600 False
0.598384 0.132837 -0.489894 False
0.596046 0.132400 -0.492223 False
0.592688 0.133988 -0.488107 False
0.597809 0.132100 -0.494570 False
0.601939 0.130801 -0.490926 False
0.616935 0.128700 -0.465472 False
0.657651 0.120907 -0.380503 False
0.615788 0.129348 -0.462126 False
0.604314 0.132076 -0.483927 False
0.594752 0.134337 -0.502060 False
0.586969 0.136163 -0.516784 False
0.580836 0.137585 -0.528358 False
0.576219 0.138637 -0.537041 False
0.572988 0.139349 -0.543092 False
0.571011 0.139754 -0.546771 False
0.570156 0.139884 -0.548335 False
0.570291 0.139770 -0.548044 False
0.571286 0.139444 -0.546158 False
0.573008 0.138940 -0.542934 False
0.575326 0.138287 -0.538632 False
0.578109 0.137519 -0.533512 False
0.581224 0.136668 -0.527831 False
0.584540 0.135765 -0.521849 False
0.587926 0.134841 -0.515826 False
0.591250 0.133931 -0.510019 False
0.594381 0.133064 -0.504688 False
0.597186 0.132273 -0.500092 False
0.599535 0.131591 -0.496489 False
0.601098 0.131068 -0.494639 False
0.602142 0.130693 -0.493792 False
0.602735 0.130473 -0.493701 False
0.602945 0.130416 -0.494116 False
0.602842 0.130530 -0.494788 False
0.602493 0.130821 -0.495469 False
0.601954 0.132164 -0.495477 False
0.601128 0.130758 -0.495914 False
0.600279 0.130553 -0.496649 False
0.602184 0.131437 -0.495126 False
0.600736 0.132515 -0.492788 False
0.598415 0.137832 -0.484572 False
0.599055 0.132494 -0.489191 False
0.601207 0.127104 -0.480422 False
0.608736 0.111346 -0.444418 False
0.602754 0.125686 -0.482885 False
0.603473 0.130804 -0.495592 False
0.601760 0.130986 -0.496677 False
0.600495 0.131710 -0.495354 False
0.598524 0.132347 -0.490888 False
0.598116 0.132842 -0.488224 False
0.599407 0.132028 -0.493717 False
0.598811 0.132299 -0.494301 False
0.599660 0.132735 -0.494183 False
0.599491 0.132572 -0.494201 False
0.599244 0.132481 -0.494202 False
0.599073 0.132313 -0.494248 False
0.600265 0.132231 -0.494070 False
0.600165 0.132241 -0.494115 False
0.600533 0.132239 -0.495005 False
0.602032 0.132104 -0.497553 False
0.598899 0.131537 -0.497259 False
0.599075 0.131006 -0.495935 False
0.598595 0.132206 -0.493181 False
0.598213 0.132691 -0.486777 False
0.598434 0.130289 -0.482192 False
0.599643 0.126262 -0.476235 False
0.609045 0.111252 -0.443552 False
0.601739 0.125653 -0.481602 False
0.598025 0.130734 -0.490363 False
0.597213 0.132114 -0.492037 False
0.596848 0.131924 -0.492385 False
0.597099 0.131861 -0.491951 False
0.596973 0.132187 -0.490976 False
0.597092 0.132264 -0.491694 False
0.597271 0.132281 -0.491443 False
0.597288 0.132271 -0.491486 False
0.597226 0.132304 -0.492227 False
0.597677 0.132481 -0.492410 False
0.598495 0.132697 -0.491217 False
0.597663 0.132343 -0.491435 False
0.598105 0.132231 -0.491878 False
0.597197 0.132305 -0.490159 False
0.597144 0.132761 -0.491833 False
0.598461 0.133910 -0.491350 False
0.598270 0.133145 -0.491196 False
0.597177 0.132985 -0.491287 False
0.596827 0.132388 -0.491218 False
0.597164 0.132188 -0.491260 False
0.597834 0.132124 -0.491015 False
0.597151 0.132122 -0.490288 False
0.597187 0.132449 -0.491570 False
0.597887 0.134116 -0.489939 False
0.599988 0.140146 -0.483187 False
0.599330 0.140133 -0.481616 False
0.598520 0.134057 -0.489539 False
0.597683 0.132435 -0.492095 False
0.597194 0.132249 -0.491876 False
0.598513 0.132542 -0.492166 False
0.597547 0.132302 -0.492060 False
0.596891 0.132220 -0.491899 False
0.596695 0.132215 -0.491453 False
0.597001 0.132224 -0.491471 False
0.596652 0.132250 -0.491417 False
0.597619 0.132265 -0.490873 False
0.597136 0.132268 -0.491360 False
0.597020 0.132246 -0.490551 False
0.597615 0.132139 -0.491730 False
0.598327 0.131734 -0.491872 False
0.597141 0.131633 -0.491444 False
0.596782 0.131972 -0.491133 False
0.596570 0.131733 -0.491102 False
0.595601 0.131725 -0.490692 False
0.597646 0.131947 -0.486419 False
0.598598 0.131730 -0.490747 False
0.598165 0.131825 -0.491611 False
0.596976 0.132457 -0.490106 False
0.597692 0.132738 -0.491212 False
0.597531 0.132411 -0.491004 False
0.596645 0.132479 -0.490037 False
0.596524 0.133070 -0.484379 False
0.597155 0.132522 -0.490458 False
0.597480 0.132483 -0.491931 False
0.598284 0.132416 -0.492106 False
0.598314 0.132284 -0.491027 False
0.597235 0.132226 -0.489129 False
0.597322 0.132103 -0.488491 False
0.597510 0.131713 -0.488039 False
0.597774 0.132253 -0.488754 False
0.597839 0.132800 -0.490354 False
0.597224 0.132413 -0.489415 False
0.597545 0.132320 -0.488775 False
0.597306 0.132387 -0.488868 False
0.596952 0.132307 -0.488863 False
0.597543 0.132249 -0.489241 False
0.597200 0.132133 -0.490771 False
0.596374 0.131718 -0.489706 False
0.596131 0.131690 -0.488849 False
0.596625 0.132148 -0.490282 False
0.595552 0.132277 -0.492072 False
0.596201 0.132289 -0.492689 False
0.597040 0.132249 -0.492533 False
0.596780 0.132154 -0.492979 False
0.595714 0.131858 -0.492716 False
0.595986 0.132165 -0.489905 False
0.596112 0.132290 -0.489624 False
0.596931 0.132344 -0.490185 False
0.596692 0.132163 -0.489020 False
0.596784 0.131878 -0.490710 False
0.596141 0.132310 -0.489822 False
0.596060 0.132284 -0.487086 False
0.597107 0.132283 -0.489837 False
0.596240 0.132317 -0.489434 False
0.595967 0.132210 -0.488807 False
0.595855 0.131901 -0.486805 False
0.596411 0.132032 -0.490566 False
0.595005 0.131793 -0.490554 False
0.596707 0.132053 -0.488510 False
0.598522 0.133080 -0.488838 False
0.596147 0.131910 -0.486195 False
0.596768 0.131687 -0.486806 False
0.597309 0.132082 -0.487028 False
0.597552 0.132208 -0.487817 False
0.597465 0.132279 -0.488642 False
0.597152 0.132318 -0.491309 False
0.597024 0.132447 -0.488764 False
0.598055 0.132887 -0.488281 False
0.597667 0.132479 -0.487862 False
0.596847 0.132301 -0.486915 False
0.596821 0.132140 -0.484409 False
0.596774 0.131763 -0.486755 False
0.597043 0.132006 -0.487753 False
0.597324 0.131829 -0.488582 False
0.597446 0.132181 -0.491294 False
0.596982 0.132332 -0.488920 False
0.596703 0.132605 -0.488447 False
0.596435 0.133291 -0.488536 False
0.597573 0.132545 -0.489010 False
0.597667 0.132331 -0.490784 False
0.598007 0.132265 -0.489912 False
0.597742 0.132153 -0.491671 False
0.597984 0.131793 -0.491485 False
0.598045 0.132141 -0.491655 False
0.597610 0.132261 -0.492018 False
0.597751 0.132274 -0.492089 False
0.597559 0.132212 -0.491437 False
0.596922 0.132106 -0.489174 False
0.597475 0.131761 -0.488342 False
0.597587 0.132160 -0.487992 False
0.597279 0.132751 -0.487287 False
0.598074 0.133521 -0.486022 False
0.599312 0.137603 -0.480644 False
0.600104 0.138738 -0.479335 False
0.599322 0.139225 -0.479143 False
0.599636 0.138831 -0.479249 False
0.599768 0.138613 -0.479375 False
0.599970 0.138363 -0.479622 False
0.600582 0.139587 -0.480407 False
0.599579 0.139336 -0.479602 False
0.599929 0.138852 -0.479481 False
0.600320 0.138948 -0.479588 False
0.600131 0.139864 -0.479848 False
0.599344 0.140168 -0.478429 False
0.599978 0.140449 -0.475913 False
0.601362 0.141091 -0.465848 False
0.599945 0.139252 -0.476056 False
0.599305 0.138721 -0.479080 False
0.599583 0.138502 -0.479719 False
0.599314 0.138083 -0.479535 False
0.600255 0.138605 -0.479466 False
0.600117 0.139034 -0.479219 False
0.600000 0.139164 -0.479568 False
0.599888 0.139259 -0.479799 False
0.600270 0.138863 -0.481162 False
0.599577 0.139291 -0.480456 False
0.599213 0.139266 -0.479473 False
0.599342 0.138705 -0.479510 False
0.600331 0.138339 -0.480034 False
0.600119 0.139496 -0.480995 False
0.599794 0.139072 -0.480188 False
0.598327 0.139285 -0.479644 False
0.600078 0.138769 -0.479891 False
0.600277 0.137765 -0.481325 False
0.598971 0.134146 -0.486581 False
0.596733 0.132532 -0.487434 False
0.594994 0.132214 -0.488302 False
0.597905 0.132286 -0.487602 False
0.599564 0.132536 -0.486904 False
0.598516 0.132272 -0.487252 False
0.597176 0.132250 -0.487538 False
0.597277 0.132438 -0.487869 False
0.598338 0.133467 -0.489329 False
0.597509 0.136931 -0.484485 False
0.597137 0.133448 -0.486041 False
0.597039 0.132439 -0.486824 False
0.596985 0.132236 -0.486998 False
0.596843 0.132140 -0.487469 False
0.596426 0.131834 -0.487757 False
0.597648 0.132127 -0.487536 False
0.598232 0.132287 -0.487105 False
0.598332 0.132416 -0.486804 False
0.597582 0.132290 -0.487187 False
0.598305 0.132267 -0.489045 False
0.598457 0.132354 -0.488460 False
0.598109 0.132673 -0.487475 False
0.598335 0.132420 -0.487712 False
0.598919 0.132889 -0.487653 False
0.598311 0.133993 -0.486160 False
0.600090 0.138072 -0.481657 False
0.600891 0.140190 -0.482051 False
0.601201 0.140854 -0.482301 False
0.600800 0.139465 -0.480946 False
0.598016 0.134253 -0.475239 False
0.595558 0.127222 -0.466318 False
0.597560 0.108370 -0.421241 False
0.598124 0.125919 -0.473218 False
0.597002 0.130743 -0.488522 False
0.598417 0.132150 -0.488968 False
0.598590 0.132826 -0.486641 False
0.598687 0.138525 -0.469976 False
0.600280 0.139742 -0.476456 False
0.600846 0.139060 -0.479334 False
0.600892 0.138791 -0.479893 False
0.600912 0.138718 -0.480229 False
0.600374 0.138685 -0.480287 False
0.599993 0.138723 -0.479925 False
0.599972 0.138931 -0.479889 False
0.600203 0.139579 -0.479418 False
0.600542 0.138916 -0.479664 False
0.600572 0.138736 -0.479799 False
0.600747 0.138681 -0.480033 False
0.600967 0.138692 -0.480094 False
0.600379 0.138726 -0.480024 False
0.600319 0.138894 -0.479682 False
0.600328 0.139583 -0.479219 False
0.600365 0.139153 -0.479567 False
0.599479 0.139896 -0.478823 False
0.600229 0.140279 -0.479194 False
0.600395 0.140868 -0.480693 False
0.599968 0.140046 -0.479752 False
0.600105 0.138979 -0.479996 False
0.600395 0.138816 -0.480026 False
0.600503 0.139171 -0.479507 False
0.601000 0.138931 -0.479826 False
0.600716 0.139207 -0.479597 False
0.600522 0.138945 -0.479783 False
0.599790 0.139336 -0.479254 False
0.599655 0.139434 -0.479037 False
0.599949 0.139387 -0.478827 False
0.600386 0.139115 -0.479710 False
0.600756 0.138869 -0.480574 False
0.600821 0.139118 -0.481842 False
0.600521 0.139274 -0.481330 False
0.600127 0.140128 -0.479887 False
0.599392 0.140299 -0.473094 False
0.595527 0.133729 -0.444973 False
0.576989 0.111111 -0.391734 False
0.586558 0.103537 -0.383480 False
0.599454 0.102427 -0.390311 False
0.602436 0.113666 -0.416761 False
0.602766 0.125944 -0.444608 False
0.600912 0.133291 -0.463171 False
0.597788 0.118682 -0.434218 False
0.592962 0.100700 -0.402667 False
0.583337 0.090197 -0.433460 False
0.576869 0.093123 -0.401720 False
0.573369 0.100060 -0.369681 False
0.574952 0.101282 -0.365545 False
0.588643 0.108933 -0.382916 False
0.598040 0.132594 -0.458148 False
0.599941 0.138976 -0.478950 False
0.600684 0.139811 -0.481358 False
0.601207 0.139099 -0.481296 False
0.600748 0.138972 -0.481117 False
0.600606 0.139449 -0.482147 False
0.600331 0.139968 -0.481387 False
0.600171 0.140087 -0.480911 False
0.600296 0.140097 -0.481619 False
0.600357 0.140098 -0.482896 False
0.600452 0.140148 -0.483109 False
0.600388 0.140362 -0.481437 False
0.600271 0.141016 -0.479734 False
0.600330 0.139246 -0.479673 False
0.600275 0.139014 -0.479713 False
0.599985 0.139983 -0.479734 False
0.598734 0.140740 -0.479169 False
0.598491 0.140043 -0.479478 False
0.599606 0.140783 -0.481489 False
0.600327 0.140529 -0.481539 False
0.599251 0.141529 -0.480839 False
0.599140 0.143006 -0.479429 False
0.599192 0.142497 -0.480845 False
0.599378 0.141691 -0.482391 False
0.599814 0.141813 -0.481676 False
0.599995 0.141616 -0.481863 False
0.600000 0.140686 -0.481712 False
0.600503 0.141327 -0.481581 False
0.600542 0.140696 -0.481911 False
0.600744 0.141649 -0.481536 False
0.601171 0.141905 -0.481233 False
0.601351 0.141886 -0.481772 False
0.601851 0.141641 -0.481723 False
0.601814 0.140750 -0.480853 False
0.601288 0.141660 -0.479831 False
0.600666 0.141943 -0.480615 False
0.599511 0.141983 -0.479685 False
0.599988 0.141763 -0.481042 False
0.599629 0.140577 -0.481480 False
0.598498 0.136241 -0.483365 False
0.599948 0.138226 -0.481158 False
0.600696 0.139704 -0.480271 False
0.600702 0.139051 -0.480006 False
0.600927 0.139261 -0.479763 False
0.599629 0.140923 -0.479037 False
0.600311 0.141221 -0.479216 False
0.600599 0.139280 -0.479916 False
0.600788 0.138748 -0.480238 False
0.600581 0.138666 -0.479921 False
0.600434 0.138689 -0.479970 False
0.599666 0.138889 -0.479782 False
0.599005 0.139596 -0.479095 False
0.600334 0.139142 -0.479433 False
0.599884 0.139699 -0.479127 False
0.600087 0.139282 -0.479590 False
0.599937 0.140033 -0.479388 False
0.600116 0.138985 -0.480222 False
0.599380 0.137898 -0.481566 False
0.600132 0.134414 -0.485038 False
0.598634 0.133916 -0.477467 False
0.597768 0.130873 -0.461435 False
0.594823 0.112023 -0.411188 False
0.597146 0.132976 -0.461170 False
0.595816 0.139867 -0.478712 False
0.596643 0.139850 -0.483862 False
0.599946 0.134145 -0.489624 False
0.600553 0.133178 -0.492401 False
0.601128 0.137024 -0.487974 False
0.602615 0.134713 -0.490017 False
0.602839 0.133090 -0.492353 False
0.601962 0.132246 -0.494084 False
0.601679 0.132116 -0.492648 False
0.601196 0.132677 -0.494067 False
0.602040 0.133286 -0.492470 False
0.601920 0.137488 -0.489935 False
0.600492 0.134119 -0.489102 False
0.601874 0.133607 -0.492078 False
0.603830 0.136102 -0.490367 False
0.601458 0.134201 -0.493445 False
0.601870 0.135769 -0.490095 False
0.602535 0.138821 -0.488734 False
0.602497 0.136872 -0.489352 False
0.602129 0.134830 -0.489521 False
0.601923 0.136809 -0.487080 False
0.600680 0.138784 -0.482011 False
0.601377 0.139338 -0.480254 False
0.599263 0.140323 -0.478283 False
0.591216 0.144479 -0.463041 False
0.548607 0.158252 -0.409641 False
0.344215 0.136826 -0.460021 False
0.433863 0.136301 -0.472091 False
0.561579 0.138479 -0.480181 False
0.595743 0.139207 -0.481940 False
0.602167 0.139383 -0.480887 False
0.602720 0.139373 -0.481718 False
0.605454 0.139283 -0.477814 False
0.617031 0.139173 -0.460956 False
0.648845 0.139361 -0.405398 False
0.563265 0.140055 -0.476992 False
0.392053 0.160470 -0.509436 False
0.519260 0.144159 -0.493598 False
0.485758 0.145967 -0.473988 False
0.573899 0.140733 -0.478813 False
0.597871 0.138829 -0.482050 False
0.602029 0.136433 -0.488641 False
0.602185 0.138270 -0.485156 False
0.601698 0.135499 -0.490944 False
0.601146 0.134589 -0.492408 False
0.600658 0.135669 -0.489747 False
0.599411 0.138506 -0.484474 False
0.599599 0.138731 -0.484352 False
0.600559 0.136973 -0.489620 False
0.600454 0.138431 -0.485299 False
0.598421 0.138614 -0.481093 False
0.588077 0.142404 -0.453441 False
0.554711 0.153082 -0.365170 False
0.576847 0.146518 -0.421953 False
0.557832 0.154541 -0.359367 False
0.603125 0.142597 -0.429397 False
0.655201 0.139988 -0.396974 False
0.617625 0.138485 -0.460461 False
0.611587 0.137853 -0.475949 False
0.606632 0.137857 -0.482992 False
0.602841 0.138198 -0.484327 False
0.600293 0.138574 -0.482688 False
0.599849 0.138835 -0.481126 False
0.599682 0.137301 -0.486335 False
0.599732 0.135810 -0.491465 False
0.598602 0.136421 -0.491235 False
0.597945 0.137108 -0.489488 False
0.601174 0.134726 -0.487955 False
0.600658 0.136533 -0.484479 False
0.599617 0.138669 -0.481263 False
0.597987 0.138583 -0.479984 False
0.600385 0.138285 -0.484047 False
0.600177 0.139241 -0.481751 False
0.599556 0.139245 -0.479949 False
0.599931 0.138073 -0.482722 False
0.600743 0.133908 -0.489725 False
0.599362 0.138044 -0.481115 False
0.599064 0.139273 -0.479055 False
0.599117 0.139718 -0.478272 False
0.599239 0.140552 -0.479096 False
0.599415 0.141203 -0.480206 False
0.599591 0.141348 -0.479135 False
0.599708 0.141315 -0.480564 False
0.599632 0.140987 -0.481848 False
0.598544 0.139767 -0.481068 False
0.598818 0.139502 -0.478948 False
0.598336 0.139548 -0.478041 False
0.597967 0.139584 -0.477967 False
0.597936 0.139383 -0.479077 False
0.599274 0.138600 -0.482691 False
0.600371 0.137356 -0.488425 False
0.600583 0.133453 -0.492875 False
0.600929 0.134299 -0.490533 False
0.598845 0.132377 -0.490376 False
0.599282 0.131762 -0.492972 False
0.595932 0.132103 -0.491735 False
0.598293 0.133788 -0.490371 False
0.597896 0.132600 -0.491481 False
0.597378 0.132347 -0.491141 False
0.597695 0.132975 -0.488607 False
0.598772 0.135736 -0.483781 False
0.599843 0.138094 -0.480086 False
0.600699 0.137684 -0.481874 False
0.599375 0.133759 -0.489850 False
0.597542 0.131787 -0.491821 False
0.597249 0.131109 -0.492144 False
0.597301 0.131334 -0.491967 False
0.597883 0.131570 -0.491694 False
0.597605 0.132139 -0.490573 False
0.597486 0.132301 -0.490831 False
0.596880 0.132400 -0.490224 False
0.597069 0.132323 -0.490179 False
0.597565 0.132289 -0.488033 False
0.597435 0.132262 -0.488540 False
0.597455 0.132288 -0.491015 False
0.596980 0.132362 -0.491248 False
0.597973 0.132668 -0.492030 False
0.598139 0.132376 -0.491793 False
0.597854 0.132263 -0.491611 False
0.596963 0.132247 -0.491833 False
0.597564 0.132260 -0.491469 False
0.597545 0.132450 -0.491029 False
0.598162 0.133354 -0.489629 False
0.600110 0.136445 -0.484400 False
0.598359 0.133313 -0.490382 False
0.597818 0.132302 -0.492775 False
0.597708 0.131730 -0.492262 False
0.597640 0.131720 -0.492294 False
0.597101 0.132094 -0.491973 False
0.596943 0.132080 -0.491266 False
0.596909 0.131688 -0.490153 False
0.597624 0.131762 -0.491581 False
0.597654 0.132946 -0.489772 False
0.598641 0.137082 -0.483698 False
0.596622 0.133302 -0.489916 False
0.597381 0.133748 -0.490278 False
0.599095 0.138531 -0.484260 False
0.599287 0.133744 -0.491010 False
0.597429 0.127770 -0.491820 False
0.590915 0.107587 -0.485437 False
0.584678 0.088718 -0.473452 False
0.583577 0.086985 -0.456190 False
0.585383 0.096556 -0.402287 False
0.586392 0.089940 -0.436909 False
0.595902 0.097749 -0.391034 False
0.597905 0.096410 -0.373166 False
0.606188 0.098795 -0.381889 False
0.607951 0.099841 -0.386635 False
0.606622 0.100712 -0.398376 False
0.596608 0.097054 -0.433727 False
0.588913 0.099127 -0.463818 False
0.601893 0.136646 -0.459818 False
0.617856 0.152546 -0.400818 False
0.608581 0.110841 -0.405538 False
0.588284 0.090748 -0.454903 False
0.585668 0.092895 -0.464274 False
0.594314 0.121110 -0.462850 False
0.587641 0.102826 -0.466590 False
0.596218 0.130778 -0.476201 False
0.598333 0.138045 -0.479841 False
0.599444 0.141497 -0.481744 False
0.599722 0.142390 -0.482356 False
0.599337 0.141976 -0.482125 False
0.597776 0.142775 -0.481805 False
0.596586 0.143230 -0.481221 False
0.598837 0.142287 -0.480399 False
0.599907 0.143109 -0.478852 False
0.600803 0.145705 -0.479346 False
0.600630 0.141217 -0.481229 False
0.598751 0.122798 -0.485239 False
0.590902 0.053408 -0.496710 False
0.586796 0.041442 -0.494170 False
0.583966 0.044768 -0.488417 False
0.582753 0.057314 -0.481606 False
0.583496 0.073011 -0.475896 False
0.589912 0.065697 -0.487541 False
0.596051 0.117573 -0.466601 False
0.589053 0.107579 -0.460299 False
0.582849 0.095490 -0.456914 False
0.595341 0.131546 -0.458661 False
0.598834 0.140916 -0.459822 False
0.600468 0.141716 -0.460464 False
0.599579 0.133127 -0.459524 False
0.591606 0.099676 -0.456007 False
0.603749 0.098469 -0.420778 False
0.587513 0.087540 -0.457944 False
0.586070 0.092495 -0.471942 False
0.592969 0.116744 -0.482791 False
0.587863 0.101311 -0.479021 False
0.595358 0.125838 -0.484028 False
0.593292 0.129113 -0.477877 False
0.580283 0.095789 -0.456594 False
0.567911 0.091819 -0.408879 False
0.570702 0.081066 -0.432348 False
0.568742 0.083073 -0.408516 False
0.586252 0.087001 -0.437948 False
0.605817 0.107508 -0.419420 False
0.601487 0.130504 -0.468989 False
0.597350 0.117581 -0.490301 False
0.594730 0.073408 -0.497940 False
0.599073 0.119204 -0.486931 False
0.599648 0.136418 -0.467085 False
0.596632 0.133114 -0.463118 False
0.592486 0.122300 -0.462735 False
0.588084 0.108163 -0.464704 False
0.584301 0.094887 -0.467791 False
0.582013 0.086661 -0.470763 False
0.582132 0.092443 -0.467561 False
0.593155 0.121650 -0.475741 False
0.588125 0.102192 -0.469722 False
0.594591 0.125107 -0.475389 False
0.590444 0.111909 -0.474788 False
0.586984 0.100884 -0.474363 False
0.597106 0.131663 -0.478969 False
0.598939 0.139080 -0.479460 False
0.598852 0.140304 -0.482952 False
0.596845 0.134535 -0.489744 False
0.597362 0.133715 -0.490254 False
0.598960 0.136515 -0.486631 False
0.600697 0.131965 -0.493886 False
0.599533 0.131362 -0.494059 False
0.601274 0.131129 -0.494644 False
0.599017 0.132526 -0.492315 False
0.599059 0.134778 -0.488851 False
0.599422 0.137168 -0.485207 False
0.599897 0.139126 -0.482192 False
0.600320 0.139561 -0.481560 False
0.600169 0.139324 -0.482049 False
0.599630 0.137915 -0.483827 False
0.598244 0.132393 -0.490657 False
0.595843 0.131476 -0.489434 False
0.597360 0.131586 -0.488890 False
0.598622 0.132099 -0.488057 False
0.598765 0.132515 -0.487727 False
0.598661 0.132772 -0.487523 False
0.598314 0.131845 -0.487775 False
0.598296 0.131912 -0.487726 False
0.599128 0.132788 -0.486874 False
0.598696 0.132306 -0.483970 False
0.598807 0.133362 -0.487830 False
0.596875 0.132526 -0.488103 False
0.599063 0.133759 -0.489334 False
0.599627 0.133757 -0.490118 False
0.599414 0.132400 -0.491578 False
0.597921 0.131431 -0.490534 False
0.595617 0.131872 -0.491517 False
0.597757 0.131675 -0.489239 False
0.598859 0.131655 -0.488731 False
0.597781 0.132087 -0.488015 False
0.594078 0.132240 -0.487586 False
0.594514 0.132419 -0.488181 False
0.596859 0.132779 -0.488808 False
0.597430 0.132053 -0.491536 False
0.595379 0.131971 -0.488034 False
0.595785 0.131282 -0.484029 False
0.594150 0.131994 -0.487339 False
0.596040 0.132226 -0.488438 False
0.597451 0.132163 -0.488416 False
0.597719 0.131770 -0.488343 False
0.597232 0.131893 -0.488326 False
0.596498 0.131012 -0.488879 False
0.596131 0.130759 -0.486999 False
0.597078 0.130664 -0.485653 False
0.596525 0.130686 -0.488208 False
0.595306 0.131605 -0.489277 False
0.594050 0.131064 -0.490418 False
0.597312 0.132270 -0.488914 False
0.599125 0.135766 -0.483031 False
0.598992 0.131828 -0.485381 False
0.598061 0.130927 -0.482912 False
0.597576 0.131603 -0.485638 False
0.596762 0.131026 -0.484016 False
0.598205 0.131941 -0.489888 False
0.598161 0.132146 -0.490662 False
0.597257 0.132051 -0.488654 False
0.598346 0.133153 -0.487668 False
0.596839 0.131642 -0.486007 False
0.596990 0.132017 -0.483328 False
0.596482 0.131916 -0.487172 False
0.597975 0.131035 -0.487659 False
0.594684 0.130789 -0.486850 False
0.595954 0.130970 -0.491466 False
0.594885 0.131964 -0.490242 False
0.596727 0.131696 -0.488745 False
0.598028 0.131602 -0.488006 False
0.599129 0.131541 -0.487587 False
0.599757 0.131594 -0.487660 False
0.598592 0.131884 -0.491004 False
0.597280 0.131818 -0.489495 False
0.599631 0.133229 -0.487487 False
0.599004 0.137461 -0.481149 False
0.599250 0.139551 -0.479147 False
0.598662 0.139622 -0.478961 False
0.598712 0.139746 -0.479041 False
0.599144 0.141014 -0.478765 False
0.599227 0.139720 -0.479285 False
0.599413 0.138901 -0.479783 False
0.599631 0.138812 -0.479713 False
0.598419 0.139184 -0.479512 False
0.597551 0.140292 -0.479337 False
0.598093 0.137950 -0.481365 False
0.597120 0.133379 -0.486781 False
0.596348 0.132203 -0.487908 False
0.595948 0.132287 -0.488496 False
0.596186 0.133913 -0.487324 False
0.599061 0.140129 -0.482619 False
0.599030 0.141419 -0.478464 False
0.600372 0.141715 -0.465178 False
0.602677 0.141696 -0.459708 False
0.604511 0.139743 -0.457194 False
0.602075 0.135558 -0.468570 False
0.604944 0.119078 -0.449423 False
0.606918 0.106762 -0.435478 False
0.600452 0.125872 -0.474609 False
0.598169 0.131349 -0.486150 False
0.597352 0.132449 -0.490915 False
0.598611 0.132732 -0.490539 False
0.597765 0.132802 -0.490743 False
0.599320 0.134429 -0.488003 False
0.599345 0.138303 -0.483365 False
0.598428 0.133754 -0.489368 False
0.597850 0.132325 -0.491375 False
0.598554 0.131683 -0.491603 False
0.598666 0.131908 -0.491235 False
0.598233 0.131749 -0.491451 False
0.598359 0.132284 -0.491295 False
0.599324 0.133011 -0.490311 False
0.599403 0.133010 -0.490336 False
0.598243 0.132306 -0.491357 False
0.598790 0.131921 -0.491197 False
0.599335 0.132743 -0.490556 False
0.598674 0.132434 -0.491033 False
0.599511 0.132580 -0.490006 False
0.600050 0.132794 -0.489806 False
0.599970 0.133111 -0.488816 False
0.598789 0.131789 -0.485355 False
0.593105 0.126967 -0.467261 False
0.580479 0.111250 -0.408914 False
0.592486 0.126439 -0.464516 False
0.595746 0.129810 -0.477704 False
0.598033 0.131733 -0.486779 False
0.597616 0.131623 -0.490040 False
0.598436 0.132772 -0.490716 False
0.596788 0.132019 -0.490735 False
0.596805 0.130972 -0.485485 False
0.599133 0.127053 -0.471238 False
0.605025 0.114004 -0.426016 False
0.600630 0.128760 -0.471708 False
0.599021 0.133692 -0.484744 False
0.597983 0.137631 -0.486117 False
0.597454 0.139357 -0.484774 False
0.598929 0.134562 -0.488901 False
0.598227 0.132604 -0.490650 False
0.597592 0.132266 -0.488789 False
0.598749 0.132757 -0.489051 False
0.597235 0.132254 -0.489647 False
0.597375 0.132134 -0.488367 False
0.596668 0.132099 -0.487369 False
0.596426 0.132128 -0.488645 False
0.594993 0.132281 -0.490607 False
0.596543 0.132612 -0.488017 False
0.598572 0.132521 -0.487869 False
0.597762 0.132456 -0.486289 False
0.597419 0.133151 -0.484683 False
0.596414 0.131899 -0.486477 False
0.597813 0.133311 -0.483897 False
0.597806 0.135154 -0.482583 False
0.599551 0.139447 -0.480208 False
0.600408 0.138279 -0.480466 False
0.598192 0.135707 -0.482708 False
0.598793 0.137793 -0.481524 False
0.599429 0.140283 -0.479994 False
0.598731 0.140072 -0.479592 False
0.596610 0.141064 -0.479509 False
0.596493 0.141301 -0.479113 False
0.598596 0.141319 -0.479572 False
0.599426 0.141320 -0.479647 False
0.599669 0.141251 -0.479729 False
0.599620 0.141010 -0.479693 False
0.599713 0.140117 -0.479469 False
0.599755 0.140994 -0.477147 False
0.599123 0.141003 -0.466757 False
0.598062 0.140360 -0.455235 False
0.598170 0.140421 -0.454740 False
0.596232 0.137271 -0.448973 False
0.584577 0.121397 -0.409259 False
0.573791 0.106591 -0.372730 False
0.573024 0.105021 -0.368533 False
0.577507 0.110780 -0.384103 False
0.595557 0.133580 -0.457328 False
0.600615 0.139019 -0.477428 False
0.602196 0.141480 -0.481602 False
0.602555 0.142112 -0.484362 False
0.601663 0.141395 -0.483315 False
0.600087 0.140186 -0.480461 False
0.599008 0.140720 -0.479396 False
0.596532 0.139742 -0.479113 False
0.596436 0.139323 -0.479767 False
0.598031 0.138448 -0.481116 False
0.598886 0.135487 -0.485737 False
0.597572 0.138318 -0.480991 False
0.599471 0.137923 -0.481115 False
0.597889 0.133212 -0.486265 False
0.598781 0.132526 -0.488480 False
0.598153 0.131958 -0.488114 False
0.598130 0.132489 -0.489232 False
0.597473 0.132409 -0.488063 False
0.597160 0.132571 -0.486842 False
0.595887 0.132951 -0.482047 False
0.590367 0.132284 -0.463482 False
0.576861 0.116039 -0.414474 False
0.593750 0.133944 -0.461379 False
0.598274 0.139041 -0.475617 False
0.599431 0.141104 -0.479159 False
0.600006 0.140879 -0.479424 False
0.599922 0.139817 -0.479108 False
0.599860 0.139687 -0.479180 False
0.599867 0.140416 -0.478964 False
0.599953 0.141496 -0.478665 False
0.599457 0.140248 -0.478862 False
0.599158 0.140204 -0.479473 False
0.598876 0.137694 -0.482270 False
0.597609 0.132907 -0.489100 False
0.597525 0.132118 -0.491235 False
0.598198 0.132063 -0.492499 False
0.600107 0.132125 -0.489793 False
0.600338 0.132180 -0.489250 False
0.598451 0.132126 -0.490533 False
0.597673 0.131936 -0.490977 False
0.598626 0.133061 -0.489689 False
0.598956 0.133632 -0.489893 False
0.598287 0.132601 -0.490251 False
0.597338 0.132319 -0.489183 False
0.596407 0.132222 -0.488588 False
0.597277 0.132162 -0.490745 False
0.597381 0.132110 -0.491073 False
0.597169 0.132020 -0.491172 False
0.596559 0.133361 -0.489730 False
0.597791 0.138314 -0.484857 False
0.597372 0.133463 -0.488798 False
0.596817 0.132412 -0.488487 False
0.597298 0.132239 -0.488138 False
0.596254 0.132355 -0.488824 False
0.596765 0.131748 -0.490575 False
0.596113 0.131768 -0.488524 False
0.596102 0.132130 -0.487561 False
0.596046 0.132069 -0.487123 False
0.595841 0.131978 -0.487613 False
0.596804 0.131696 -0.490936 False
0.596922 0.131856 -0.491978 False
0.595978 0.131150 -0.491942 False
0.593556 0.130092 -0.493032 False
0.597267 0.133045 -0.490588 False
0.598656 0.134387 -0.489681 False
0.597133 0.133334 -0.488469 False
0.597510 0.132782 -0.490952 False
0.593222 0.132072 -0.490999 False
0.595028 0.132624 -0.489363 False
0.596991 0.132373 -0.491196 False
0.596756 0.132247 -0.491143 False
0.597336 0.132118 -0.491919 False
0.597860 0.131698 -0.491507 False
