0.528287 0.227287 -0.246911 False
0.543615 0.222053 -0.251278 False
0.553373 0.219426 -0.253455 False
0.572324 0.211670 -0.259421 False
0.592644 0.202305 -0.266496 False
0.613421 0.191935 -0.274236 False
0.633744 0.181166 -0.282201 False
0.652701 0.170602 -0.289949 False
0.669379 0.160850 -0.297037 False
0.682869 0.152513 -0.303025 False
0.692256 0.146197 -0.307470 False
0.696631 0.142507 -0.309930 False
0.695081 0.142049 -0.309965 False
0.690022 0.143011 -0.308738 False
0.673447 0.150371 -0.302844 False
0.619893 0.182131 -0.279971 False
0.566703 0.214022 -0.257327 False
0.550371 0.222356 -0.252453 False
0.547737 0.223553 -0.251809 False
0.552704 0.222877 -0.252940 False
0.563062 0.218146 -0.256936 False
0.576324 0.209684 -0.263434 False
0.627559 0.172098 -0.290649 False
0.573453 0.210944 -0.263020 False
0.554151 0.219786 -0.255448 False
0.548150 0.222386 -0.253840 False
0.546619 0.222596 -0.253664 False
0.546429 0.222215 -0.254163 False
0.546581 0.221360 -0.254053 False
0.547124 0.221270 -0.254183 False
0.547391 0.221756 -0.254044 False
0.547588 0.221020 -0.253073 False
0.547935 0.220439 -0.252038 False
0.547626 0.220308 -0.252284 False
0.547800 0.220297 -0.251906 False
0.547730 0.220301 -0.252394 False
0.547708 0.220191 -0.252445 False
0.547719 0.219828 -0.252782 False
0.547689 0.220168 -0.252512 False
0.547872 0.220151 -0.251818 False
0.548082 0.219771 -0.251575 False
0.547838 0.219777 -0.251762 False
0.547540 0.220065 -0.252456 False
0.547439 0.219817 -0.252650 False
0.547119 0.219889 -0.252464 False
0.547162 0.220295 -0.252834 False
0.547189 0.220073 -0.252359 False
0.548554 0.219412 -0.251899 False
0.554876 0.217211 -0.254394 False
0.574187 0.207073 -0.262230 False
0.628847 0.169647 -0.290133 False
0.574572 0.206896 -0.261768 False
0.555059 0.217734 -0.253796 False
0.548633 0.219963 -0.252330 False
0.546958 0.220071 -0.252274 False
0.546713 0.219802 -0.252469 False
0.546934 0.219301 -0.252332 False
0.547084 0.219588 -0.252588 False
0.547401 0.220021 -0.252900 False
0.547201 0.220070 -0.253089 False
0.546791 0.219826 -0.252634 False
0.546352 0.219936 -0.252386 False
0.545796 0.220334 -0.251725 False
0.546799 0.220694 -0.251411 False
0.554581 0.218852 -0.252946 False
0.582281 0.206471 -0.262347 False
0.665217 0.157009 -0.298922 False
0.693403 0.144088 -0.308864 False
0.702104 0.141818 -0.309756 False
0.702973 0.142712 -0.309856 False
0.692088 0.143979 -0.308620 False
0.647498 0.149039 -0.302860 False
0.574243 0.159602 -0.288771 False
0.305897 0.206855 -0.227553 False
0.214602 0.188725 -0.234751 False
0.221143 0.164858 -0.236600 False
0.301716 0.153923 -0.249649 False
0.539341 0.145412 -0.293172 False
0.513755 0.142333 -0.293702 False
0.452156 0.140139 -0.284154 False
0.373064 0.136693 -0.269407 False
0.295002 0.129859 -0.254343 False
0.269079 0.109221 -0.249068 False
0.260416 0.091300 -0.246321 False
0.277007 0.076121 -0.246872 False
0.356007 0.079107 -0.261879 False
0.588612 0.130387 -0.298388 False
0.633079 0.143586 -0.308415 False
0.632522 0.144396 -0.308343 False
0.586524 0.131898 -0.298010 False
0.350597 0.079254 -0.257988 False
0.271235 0.066259 -0.247224 False
0.249614 0.064381 -0.245800 False
0.246776 0.067188 -0.248175 False
0.248850 0.067830 -0.248991 False
0.251413 0.067003 -0.250365 False
0.253271 0.068022 -0.251855 False
0.255137 0.067719 -0.251271 False
0.256571 0.066838 -0.251838 False
0.257348 0.067044 -0.251872 False
0.258365 0.067367 -0.251191 False
0.258715 0.068231 -0.249837 False
0.258910 0.067034 -0.249506 False
0.258964 0.067195 -0.248163 False
0.259209 0.067537 -0.247586 False
0.259013 0.068415 -0.248037 False
0.259361 0.067431 -0.248998 False
0.259209 0.066892 -0.248741 False
0.258710 0.065689 -0.248830 False
0.257433 0.065686 -0.249018 False
0.254923 0.066375 -0.248529 False
0.252287 0.068169 -0.247835 False
0.250717 0.066538 -0.248331 False
0.250475 0.067383 -0.248402 False
0.249852 0.066863 -0.247776 False
0.249068 0.065947 -0.247804 False
0.246896 0.065297 -0.247266 False
0.244611 0.065694 -0.246655 False
0.244049 0.065817 -0.246319 False
0.242895 0.067807 -0.246600 False
0.240822 0.065560 -0.246465 False
0.241068 0.064636 -0.245533 False
0.239782 0.064663 -0.243261 False
0.237443 0.065515 -0.242182 False
0.237176 0.066949 -0.243020 False
0.237055 0.065731 -0.242973 False
0.233108 0.065541 -0.242540 False
0.223166 0.066242 -0.240881 False
0.213720 0.067152 -0.236024 False
0.215486 0.066364 -0.228959 False
0.231814 0.064082 -0.244024 False
0.224320 0.064612 -0.246754 False
0.223583 0.065589 -0.246071 False
0.226040 0.067522 -0.245753 False
0.228034 0.067666 -0.248555 False
0.228896 0.066362 -0.248393 False
0.229669 0.067376 -0.248495 False
0.230086 0.067046 -0.248848 False
0.229927 0.066740 -0.249026 False
0.230211 0.067499 -0.249397 False
0.230213 0.067312 -0.249378 False
0.230143 0.069182 -0.249005 False
0.229940 0.067178 -0.249493 False
0.230027 0.067068 -0.249869 False
0.229855 0.066892 -0.249393 False
0.230139 0.066462 -0.249877 False
0.230093 0.066651 -0.248989 False
0.229852 0.068094 -0.248737 False
0.230056 0.073339 -0.248590 False
0.230011 0.068258 -0.247857 False
0.229865 0.067516 -0.247771 False
0.229639 0.069645 -0.249250 False
0.229735 0.067275 -0.248625 False
0.229474 0.066924 -0.249389 False
0.229481 0.068052 -0.249637 False
0.229834 0.067032 -0.248285 False
0.231064 0.065920 -0.248399 False
0.234603 0.066237 -0.249452 False
0.238338 0.066189 -0.248971 False
0.241313 0.066166 -0.251312 False
0.242583 0.067355 -0.250722 False
0.243077 0.068735 -0.250046 False
0.243029 0.069200 -0.250038 False
0.243236 0.067657 -0.249419 False
0.243238 0.067155 -0.249588 False
0.243356 0.068214 -0.249744 False
0.243312 0.069304 -0.250216 False
0.243801 0.068770 -0.251978 False
0.243902 0.067623 -0.252589 False
0.244231 0.067479 -0.252148 False
0.244504 0.067950 -0.252870 False
0.244513 0.067676 -0.253009 False
0.244735 0.068536 -0.252840 False
0.244620 0.069875 -0.252754 False
0.244369 0.068579 -0.252442 False
0.243672 0.067960 -0.252692 False
0.243353 0.066939 -0.252667 False
0.243070 0.067159 -0.252350 False
0.243756 0.069194 -0.252524 False
0.244672 0.069494 -0.253169 False
0.245450 0.068654 -0.253135 False
0.246198 0.068854 -0.253353 False
0.246368 0.068194 -0.253189 False
0.246455 0.067583 -0.253843 False
0.246139 0.067118 -0.254062 False
0.245990 0.067756 -0.254557 False
0.245927 0.067372 -0.254651 False
0.245798 0.068649 -0.254865 False
0.245715 0.068346 -0.254205 False
0.245413 0.068242 -0.254146 False
0.245038 0.068199 -0.254063 False
0.244296 0.068120 -0.254188 False
0.242531 0.067683 -0.253688 False
0.241054 0.066282 -0.253403 False
0.241722 0.066211 -0.252954 False
0.254360 0.069272 -0.253951 False
0.305843 0.081566 -0.259722 False
0.470675 0.111526 -0.282234 False
0.635603 0.140504 -0.304644 False
0.687494 0.146937 -0.309937 False
0.700507 0.148054 -0.310251 False
0.701872 0.147468 -0.309979 False
0.701578 0.147602 -0.309920 False
0.702878 0.147597 -0.309947 False
0.700787 0.147322 -0.309910 False
0.703558 0.146634 -0.310775 False
0.702251 0.146228 -0.311062 False
0.702069 0.145807 -0.310954 False
0.698261 0.145592 -0.311407 False
0.677220 0.148102 -0.307859 False
0.599022 0.163324 -0.285026 False
0.361420 0.222903 -0.194595 False
0.281925 0.221542 -0.166983 False
0.260385 0.219565 -0.162123 False
0.256808 0.218203 -0.162944 False
0.258076 0.218195 -0.163422 False
0.260037 0.218554 -0.163460 False
0.261826 0.220099 -0.163589 False
0.262651 0.220577 -0.163747 False
0.263207 0.219092 -0.163839 False
0.263436 0.217747 -0.163914 False
0.263130 0.217649 -0.163974 False
0.262647 0.217724 -0.163169 False
0.262878 0.219857 -0.162931 False
0.262773 0.218302 -0.162812 False
0.262702 0.217823 -0.162577 False
0.262580 0.217535 -0.163072 False
0.262387 0.216868 -0.163661 False
0.262059 0.216371 -0.164306 False
0.261475 0.217020 -0.165146 False
0.260401 0.219159 -0.164468 False
0.258892 0.221084 -0.163742 False
0.257738 0.221665 -0.162562 False
0.260918 0.221080 -0.162624 False
0.281734 0.218930 -0.165716 False
0.360398 0.206641 -0.190676 False
0.598593 0.159516 -0.284826 False
0.676782 0.148069 -0.308283 False
0.698214 0.146135 -0.312404 False
0.701331 0.146657 -0.311826 False
0.699601 0.147081 -0.310935 False
0.698207 0.147269 -0.310817 False
0.698441 0.146979 -0.310590 False
0.697075 0.146765 -0.310198 False
0.696717 0.146897 -0.310112 False
0.695988 0.146988 -0.310038 False
0.695800 0.147240 -0.309941 False
0.696950 0.147185 -0.309788 False
0.700288 0.148006 -0.310568 False
0.708089 0.151195 -0.314211 False
0.709670 0.152504 -0.315597 False
0.700503 0.149710 -0.312097 False
0.681623 0.145905 -0.307716 False
0.622016 0.124997 -0.282624 False
0.443443 0.041892 -0.182860 False
0.387961 0.022932 -0.157840 False
0.385722 0.023558 -0.158817 False
0.426601 0.040654 -0.180363 False
0.547081 0.103317 -0.255329 False
0.428867 0.042291 -0.180633 False
0.386408 0.024403 -0.160704 False
0.372897 0.020956 -0.156631 False
0.369005 0.021769 -0.155758 False
0.368719 0.020649 -0.155196 False
0.369484 0.020208 -0.155796 False
0.373369 0.022694 -0.156789 False
0.386530 0.026204 -0.160699 False
0.429034 0.042315 -0.181223 False
0.549286 0.103089 -0.254529 False
0.432720 0.041953 -0.181211 False
0.403421 0.027633 -0.165044 False
0.432906 0.041794 -0.182356 False
0.549728 0.103326 -0.256978 False
0.429244 0.043402 -0.181940 False
0.386605 0.025800 -0.160706 False
0.373381 0.022433 -0.156184 False
0.370296 0.020833 -0.155635 False
0.370175 0.020772 -0.155970 False
0.370662 0.020926 -0.156936 False
0.371084 0.021060 -0.155900 False
0.371438 0.021275 -0.155964 False
0.371566 0.021927 -0.155621 False
0.371673 0.021930 -0.155775 False
0.371665 0.021267 -0.155731 False
0.371673 0.020952 -0.156334 False
0.371685 0.020399 -0.155627 False
0.371696 0.021485 -0.155919 False
0.371737 0.020059 -0.156147 False
0.371720 0.020830 -0.156266 False
0.371741 0.021049 -0.156047 False
0.371761 0.021115 -0.156152 False
0.371747 0.021248 -0.156178 False
0.371686 0.021780 -0.156192 False
0.371680 0.022243 -0.156205 False
0.371653 0.021997 -0.155748 False
0.371658 0.022122 -0.156096 False
0.371697 0.021321 -0.156243 False
0.371706 0.021140 -0.155915 False
0.371655 0.021268 -0.155621 False
0.371634 0.021926 -0.155648 False
0.371612 0.022096 -0.156043 False
0.371558 0.022134 -0.155596 False
0.371621 0.022182 -0.155935 False
0.371609 0.022353 -0.155737 False
0.371623 0.022185 -0.156085 False
0.371624 0.022125 -0.156147 False
0.371642 0.021339 -0.155579 False
0.371695 0.022208 -0.155889 False
0.371615 0.022624 -0.155595 False
0.371577 0.023383 -0.155769 False
0.371626 0.023679 -0.156713 False
0.371638 0.022751 -0.156506 False
0.371631 0.022499 -0.156363 False
0.371640 0.022450 -0.156053 False
0.371674 0.022448 -0.155045 False
0.371731 0.022450 -0.156036 False
0.371713 0.022448 -0.156317 False
0.371657 0.022450 -0.156851 False
0.371648 0.022491 -0.156112 False
0.371668 0.022713 -0.156759 False
0.371688 0.023543 -0.155734 False
0.371644 0.022978 -0.156715 False
0.371466 0.023558 -0.156917 False
0.371245 0.022800 -0.156908 False
0.370931 0.022848 -0.156733 False
0.370487 0.022350 -0.156157 False
0.370162 0.021985 -0.155678 False
0.370100 0.021646 -0.154909 False
0.373379 0.020309 -0.154829 False
0.389003 0.022576 -0.159731 False
0.441802 0.042458 -0.184369 False
0.596251 0.130455 -0.278151 False
0.576869 0.179296 -0.276283 False
0.527793 0.220326 -0.251076 False
0.461600 0.253005 -0.213424 False
0.390865 0.276794 -0.174221 False
0.355735 0.289010 -0.156750 False
0.327819 0.293509 -0.147065 False
0.306299 0.292001 -0.143606 False
0.290354 0.286200 -0.144815 False
0.279166 0.277816 -0.149132 False
0.271913 0.268563 -0.154999 False
0.267778 0.260152 -0.160857 False
0.265940 0.254296 -0.165147 False
0.265580 0.252705 -0.166310 False
0.266673 0.263241 -0.157651 False
0.267218 0.275006 -0.147910 False
0.266010 0.283251 -0.140693 False
0.261842 0.283227 -0.139602 False
0.253510 0.270184 -0.148243 False
0.236997 0.238310 -0.179455 False
0.214481 0.157924 -0.217603 False
0.187298 0.081003 -0.258450 False
0.149874 0.079590 -0.294798 False
0.109833 0.057316 -0.324621 False
0.073681 0.039643 -0.348356 False
0.037753 0.027444 -0.363511 False
0.018667 0.021963 -0.371695 False
0.024879 0.024324 -0.373151 False
0.064847 0.035650 -0.368124 False
0.147030 0.057064 -0.356859 False
0.382860 0.098194 -0.335811 False
0.627788 0.142719 -0.312821 False
0.749742 0.175185 -0.296046 False
0.841614 0.203445 -0.281306 False
0.905799 0.227716 -0.268527 False
0.944693 0.248211 -0.257634 False
0.960689 0.265145 -0.248551 False
0.956183 0.278733 -0.241205 False
0.933571 0.289190 -0.235521 False
0.895246 0.296731 -0.231423 False
0.843604 0.301570 -0.228837 False
0.781040 0.303922 -0.227688 False
0.709948 0.304002 -0.227902 False
0.632724 0.302025 -0.229404 False
0.551763 0.298206 -0.232118 False
0.469460 0.292758 -0.235971 False
0.388209 0.285898 -0.240888 False
0.310406 0.277839 -0.246793 False
0.238445 0.268797 -0.253612 False
0.174721 0.258986 -0.261270 False
0.121631 0.248621 -0.269693 False
0.081567 0.237917 -0.278806 False
0.070257 0.225413 -0.287700 False
0.073268 0.213371 -0.302217 False
0.076650 0.211607 -0.311379 False
0.082389 0.214398 -0.319000 False
0.084007 0.215590 -0.320406 False
0.084719 0.215347 -0.320382 False
0.084660 0.216859 -0.320586 False
0.084683 0.217576 -0.320682 False
0.084821 0.217078 -0.320959 False
0.085411 0.216497 -0.320770 False
0.084826 0.216568 -0.320676 False
0.084616 0.217297 -0.320983 False
0.084481 0.216506 -0.320913 False
0.084251 0.216280 -0.320834 False
0.084493 0.216090 -0.320832 False
0.084566 0.215612 -0.320844 False
0.084606 0.215628 -0.320739 False
0.084596 0.216231 -0.321001 False
0.084527 0.216969 -0.320917 False
0.084543 0.217424 -0.320813 False
0.084502 0.218586 -0.320513 False
0.084423 0.219132 -0.320794 False
0.084386 0.218293 -0.320824 False
0.084485 0.216329 -0.320752 False
0.084520 0.216582 -0.320211 False
0.084462 0.215810 -0.320293 False
0.084514 0.216120 -0.320393 False
0.084474 0.216376 -0.320715 False
0.084541 0.217070 -0.320424 False
0.084557 0.217599 -0.320304 False
0.084543 0.217357 -0.320057 False
0.084499 0.217615 -0.319963 False
0.084628 0.217251 -0.320059 False
0.084855 0.217267 -0.320366 False
0.084915 0.217683 -0.320894 False
0.084922 0.217539 -0.321215 False
0.085181 0.216558 -0.321046 False
0.085626 0.216577 -0.321051 False
0.085132 0.217622 -0.320963 False
0.085095 0.217919 -0.320984 False
0.084942 0.216322 -0.320557 False
0.084954 0.217022 -0.320724 False
0.085045 0.217671 -0.320810 False
0.085431 0.217735 -0.321053 False
0.085189 0.217338 -0.320552 False
0.085052 0.217427 -0.320794 False
0.084928 0.216399 -0.321037 False
0.084819 0.215932 -0.321252 False
0.085125 0.216803 -0.321344 False
0.085226 0.216957 -0.321340 False
0.085250 0.216680 -0.321281 False
0.085252 0.217403 -0.320997 False
0.085501 0.216825 -0.321139 False
0.085501 0.215567 -0.320836 False
0.085437 0.216738 -0.320504 False
0.085718 0.217059 -0.320719 False
0.086058 0.216955 -0.321009 False
0.085981 0.216318 -0.320479 False
0.085934 0.215811 -0.320167 False
0.085806 0.216332 -0.320552 False
0.085758 0.217142 -0.320722 False
0.085804 0.216276 -0.320954 False
0.085874 0.217470 -0.321437 False
0.085792 0.217669 -0.321449 False
0.085833 0.217262 -0.321548 False
0.085794 0.217260 -0.321472 False
0.085874 0.217718 -0.321771 False
0.085811 0.217837 -0.321631 False
0.085906 0.217859 -0.321466 False
0.085916 0.217861 -0.321682 False
0.085983 0.217859 -0.321772 False
0.086086 0.217837 -0.321445 False
0.086362 0.217716 -0.321418 False
0.086616 0.217252 -0.321683 False
0.086505 0.217231 -0.321402 False
0.085975 0.217574 -0.321205 False
0.085817 0.217229 -0.321132 False
0.085588 0.217227 -0.320545 False
0.085555 0.217592 -0.320832 False
0.085660 0.217382 -0.320555 False
0.085701 0.217926 -0.320437 False
0.085711 0.218531 -0.320506 False
0.085692 0.218404 -0.320815 False
0.085608 0.217387 -0.320423 False
0.085353 0.217150 -0.320044 False
0.085242 0.217259 -0.319859 False
0.085236 0.217869 -0.319994 False
0.085315 0.218237 -0.320409 False
0.085463 0.217370 -0.320656 False
0.085332 0.217135 -0.320133 False
0.085286 0.217110 -0.320320 False
0.085274 0.217226 -0.319960 False
0.085286 0.217685 -0.320044 False
0.085339 0.217493 -0.320620 False
0.085494 0.218154 -0.320113 False
0.085426 0.217380 -0.320266 False
0.085569 0.217271 -0.319949 False
0.085573 0.217621 -0.319959 False
0.085340 0.217223 -0.320393 False
0.085288 0.217122 -0.319937 False
0.085288 0.217144 -0.319829 False
0.085333 0.217333 -0.319916 False
0.085467 0.217982 -0.320390 False
0.085333 0.216829 -0.320457 False
0.085289 0.217007 -0.320576 False
0.085297 0.217077 -0.320634 False
0.085366 0.217142 -0.320192 False
0.085576 0.217366 -0.320740 False
0.085551 0.218142 -0.320616 False
0.085375 0.217373 -0.321003 False
0.085370 0.217153 -0.321010 False
0.085536 0.217062 -0.320756 False
0.085457 0.216838 -0.321252 False
0.085667 0.216052 -0.320941 False
0.085573 0.216840 -0.320395 False
0.085932 0.217062 -0.321047 False
0.085828 0.217135 -0.321008 False
0.085899 0.217275 -0.320262 False
0.086245 0.217780 -0.320351 False
0.086273 0.217757 -0.320409 False
0.086024 0.217240 -0.320482 False
0.085847 0.216797 -0.320868 False
0.085899 0.215438 -0.320906 False
0.085873 0.215579 -0.321421 False
0.086100 0.210649 -0.325481 False
0.086082 0.215523 -0.322104 False
0.086185 0.216996 -0.320926 False
0.085916 0.217752 -0.321142 False
0.085950 0.217888 -0.321757 False
0.085962 0.217928 -0.321668 False
0.085960 0.218129 -0.321819 False
0.085935 0.218897 -0.321678 False
0.085856 0.218123 -0.320951 False
0.085883 0.217860 -0.321168 False
0.085860 0.217490 -0.321057 False
0.085946 0.216349 -0.321244 False
0.086056 0.217489 -0.321124 False
0.085953 0.217387 -0.321212 False
0.085808 0.215951 -0.321185 False
0.085774 0.215855 -0.321388 False
0.085829 0.216845 -0.320944 False
0.086134 0.215211 -0.320717 False
0.086329 0.214834 -0.320976 False
0.086399 0.215135 -0.321032 False
0.085791 0.216691 -0.320174 False
0.085344 0.217206 -0.320048 False
0.085151 0.217755 -0.320402 False
0.085157 0.217848 -0.320300 False
0.085406 0.217735 -0.320679 False
0.085566 0.217270 -0.320150 False
0.085525 0.217281 -0.320457 False
0.085287 0.217759 -0.320631 False
0.084787 0.217693 -0.321105 False
0.084001 0.216888 -0.321241 False
0.081534 0.217078 -0.320991 False
0.078261 0.216649 -0.319388 False
0.072991 0.214215 -0.312526 False
0.081008 0.213253 -0.309858 False
0.116925 0.211864 -0.297795 False
0.234529 0.203487 -0.270328 False
0.563674 0.158664 -0.300310 False
0.672463 0.147585 -0.308843 False
0.702261 0.145621 -0.310737 False
0.707595 0.145833 -0.310458 False
0.705092 0.146092 -0.311186 False
0.697393 0.146271 -0.311237 False
0.670807 0.150243 -0.308490 False
0.586463 0.171215 -0.291760 False
0.344842 0.249689 -0.228296 False
0.341625 0.235338 -0.216406 False
0.585070 0.167083 -0.288326 False
0.669853 0.148980 -0.307547 False
0.695578 0.146449 -0.311525 False
0.702895 0.147014 -0.311481 False
0.703597 0.147871 -0.311834 False
0.699063 0.147419 -0.311840 False
0.680937 0.144716 -0.308829 False
0.613674 0.124805 -0.290479 False
0.410399 0.042937 -0.217171 False
0.343242 0.021819 -0.198644 False
0.325890 0.018274 -0.195479 False
0.323287 0.017634 -0.195138 False
0.323903 0.019394 -0.197088 False
0.325038 0.020036 -0.200352 False
0.326821 0.020078 -0.210049 False
0.327070 0.019196 -0.199722 False
0.327328 0.020771 -0.197789 False
0.327316 0.019248 -0.197290 False
0.327070 0.018302 -0.196735 False
0.327244 0.018782 -0.197495 False
0.327005 0.020853 -0.197820 False
0.327362 0.019846 -0.197230 False
0.327419 0.018594 -0.196399 False
0.327373 0.018654 -0.195616 False
0.327202 0.020093 -0.196305 False
0.326771 0.020124 -0.196833 False
0.326516 0.018754 -0.196629 False
0.326235 0.018719 -0.195545 False
0.325783 0.018014 -0.194881 False
0.325180 0.017518 -0.195432 False
0.324578 0.017541 -0.196369 False
0.324339 0.017101 -0.195498 False
0.327843 0.016953 -0.196011 False
0.346691 0.020625 -0.200202 False
0.410770 0.041796 -0.218031 False
0.596412 0.122490 -0.288240 False
0.600153 0.122484 -0.287903 False
0.430174 0.044367 -0.221078 False
0.415279 0.041480 -0.217752 False
0.533435 0.101206 -0.269018 False
0.395243 0.037964 -0.215724 False
0.353408 0.014772 -0.204833 False
0.331702 0.017974 -0.197558 False
0.325672 0.017450 -0.196491 False
0.324869 0.017454 -0.196056 False
0.325344 0.018545 -0.196783 False
0.325869 0.021170 -0.196355 False
0.325326 0.021552 -0.196869 False
0.323111 0.021216 -0.196557 False
0.323331 0.020489 -0.196395 False
0.322736 0.017465 -0.195662 False
0.323379 0.015985 -0.195292 False
0.333940 0.017305 -0.196600 False
0.376064 0.032269 -0.207499 False
0.511037 0.084482 -0.253573 False
0.646542 0.136285 -0.299681 False
0.690325 0.147559 -0.309999 False
0.703995 0.149751 -0.312397 False
0.714985 0.152152 -0.314886 False
0.715918 0.151578 -0.314692 False
0.710136 0.149315 -0.312954 False
0.700984 0.146649 -0.310806 False
0.698218 0.146551 -0.310738 False
0.695655 0.146852 -0.311174 False
0.693229 0.145936 -0.312946 False
0.694780 0.146801 -0.311755 False
0.695957 0.147760 -0.310245 False
0.697088 0.147285 -0.310556 False
0.696368 0.146620 -0.310848 False
0.689516 0.146896 -0.309548 False
0.665426 0.149383 -0.305495 False
0.633936 0.154038 -0.297477 False
0.596459 0.161250 -0.284299 False
0.423639 0.195000 -0.216715 False
0.604415 0.158328 -0.287018 False
0.648133 0.149757 -0.303520 False
0.591498 0.156102 -0.292585 False
0.510290 0.168527 -0.270746 False
0.416330 0.184150 -0.243159 False
0.321439 0.200090 -0.214979 False
0.237439 0.213466 -0.191363 False
0.212101 0.216551 -0.187065 False
0.206556 0.216816 -0.186147 False
0.206659 0.216482 -0.187015 False
0.207688 0.215821 -0.186946 False
0.208702 0.215756 -0.188333 False
0.209471 0.215876 -0.188551 False
0.209768 0.215734 -0.187615 False
0.210012 0.216169 -0.187918 False
0.210168 0.216418 -0.187364 False
0.210281 0.216433 -0.186817 False
0.210231 0.216870 -0.185696 False
0.210058 0.216963 -0.186513 False
0.210037 0.216635 -0.187394 False
0.209923 0.216889 -0.188284 False
0.210091 0.216448 -0.188104 False
0.210255 0.216218 -0.188220 False
0.210719 0.215673 -0.188772 False
0.210732 0.215893 -0.189310 False
0.210750 0.215973 -0.189602 False
0.210688 0.216633 -0.188950 False
0.210464 0.216565 -0.188708 False
0.210170 0.215631 -0.188757 False
0.210054 0.215270 -0.188797 False
0.210217 0.216033 -0.189094 False
0.210443 0.216731 -0.188560 False
0.209770 0.216056 -0.187347 False
0.209969 0.216544 -0.186386 False
0.209876 0.217635 -0.187010 False
0.210217 0.216457 -0.187449 False
0.210437 0.215109 -0.187233 False
0.210282 0.215950 -0.187405 False
0.210558 0.216229 -0.188156 False
0.210682 0.216351 -0.188345 False
0.210560 0.216165 -0.187143 False
0.210472 0.217942 -0.187209 False
0.210672 0.218336 -0.187086 False
0.210537 0.218010 -0.186466 False
0.210385 0.216369 -0.185826 False
0.210371 0.215756 -0.186473 False
0.210463 0.215472 -0.188640 False
0.210505 0.215563 -0.188346 False
0.210278 0.215551 -0.188656 False
0.210087 0.216625 -0.188852 False
0.210588 0.216327 -0.188412 False
0.211884 0.216249 -0.187830 False
0.213404 0.216669 -0.187292 False
0.216482 0.214872 -0.191212 False
0.204019 0.221628 -0.188450 False
0.177890 0.245961 -0.216390 False
0.139059 0.258290 -0.255160 False
0.135179 0.244666 -0.306784 False
0.130027 0.228451 -0.329976 False
0.122545 0.221445 -0.337566 False
0.119397 0.218868 -0.336391 False
0.120422 0.213016 -0.338286 False
0.120540 0.211578 -0.343365 False
0.121076 0.211408 -0.344140 False
0.120567 0.211446 -0.344385 False
0.120995 0.211492 -0.344608 False
0.121407 0.211672 -0.344247 False
0.121136 0.211655 -0.344539 False
0.120967 0.211641 -0.344489 False
0.120716 0.211601 -0.344182 False
0.120935 0.211556 -0.343982 False
0.121005 0.211412 -0.343990 False
0.120978 0.211171 -0.344163 False
0.120802 0.211871 -0.344365 False
0.120259 0.211788 -0.344320 False
0.120118 0.212116 -0.344253 False
0.120209 0.212283 -0.344163 False
0.120614 0.212318 -0.344673 False
0.120383 0.212302 -0.344905 False
0.120655 0.212185 -0.344672 False
0.120354 0.211726 -0.344218 False
0.120340 0.211603 -0.344566 False
0.120819 0.211567 -0.344515 False
0.120921 0.211717 -0.344853 False
0.120744 0.212074 -0.345160 False
0.120093 0.212107 -0.344822 False
0.120078 0.211746 -0.344468 False
0.120241 0.211664 -0.344452 False
0.120749 0.212013 -0.344104 False
0.120754 0.211677 -0.344204 False
0.120264 0.211595 -0.344273 False
0.120135 0.211549 -0.344180 False
0.120230 0.211572 -0.343938 False
0.120633 0.211553 -0.343731 False
0.120388 0.211593 -0.343817 False
0.120588 0.211622 -0.344339 False
0.120165 0.211591 -0.344184 False
0.119104 0.211560 -0.343995 False
0.119071 0.211689 -0.344388 False
0.119420 0.211742 -0.344170 False
0.119734 0.211915 -0.343860 False
0.121041 0.211232 -0.344294 False
0.121014 0.211222 -0.344665 False
0.121959 0.210250 -0.345926 False
0.122754 0.208353 -0.350344 False
0.121838 0.210888 -0.345921 False
0.121526 0.211594 -0.344655 False
0.120640 0.212015 -0.344354 False
0.121236 0.211765 -0.344198 False
0.121376 0.212046 -0.344259 False
0.120622 0.211721 -0.343789 False
0.120524 0.211725 -0.343808 False
0.120402 0.212074 -0.344331 False
0.120617 0.211601 -0.344328 False
0.120208 0.212593 -0.344006 False
0.120097 0.211894 -0.343847 False
0.119945 0.211579 -0.343987 False
0.120427 0.211571 -0.343866 False
0.120618 0.211768 -0.344292 False
0.120741 0.212103 -0.344400 False
0.120408 0.211851 -0.344140 False
0.120673 0.211748 -0.344363 False
0.121010 0.211611 -0.344392 False
0.120849 0.211688 -0.344342 False
0.120992 0.211576 -0.344148 False
0.121081 0.211576 -0.344441 False
0.121230 0.211546 -0.344420 False
0.121349 0.211571 -0.344415 False
0.121449 0.211570 -0.344472 False
0.121197 0.211708 -0.344680 False
0.121139 0.212054 -0.344450 False
0.120920 0.211751 -0.344742 False
0.120549 0.211830 -0.344838 False
0.120448 0.212649 -0.344930 False
0.120929 0.211972 -0.345118 False
0.121077 0.212205 -0.345119 False
0.121070 0.212312 -0.344565 False
0.121094 0.212601 -0.344138 False
0.121192 0.211851 -0.344155 False
0.121290 0.211980 -0.343530 False
0.121263 0.211699 -0.343915 False
0.121050 0.211620 -0.344265 False
0.120389 0.211720 -0.344193 False
0.120294 0.212179 -0.344698 False
0.120075 0.212256 -0.345030 False
0.120014 0.212156 -0.344828 False
0.120045 0.211706 -0.344614 False
0.120237 0.211597 -0.344491 False
0.120865 0.211726 -0.344457 False
0.120936 0.212137 -0.344189 False
0.120317 0.212207 -0.344518 False
0.119625 0.212337 -0.344574 False
0.118403 0.212567 -0.344693 False
0.116549 0.213196 -0.344865 False
0.116318 0.213266 -0.344092 False
0.125951 0.212938 -0.341506 False
0.170196 0.210444 -0.331883 False
0.324382 0.190537 -0.324511 False
0.491514 0.161543 -0.318622 False
0.646101 0.124955 -0.315418 False
0.698683 0.040365 -0.323997 False
0.709879 0.040248 -0.324466 False
0.704730 0.122758 -0.315420 False
0.697122 0.144445 -0.312656 False
0.676182 0.151427 -0.307880 False
0.616086 0.164145 -0.288552 False
0.448349 0.209291 -0.217749 False
0.612088 0.161740 -0.288195 False
0.652751 0.152227 -0.304468 False
0.607686 0.167558 -0.288207 False
0.428726 0.234212 -0.211614 False
0.536018 0.187328 -0.264743 False
0.429553 0.227810 -0.215934 False
0.613943 0.166132 -0.289469 False
0.677914 0.149363 -0.309361 False
0.694948 0.146618 -0.313329 False
0.685253 0.146966 -0.310446 False
0.636762 0.142263 -0.294718 False
0.492761 0.120608 -0.236766 False
0.559101 0.132298 -0.275283 False
0.421941 0.097364 -0.221767 False
0.375785 0.038801 -0.196456 False
0.363307 0.025910 -0.190148 False
0.364592 0.024482 -0.190601 False
0.378784 0.028140 -0.194239 False
0.422785 0.044266 -0.210707 False
0.545468 0.105406 -0.269511 False
0.423544 0.045497 -0.210656 False
0.379876 0.027064 -0.192241 False
0.366026 0.023242 -0.187998 False
0.366345 0.024571 -0.189380 False
0.380965 0.028483 -0.192665 False
0.430681 0.045797 -0.211042 False
0.571515 0.113681 -0.278673 False
0.501453 0.079544 -0.254106 False
0.411864 0.032293 -0.217414 False
0.389966 0.020272 -0.211128 False
0.375121 0.016159 -0.209025 False
0.366170 0.017431 -0.207758 False
0.363488 0.022385 -0.195468 False
0.361339 0.023664 -0.191843 False
0.361232 0.024359 -0.190144 False
0.362380 0.024405 -0.189596 False
0.360447 0.024485 -0.189930 False
0.353508 0.019264 -0.185016 False
0.352019 0.015564 -0.182241 False
0.360029 0.016468 -0.184666 False
0.381586 0.025060 -0.195351 False
0.442224 0.041794 -0.222991 False
0.613707 0.124947 -0.293112 False
0.634840 0.134837 -0.299150 False
0.528815 0.089666 -0.254034 False
0.412502 0.038315 -0.204135 False
0.388126 0.028373 -0.195390 False
0.424521 0.041079 -0.211403 False
0.561082 0.106230 -0.272436 False
0.489117 0.066199 -0.232209 False
0.585864 0.115493 -0.281920 False
0.500447 0.074409 -0.253181 False
0.407053 0.028193 -0.216792 False
0.388341 0.025958 -0.198673 False
0.422736 0.042708 -0.209971 False
0.542726 0.103643 -0.267398 False
0.419309 0.042995 -0.210186 False
0.377067 0.025715 -0.194072 False
0.372822 0.023626 -0.193488 False
0.408008 0.029820 -0.211910 False
0.526487 0.081811 -0.256555 False
0.647964 0.136435 -0.301300 False
0.683283 0.153805 -0.315103 False
0.700630 0.159313 -0.318898 False
0.704896 0.156954 -0.316323 False
0.700972 0.150726 -0.311018 False
0.701873 0.147686 -0.310093 False
0.708012 0.145961 -0.311911 False
0.709050 0.145488 -0.313239 False
0.702240 0.146611 -0.312532 False
0.694122 0.146468 -0.312428 False
0.668153 0.151987 -0.302988 False
0.580464 0.175748 -0.263869 False
0.478197 0.203291 -0.218567 False
0.371886 0.229019 -0.175993 False
0.272060 0.247334 -0.145054 False
0.224668 0.229116 -0.143682 False
0.177001 0.239905 -0.170864 False
0.130139 0.254663 -0.205608 False
0.099447 0.256202 -0.258009 False
0.084008 0.245006 -0.299797 False
0.079534 0.231605 -0.317172 False
0.083222 0.217251 -0.318154 False
0.081216 0.210377 -0.322335 False
0.081255 0.209390 -0.327593 False
0.087249 0.210400 -0.344065 False
0.095205 0.210407 -0.360275 False
0.097858 0.210488 -0.364276 False
0.098243 0.210512 -0.364596 False
0.098051 0.210649 -0.364801 False
0.097926 0.211031 -0.364244 False
0.097906 0.210750 -0.364254 False
0.098029 0.211162 -0.364193 False
0.098175 0.211186 -0.364277 False
0.098035 0.210747 -0.364189 False
0.098294 0.210671 -0.364207 False
0.098102 0.211162 -0.363940 False
0.098076 0.211138 -0.363934 False
0.098000 0.210490 -0.364183 False
0.098081 0.209930 -0.363811 False
0.098154 0.210155 -0.362912 False
0.098618 0.210187 -0.362973 False
0.099091 0.209812 -0.363392 False
0.099011 0.210519 -0.363734 False
0.098608 0.211247 -0.363547 False
0.098834 0.210063 -0.363695 False
0.098781 0.209811 -0.363279 False
0.099199 0.210017 -0.364585 False
0.098996 0.209673 -0.363240 False
0.098407 0.209976 -0.363495 False
0.097981 0.209719 -0.363645 False
0.098034 0.209702 -0.363805 False
0.098011 0.210209 -0.363838 False
0.098123 0.210572 -0.363834 False
0.097943 0.211666 -0.364224 False
0.097780 0.211572 -0.363642 False
0.097677 0.210194 -0.363801 False
0.097525 0.210496 -0.363660 False
0.097780 0.211547 -0.363219 False
0.098200 0.211440 -0.363746 False
0.098390 0.211966 -0.363762 False
0.098558 0.212439 -0.363296 False
0.098429 0.211813 -0.363883 False
0.098705 0.210729 -0.364294 False
0.098484 0.210335 -0.364366 False
0.098343 0.209773 -0.363971 False
0.098101 0.209651 -0.363430 False
0.098347 0.209697 -0.364204 False
0.098731 0.210353 -0.364016 False
0.098416 0.210616 -0.364048 False
0.098410 0.209991 -0.364380 False
0.098464 0.209538 -0.364668 False
0.098348 0.209557 -0.364650 False
0.098237 0.210088 -0.364270 False
0.098216 0.210287 -0.363579 False
0.098259 0.210553 -0.363653 False
0.098171 0.211524 -0.364238 False
0.098218 0.211278 -0.364099 False
0.098658 0.211162 -0.363997 False
0.098918 0.210748 -0.363762 False
0.099203 0.211377 -0.363998 False
0.099251 0.210709 -0.364135 False
0.099520 0.211093 -0.364196 False
0.099486 0.211412 -0.364236 False
0.098916 0.211728 -0.363773 False
0.097991 0.211459 -0.363820 False
0.097593 0.211299 -0.364067 False
0.097715 0.210979 -0.363989 False
0.097668 0.211495 -0.364038 False
0.097616 0.210971 -0.363966 False
0.097695 0.211400 -0.363978 False
0.097765 0.210549 -0.363835 False
0.097625 0.210337 -0.363895 False
0.097370 0.211558 -0.363788 False
0.097267 0.211862 -0.363783 False
0.097417 0.211801 -0.363865 False
0.097516 0.211325 -0.363806 False
0.097681 0.211198 -0.363893 False
0.097690 0.211171 -0.363803 False
0.097733 0.211169 -0.363853 False
0.097832 0.211190 -0.363979 False
0.097850 0.211311 -0.364053 False
0.097818 0.211787 -0.364006 False
0.098016 0.211906 -0.363769 False
0.097811 0.211916 -0.363979 False
0.097801 0.211863 -0.364006 False
0.098036 0.211451 -0.363812 False
0.098549 0.211809 -0.363767 False
0.099038 0.212004 -0.363759 False
0.098533 0.212460 -0.363811 False
0.098608 0.212130 -0.364024 False
0.098795 0.212065 -0.364064 False
0.098671 0.212466 -0.364002 False
0.099023 0.212125 -0.363837 False
0.099012 0.212014 -0.363818 False
0.098779 0.211929 -0.364039 False
0.098525 0.211914 -0.364216 False
0.098580 0.211911 -0.364682 False
0.098675 0.211878 -0.364504 False
0.099227 0.211505 -0.364426 False
0.099188 0.211711 -0.364215 False
0.098757 0.211491 -0.364161 False
0.098961 0.211817 -0.364418 False
0.098585 0.211910 -0.364415 False
0.098521 0.211925 -0.364153 False
0.098154 0.211803 -0.364066 False
0.098056 0.211379 -0.364052 False
0.098179 0.211260 -0.364044 False
0.098048 0.211514 -0.364062 False
0.098134 0.212197 -0.364105 False
0.097877 0.211198 -0.364219 False
0.097869 0.209854 -0.363672 False
0.097780 0.209625 -0.363816 False
0.097718 0.209946 -0.363739 False
0.097611 0.211325 -0.364016 False
0.097974 0.210913 -0.364218 False
0.098260 0.211304 -0.363677 False
0.098180 0.211696 -0.364588 False
0.097385 0.211468 -0.364822 False
0.097267 0.211513 -0.364521 False
0.097144 0.211873 -0.364203 False
0.097691 0.211583 -0.364325 False
0.098060 0.211734 -0.364797 False
0.098434 0.211433 -0.364961 False
0.096721 0.211305 -0.364251 False
0.092913 0.211575 -0.359548 False
0.082951 0.211203 -0.339724 False
0.091406 0.211074 -0.332506 False
0.101889 0.213722 -0.313443 False
0.124348 0.220497 -0.274537 False
0.139342 0.219214 -0.250683 False
0.154571 0.214713 -0.230212 False
0.169915 0.207385 -0.212877 False
0.185254 0.197620 -0.198431 False
0.200468 0.185807 -0.186625 False
0.215438 0.172335 -0.177211 False
0.230043 0.157595 -0.169943 False
0.244163 0.141975 -0.164572 False
0.257680 0.125866 -0.160850 False
0.270472 0.109657 -0.158530 False
0.282419 0.093738 -0.157364 False
0.293403 0.078498 -0.157104 False
0.303303 0.064327 -0.157503 False
0.311999 0.051614 -0.158312 False
0.319371 0.040749 -0.159284 False
0.325299 0.032123 -0.160171 False
0.329664 0.026123 -0.160725 False
0.331069 0.024902 -0.159023 False
0.330953 0.025150 -0.161292 False
0.331665 0.023494 -0.160961 False
0.330951 0.024572 -0.158775 False
0.330546 0.024943 -0.159751 False
0.331216 0.024924 -0.157593 False
0.333603 0.024608 -0.148649 False
0.331839 0.023468 -0.162134 False
0.330808 0.023628 -0.158963 False
0.330099 0.022988 -0.149845 False
0.330002 0.023451 -0.157669 False
0.330239 0.022786 -0.159471 False
0.330110 0.023212 -0.155815 False
0.330305 0.025945 -0.148801 False
0.330188 0.030879 -0.157760 False
0.330480 0.027087 -0.159956 False
0.330474 0.028373 -0.158470 False
0.330145 0.029727 -0.157285 False
0.330294 0.031812 -0.157159 False
0.330102 0.025042 -0.156213 False
0.330530 0.025197 -0.152484 False
0.330602 0.028898 -0.156100 False
0.330593 0.023222 -0.150551 False
0.330533 0.021902 -0.156157 False
0.330449 0.025143 -0.157688 False
0.330319 0.022657 -0.159909 False
0.330053 0.022696 -0.161498 False
0.330307 0.023273 -0.162237 False
0.330252 0.019625 -0.163312 False
0.330420 0.020686 -0.158523 False
0.330359 0.021253 -0.148869 False
0.330009 0.021382 -0.155206 False
0.329953 0.022197 -0.157068 False
0.330205 0.023366 -0.157082 False
0.330954 0.028438 -0.155076 False
0.331669 0.035663 -0.151890 False
0.332167 0.044773 -0.147807 False
0.332265 0.055499 -0.143106 False
0.331779 0.067573 -0.138069 False
0.330526 0.080726 -0.132978 False
0.328321 0.094690 -0.128112 False
0.324982 0.109196 -0.123754 False
0.320325 0.123975 -0.120185 False
0.314167 0.138759 -0.117685 False
0.306323 0.153280 -0.116536 False
0.296610 0.167268 -0.117018 False
0.284846 0.180456 -0.119414 False
0.270845 0.192574 -0.124003 False
0.254426 0.203354 -0.131068 False
0.235404 0.212528 -0.140889 False
0.213595 0.219827 -0.153747 False
0.188049 0.223359 -0.167326 False
0.145422 0.227746 -0.190397 False
0.116249 0.232817 -0.228067 False
0.100685 0.234185 -0.257401 False
0.094325 0.230333 -0.275378 False
0.093905 0.218519 -0.280791 False
0.093272 0.216238 -0.282075 False
0.094608 0.215626 -0.281534 False
0.095955 0.214743 -0.280773 False
0.096864 0.214493 -0.280004 False
0.100295 0.215023 -0.281819 False
0.102710 0.215001 -0.286372 False
0.111082 0.214376 -0.315416 False
0.113631 0.214249 -0.323125 False
0.114050 0.214340 -0.324758 False
0.114205 0.214692 -0.325217 False
0.114297 0.215633 -0.324604 False
0.113359 0.215498 -0.324193 False
0.113583 0.215868 -0.323521 False
0.114096 0.215895 -0.323930 False
0.113760 0.215532 -0.323474 False
0.113299 0.215835 -0.323429 False
0.113233 0.215982 -0.323134 False
0.113295 0.215922 -0.323056 False
0.113832 0.215535 -0.323103 False
0.114662 0.216044 -0.323923 False
0.115448 0.216712 -0.324517 False
0.115526 0.217068 -0.324759 False
0.115651 0.217795 -0.323600 False
0.115919 0.216738 -0.324851 False
0.116211 0.216767 -0.325285 False
0.115851 0.216666 -0.324568 False
0.115275 0.216165 -0.324276 False
0.115019 0.215748 -0.323191 False
0.115658 0.216712 -0.323142 False
0.116115 0.217310 -0.324017 False
0.115734 0.216349 -0.324128 False
0.114135 0.216131 -0.323180 False
0.114219 0.216241 -0.323024 False
0.114309 0.216439 -0.322860 False
0.114036 0.215675 -0.322736 False
0.114334 0.216011 -0.322355 False
0.114386 0.216316 -0.322255 False
0.114514 0.216702 -0.322173 False
0.114002 0.216378 -0.322221 False
0.114007 0.216344 -0.322271 False
0.114323 0.216726 -0.322588 False
0.114670 0.216593 -0.322941 False
0.114662 0.217382 -0.323186 False
0.114658 0.217076 -0.323384 False
0.114453 0.216798 -0.323954 False
0.114004 0.215879 -0.323939 False
0.113926 0.214753 -0.322908 False
0.113983 0.214539 -0.323092 False
0.114108 0.216423 -0.323327 False
0.114429 0.216820 -0.323322 False
0.114418 0.216489 -0.323065 False
0.114836 0.216667 -0.323161 False
0.114533 0.216014 -0.323195 False
0.114674 0.215121 -0.323270 False
0.114101 0.216505 -0.323167 False
0.114145 0.216619 -0.323108 False
0.114165 0.215911 -0.322856 False
0.114160 0.216677 -0.322920 False
0.113954 0.218705 -0.323135 False
0.113884 0.218796 -0.323496 False
0.114164 0.218893 -0.324102 False
0.115076 0.217442 -0.325911 False
0.114018 0.216996 -0.324006 False
0.113389 0.216829 -0.323181 False
0.113338 0.218195 -0.323323 False
0.113554 0.218174 -0.323308 False
0.113628 0.216719 -0.323215 False
0.113645 0.216361 -0.323342 False
0.113659 0.216278 -0.323289 False
0.113751 0.216141 -0.323131 False
0.113857 0.215642 -0.323141 False
0.114557 0.215523 -0.323432 False
0.116848 0.215407 -0.324409 False
0.123266 0.213308 -0.327637 False
0.116811 0.215045 -0.324211 False
0.114424 0.216045 -0.323513 False
0.113456 0.216279 -0.323425 False
0.113460 0.216307 -0.323593 False
0.113695 0.216292 -0.323440 False
0.113749 0.216257 -0.323407 False
0.113629 0.216156 -0.323384 False
0.113741 0.215858 -0.323567 False
0.113639 0.216698 -0.323492 False
0.113762 0.216738 -0.323621 False
0.113683 0.217657 -0.323508 False
0.113589 0.216003 -0.323634 False
0.113659 0.215668 -0.323529 False
0.113685 0.216118 -0.323359 False
0.113687 0.216229 -0.323396 False
0.113660 0.216148 -0.323401 False
0.113565 0.215750 -0.323427 False
0.113294 0.216157 -0.323482 False
0.113391 0.216249 -0.323665 False
0.113575 0.216137 -0.323489 False
0.113603 0.215601 -0.323460 False
0.113532 0.215485 -0.323465 False
0.113348 0.215541 -0.323333 False
0.112988 0.215783 -0.323516 False
0.112377 0.214745 -0.323933 False
0.111556 0.215943 -0.324015 False
0.110753 0.216176 -0.323790 False
0.112162 0.215268 -0.323672 False
0.122973 0.215805 -0.323502 False
0.163965 0.211163 -0.323579 False
0.290268 0.190423 -0.324114 False
0.404148 0.171459 -0.324646 False
0.474141 0.162408 -0.324965 False
0.227746 0.202071 -0.324102 False
0.141872 0.212913 -0.324041 False
0.115894 0.214281 -0.323513 False
0.110089 0.214061 -0.323725 False
0.109662 0.214228 -0.323785 False
0.110927 0.215804 -0.325225 False
0.113361 0.213429 -0.330144 False
0.117950 0.213529 -0.325221 False
0.140314 0.211925 -0.323687 False
0.211937 0.202728 -0.324040 False
0.412454 0.169088 -0.326102 False
0.212217 0.201649 -0.329303 False
0.139378 0.210624 -0.328713 False
0.116856 0.213921 -0.325163 False
0.117094 0.213777 -0.325735 False
0.139865 0.210503 -0.328283 False
0.210995 0.202093 -0.325015 False
0.411294 0.170263 -0.324546 False
0.211229 0.204436 -0.323890 False
0.142067 0.211891 -0.324867 False
0.129159 0.212727 -0.324459 False
0.154940 0.211218 -0.322351 False
0.194568 0.206698 -0.320305 False
0.240281 0.199486 -0.319116 False
0.419356 0.167828 -0.322816 False
0.213320 0.202803 -0.322570 False
0.140084 0.213247 -0.323037 False
0.117206 0.214416 -0.322816 False
0.111617 0.214271 -0.323453 False
0.111092 0.214094 -0.323987 False
0.111313 0.214084 -0.323537 False
0.111313 0.214351 -0.323279 False
0.112823 0.213637 -0.323309 False
0.120699 0.213268 -0.324588 False
0.148949 0.211739 -0.330327 False
0.186237 0.209596 -0.338324 False
0.230965 0.206908 -0.348075 False
0.281536 0.203750 -0.359073 False
0.336351 0.200192 -0.370813 False
0.393814 0.196307 -0.382791 False
0.452326 0.192166 -0.394500 False
0.510290 0.187841 -0.405435 False
0.566108 0.183404 -0.415091 False
0.618182 0.178927 -0.422963 False
0.664916 0.174481 -0.428544 False
0.704711 0.170139 -0.431330 False
0.735970 0.165972 -0.430816 False
0.757094 0.162053 -0.426495 False
0.766487 0.158452 -0.417863 False
0.762551 0.155242 -0.404414 False
0.743687 0.152496 -0.385642 False
0.708299 0.150283 -0.361043 False
0.654789 0.148677 -0.330111 False
0.578749 0.151452 -0.301387 False
0.379530 0.160150 -0.210463 False
0.324088 0.132654 -0.179923 False
0.293242 0.096037 -0.165120 False
0.281619 0.057664 -0.161827 False
0.283847 0.024900 -0.165813 False
0.290561 0.016329 -0.171217 False
0.294210 0.015133 -0.173138 False
0.299911 0.015897 -0.176450 False
0.315484 0.020487 -0.181422 False
0.362738 0.038484 -0.201413 False
0.494317 0.101554 -0.270988 False
0.362102 0.039207 -0.190515 False
0.314659 0.020076 -0.175790 False
0.299932 0.015443 -0.174886 False
0.295259 0.014759 -0.172922 False
0.295727 0.016552 -0.173386 False
0.295692 0.016156 -0.175461 False
0.295821 0.016620 -0.177389 False
0.294853 0.016478 -0.177072 False
0.291909 0.015527 -0.175268 False
0.292497 0.015741 -0.174714 False
0.298744 0.018207 -0.177016 False
0.314725 0.020256 -0.181306 False
0.362518 0.038548 -0.201901 False
0.495248 0.102127 -0.272882 False
0.362187 0.039181 -0.199148 False
0.314829 0.021123 -0.181090 False
0.299577 0.017679 -0.176774 False
0.296025 0.018595 -0.173964 False
0.295611 0.017712 -0.173598 False
0.295800 0.017586 -0.173713 False
0.296246 0.018641 -0.175757 False
0.297138 0.018243 -0.173966 False
0.298265 0.017082 -0.175335 False
0.300866 0.013222 -0.183454 False
0.301128 0.012484 -0.187770 False
0.300856 0.012872 -0.191553 False
0.300084 0.014317 -0.194826 False
0.298843 0.016753 -0.197613 False
0.297164 0.020112 -0.199938 False
0.295079 0.024328 -0.201824 False
0.292620 0.029333 -0.203295 False
0.289819 0.035061 -0.204374 False
0.286706 0.041443 -0.205085 False
0.283314 0.048414 -0.205451 False
0.279675 0.055905 -0.205497 False
0.275819 0.063850 -0.205245 False
0.271778 0.072181 -0.204720 False
0.267585 0.080832 -0.203945 False
0.263271 0.089734 -0.202943 False
0.258867 0.098822 -0.201738 False
0.254405 0.108028 -0.200353 False
0.249917 0.117285 -0.198813 False
0.245434 0.126525 -0.197141 False
0.240988 0.135682 -0.195360 False
0.236611 0.144688 -0.193494 False
0.232334 0.153477 -0.191567 False
0.228189 0.161980 -0.189601 False
0.224207 0.170132 -0.187622 False
0.220420 0.177864 -0.185652 False
0.216860 0.185111 -0.183715 False
0.213559 0.191803 -0.181834 False
0.210547 0.197876 -0.180033 False
0.207857 0.203260 -0.178336 False
0.205521 0.207890 -0.176766 False
0.203569 0.211697 -0.175348 False
0.202034 0.214616 -0.174103 False
0.200947 0.216578 -0.173057 False
0.200441 0.216561 -0.171886 False
0.199914 0.216892 -0.172088 False
0.200108 0.217339 -0.172945 False
0.199923 0.217559 -0.173065 False
0.201285 0.217515 -0.173382 False
0.206074 0.229303 -0.168671 False
0.221389 0.279520 -0.147994 False
0.229964 0.297939 -0.137720 False
0.238306 0.307837 -0.129415 False
0.246389 0.310084 -0.122919 False
0.254181 0.305548 -0.118073 False
0.261655 0.295101 -0.114719 False
0.268782 0.279610 -0.112697 False
0.275531 0.259946 -0.111849 False
0.281874 0.236978 -0.112015 False
0.287783 0.211576 -0.113038 False
0.293227 0.184608 -0.114757 False
0.298177 0.156945 -0.117015 False
0.302606 0.129456 -0.119652 False
0.306482 0.103010 -0.122509 False
0.309778 0.078477 -0.125428 False
0.312465 0.056726 -0.128250 False
0.314513 0.038627 -0.130815 False
0.315892 0.025049 -0.132965 False
0.315798 0.018645 -0.134890 False
0.315682 0.017765 -0.134280 False
0.315582 0.018511 -0.135029 False
0.315472 0.018732 -0.134071 False
0.315561 0.018396 -0.132675 False
0.315698 0.019066 -0.132766 False
0.316050 0.019146 -0.132973 False
0.315847 0.019310 -0.132953 False
0.315205 0.019326 -0.133234 False
0.315481 0.019154 -0.134415 False
0.316275 0.018835 -0.134805 False
0.318467 0.017501 -0.135432 False
0.320956 0.015867 -0.136020 False
0.323446 0.014179 -0.136513 False
0.325640 0.012681 -0.136855 False
0.327241 0.011619 -0.136991 False
0.327954 0.011237 -0.136865 False
0.327481 0.011782 -0.136421 False
0.322344 0.014874 -0.135199 False
0.316975 0.017937 -0.133955 False
0.315706 0.017565 -0.133439 False
0.315369 0.018107 -0.133083 False
0.315239 0.018839 -0.133214 False
0.315034 0.018776 -0.134138 False
0.314423 0.017571 -0.133433 False
0.315347 0.020615 -0.133172 False
0.316146 0.021457 -0.133740 False
0.315702 0.021567 -0.134365 False
0.315534 0.017920 -0.134007 False
0.315479 0.020541 -0.133998 False
0.315461 0.021303 -0.133446 False
0.315456 0.021575 -0.133470 False
0.315452 0.022070 -0.134194 False
0.315443 0.023655 -0.134370 False
0.315427 0.020417 -0.134028 False
0.315445 0.019883 -0.135429 False
0.315505 0.021022 -0.134935 False
0.315868 0.020953 -0.133680 False
0.316664 0.019335 -0.134886 False
0.316534 0.018394 -0.133410 False
0.315863 0.018554 -0.133193 False
0.315805 0.017719 -0.133259 False
0.316314 0.018865 -0.134378 False
0.315735 0.019039 -0.134535 False
0.315549 0.019197 -0.135007 False
0.315532 0.021862 -0.133691 False
0.315466 0.018369 -0.133371 False
0.315434 0.018192 -0.134350 False
0.315391 0.018817 -0.133791 False
0.315500 0.019003 -0.134518 False
0.315489 0.019168 -0.134900 False
0.315515 0.019836 -0.133509 False
0.315480 0.022325 -0.134026 False
0.315521 0.020169 -0.133170 False
0.315516 0.021015 -0.133224 False
0.315436 0.026594 -0.133369 False
0.315432 0.023049 -0.133720 False
0.315553 0.021563 -0.134501 False
0.315806 0.019323 -0.133463 False
0.316638 0.017813 -0.133375 False
0.317729 0.018117 -0.136848 False
0.320091 0.013360 -0.151198 False
0.319813 0.012299 -0.155187 False
0.319026 0.012423 -0.155585 False
0.317931 0.013659 -0.152347 False
0.316417 0.017483 -0.139391 False
0.315811 0.019070 -0.134420 False
0.315821 0.019382 -0.134552 False
0.315841 0.020110 -0.133064 False
0.315656 0.020305 -0.132720 False
0.315382 0.020563 -0.132659 False
0.315106 0.021503 -0.132469 False
0.314696 0.021441 -0.133380 False
0.313809 0.020361 -0.135415 False
0.312654 0.020012 -0.133426 False
0.311967 0.020349 -0.130842 False
0.314458 0.020153 -0.130274 False
0.330672 0.023122 -0.135510 False
0.390587 0.040335 -0.166636 False
0.573787 0.123482 -0.290181 False
0.623808 0.141839 -0.318138 False
0.653851 0.147114 -0.326460 False
0.663440 0.148763 -0.327259 False
0.673790 0.151009 -0.330266 False
0.676881 0.151350 -0.330609 False
0.674536 0.150385 -0.329179 False
0.668579 0.148711 -0.326864 False
0.660833 0.146928 -0.324552 False
0.658982 0.146318 -0.324271 False
0.658663 0.146044 -0.325266 False
0.657203 0.144657 -0.328442 False
0.649233 0.144908 -0.328020 False
0.631483 0.148162 -0.320658 False
0.567786 0.158489 -0.295680 False
0.386285 0.194366 -0.210495 False
0.558738 0.159757 -0.293737 False
0.603228 0.152042 -0.311508 False
0.642946 0.147106 -0.322835 False
0.654117 0.145926 -0.325870 False
0.657697 0.146335 -0.325196 False
0.658583 0.146376 -0.324558 False
0.658852 0.146425 -0.324934 False
0.657561 0.146566 -0.325155 False
0.657400 0.146692 -0.324969 False
0.657175 0.146607 -0.325119 False
0.656854 0.146511 -0.325213 False
0.657053 0.146558 -0.324917 False
0.657101 0.146602 -0.324855 False
0.657291 0.146729 -0.324291 False
0.657267 0.146762 -0.324697 False
0.657356 0.146767 -0.324885 False
0.657210 0.146757 -0.324525 False
0.657349 0.146706 -0.324819 False
0.657248 0.146518 -0.324459 False
0.657257 0.146516 -0.324687 False
0.657258 0.146698 -0.324661 False
0.657019 0.146747 -0.324946 False
0.657067 0.146718 -0.324837 False
0.657223 0.147177 -0.324746 False
0.657323 0.147294 -0.324515 False
0.657246 0.147313 -0.324335 False
0.657136 0.147306 -0.324437 False
0.657118 0.147273 -0.324396 False
0.657098 0.147211 -0.324419 False
0.656862 0.146949 -0.324860 False
0.657092 0.147215 -0.324777 False
0.657087 0.147290 -0.325138 False
0.657753 0.147304 -0.324870 False
0.658081 0.147295 -0.324537 False
0.658620 0.147262 -0.324316 False
0.660238 0.147171 -0.324991 False
0.662423 0.146953 -0.325714 False
0.664178 0.146567 -0.326466 False
0.660638 0.146355 -0.327068 False
0.635081 0.148489 -0.322828 False
0.540574 0.161598 -0.297360 False
0.252722 0.213108 -0.197325 False
0.147044 0.213109 -0.169644 False
0.121641 0.212401 -0.150946 False
0.118656 0.218912 -0.154156 False
0.128423 0.207419 -0.164471 False
0.131123 0.212141 -0.185247 False
0.126100 0.217987 -0.170427 False
0.126882 0.208526 -0.160382 False
0.122623 0.221499 -0.155472 False
0.124153 0.212115 -0.164635 False
0.127974 0.218676 -0.179948 False
0.123085 0.211717 -0.170343 False
0.128779 0.215268 -0.189218 False
0.127968 0.223825 -0.161061 False
0.133882 0.216875 -0.150734 False
0.148183 0.215173 -0.149604 False
0.164966 0.228314 -0.141852 False
0.154001 0.216853 -0.132545 False
0.148989 0.210975 -0.135670 False
0.138196 0.214824 -0.137178 False
0.138877 0.214596 -0.137846 False
0.151595 0.226951 -0.129353 False
0.145214 0.226141 -0.132179 False
0.152348 0.224716 -0.128373 False
0.140171 0.222694 -0.133775 False
0.134775 0.228995 -0.135320 False
0.132302 0.234569 -0.140090 False
0.139939 0.218554 -0.172803 False
0.145893 0.237867 -0.153644 False
0.169207 0.256446 -0.156629 False
0.190192 0.251312 -0.156438 False
0.201548 0.237387 -0.158341 False
0.212097 0.221476 -0.162552 False
0.235341 0.211567 -0.178454 False
0.241309 0.211288 -0.178499 False
0.243544 0.214052 -0.176574 False
0.242801 0.215680 -0.177735 False
0.241821 0.218031 -0.187631 False
0.242421 0.218822 -0.187963 False
0.242387 0.220530 -0.179388 False
0.240177 0.218017 -0.177811 False
0.234225 0.220438 -0.172124 False
0.215392 0.240358 -0.148793 False
0.194257 0.266266 -0.124192 False
0.173465 0.294541 -0.104742 False
0.154996 0.322488 -0.114252 False
0.135504 0.339131 -0.108735 False
0.139548 0.354010 -0.113121 False
0.146454 0.367295 -0.118576 False
0.168472 0.364850 -0.130649 False
0.261806 0.330690 -0.167954 False
0.368787 0.284744 -0.212368 False
0.475908 0.234588 -0.257420 False
0.569661 0.187794 -0.296639 False
0.636541 0.151939 -0.323553 False
0.637039 0.143554 -0.330959 False
0.596281 0.151841 -0.313854 False
0.436434 0.186892 -0.231874 False
0.270974 0.222391 -0.148728 False
0.209811 0.223229 -0.127593 False
0.209753 0.221218 -0.136572 False
0.228051 0.216198 -0.155613 False
0.229757 0.215292 -0.160498 False
0.227973 0.214167 -0.154540 False
0.229679 0.214201 -0.161169 False
0.230606 0.213982 -0.163202 False
0.231808 0.213844 -0.164171 False
0.232163 0.213463 -0.163663 False
0.232179 0.213764 -0.163467 False
0.232045 0.214175 -0.160867 False
0.231754 0.215554 -0.152130 False
0.232044 0.215890 -0.149851 False
0.231986 0.216058 -0.149319 False
0.231561 0.216672 -0.149450 False
0.231447 0.217269 -0.150398 False
0.231288 0.216098 -0.152695 False
0.232116 0.213748 -0.161547 False
0.231910 0.213871 -0.163384 False
0.231992 0.215411 -0.164250 False
0.232049 0.214151 -0.164300 False
0.232150 0.215662 -0.163749 False
0.232201 0.214725 -0.163864 False
0.231914 0.213859 -0.164053 False
0.231801 0.213125 -0.164644 False
0.231852 0.212984 -0.164579 False
0.232105 0.213107 -0.163722 False
0.231902 0.213679 -0.164409 False
0.231954 0.213858 -0.164296 False
0.231959 0.214009 -0.164433 False
0.231915 0.213911 -0.163611 False
0.231966 0.214017 -0.163053 False
0.232087 0.214222 -0.164492 False
0.232022 0.214884 -0.164874 False
0.231977 0.214070 -0.163986 False
0.231908 0.213861 -0.163455 False
0.231836 0.213793 -0.164572 False
0.231968 0.213767 -0.165016 False
0.232268 0.213639 -0.163810 False
0.232187 0.214039 -0.164080 False
0.232056 0.214117 -0.164050 False
0.232013 0.213963 -0.163679 False
0.232215 0.213276 -0.163728 False
0.232213 0.212949 -0.163784 False
0.232107 0.213506 -0.163937 False
0.231961 0.213869 -0.164205 False
0.232085 0.213770 -0.163817 False
0.232054 0.213083 -0.163713 False
0.232115 0.213721 -0.163696 False
0.232146 0.213725 -0.163684 False
0.232115 0.213968 -0.163535 False
0.232192 0.213687 -0.163249 False
