0.064935 -0.158617 0.337938 False
0.081915 -0.165126 0.358197 False
0.098815 -0.171735 0.378643 False
0.115622 -0.178397 0.399175 False
0.132322 -0.185061 0.419692 False
0.148902 -0.191677 0.440092 False
0.165350 -0.198195 0.460274 False
0.181652 -0.204566 0.480136 False
0.197795 -0.210739 0.499579 False
0.213766 -0.216666 0.518500 False
0.229552 -0.222295 0.536797 False
0.245140 -0.227577 0.554371 False
0.260517 -0.232463 0.571119 False
0.275670 -0.236902 0.586941 False
0.290586 -0.240845 0.601735 False
0.305251 -0.244242 0.615399 False
0.319653 -0.247043 0.627833 False
0.333778 -0.249198 0.638936 False
0.347613 -0.250657 0.648605 False
0.361146 -0.251371 0.656741 False
0.374363 -0.251289 0.663241 False
0.387252 -0.250363 0.668004 False
0.399798 -0.248541 0.670929 False
0.411989 -0.245775 0.671915 False
0.423813 -0.242014 0.670860 False
0.435255 -0.237208 0.667664 False
0.446303 -0.231309 0.662225 False
0.456943 -0.224265 0.654442 False
0.467163 -0.216027 0.644213 False
0.476950 -0.206545 0.631438 False
0.486290 -0.195770 0.616014 False
0.495171 -0.183651 0.597842 False
0.503579 -0.170139 0.576818 False
0.511501 -0.155184 0.552843 False
0.518924 -0.138736 0.525816 False
0.525835 -0.120746 0.495633 False
0.532222 -0.101162 0.462196 False
0.538070 -0.079936 0.425402 False
0.543367 -0.057018 0.385149 False
0.548100 -0.032358 0.341338 False
0.552256 -0.005906 0.293866 False
0.555821 0.022388 0.242632 False
0.558782 0.052573 0.187535 False
0.561127 0.084700 0.128474 False
0.562843 0.118818 0.065347 False
0.563916 0.154977 -0.001946 False
0.564333 0.193227 -0.073508 False
0.570211 0.250187 -0.172463 False
0.572511 0.276241 -0.258120 False
0.562613 0.286673 -0.279391 False
0.512859 0.312767 -0.236761 False
0.440305 0.298153 -0.142861 False
0.375879 0.212614 -0.059993 False
0.358195 0.183527 -0.032502 False
0.353951 0.163352 -0.019448 False
0.357155 0.153771 -0.012758 False
0.347569 0.133844 0.008216 False
0.338200 0.114722 0.028477 False
0.330717 0.098131 0.045138 False
0.326791 0.085801 0.055311 False
0.328093 0.079457 0.056109 False
0.336292 0.080826 0.044644 False
0.353058 0.091637 0.018028 False
0.380062 0.113617 -0.026627 False
0.422075 0.152513 -0.107134 False
0.513645 0.245387 -0.222325 False
0.548267 0.240648 -0.292305 False
0.546064 0.232797 -0.292604 False
0.521879 0.247466 -0.274910 False
0.465762 0.261607 -0.245512 False
0.399878 0.223669 -0.203685 False
0.349588 0.171627 -0.157570 False
0.382776 0.202107 -0.113027 False
0.311641 0.177800 -0.193106 False
0.290240 0.128730 -0.187812 False
0.272560 0.108136 -0.177336 False
0.288952 0.133258 -0.157495 False
0.298475 0.171190 -0.151794 False
0.301811 0.177978 -0.155290 False
0.311546 0.170024 -0.163505 False
0.327151 0.127967 -0.188265 False
0.314408 0.105147 -0.207031 False
0.273688 0.103227 -0.237131 False
0.258065 0.093021 -0.242760 False
0.285887 0.083816 -0.238627 False
0.433502 0.094538 -0.228459 False
0.552110 0.084872 -0.258442 False
0.606272 0.055937 -0.285339 True
0.609620 0.049481 -0.285896 True
0.568021 0.082733 -0.265931 False
0.472117 0.113537 -0.230814 False
0.367847 0.143189 -0.188713 False
0.278731 0.169038 -0.175057 False
0.268525 0.185183 -0.161911 False
0.267299 0.193659 -0.161645 False
0.286401 0.184343 -0.157812 False
0.283050 0.184159 -0.148714 False
0.277051 0.185285 -0.149926 False
0.283955 0.180932 -0.151714 False
0.300634 0.179591 -0.149059 False
0.315739 0.179291 -0.150493 False
0.326093 0.180832 -0.160611 False
0.325635 0.180961 -0.173661 False
0.312607 0.172422 -0.179681 False
0.263207 0.154112 -0.185221 False
0.317079 0.135964 -0.171948 False
0.335885 0.120989 -0.170508 False
0.343725 0.112148 -0.174502 False
0.348078 0.104780 -0.178858 False
0.350090 0.098832 -0.180261 False
0.348625 0.094391 -0.180574 False
0.344557 0.090864 -0.180255 False
0.338714 0.096799 -0.179087 False
0.334243 0.099993 -0.179502 False
0.330601 0.096970 -0.179377 False
0.322141 0.089844 -0.184061 False
0.292443 0.065745 -0.198986 False
0.300036 0.039711 -0.204203 True
0.302987 0.035591 -0.205960 False
0.305068 0.036760 -0.206773 False
0.306814 0.037846 -0.208852 False
0.306636 0.034200 -0.208739 False
0.303037 0.034864 -0.207954 True
0.297582 0.035420 -0.209993 False
0.294928 0.035945 -0.209055 False
0.293295 0.037938 -0.205985 False
0.290050 0.040513 -0.204254 False
0.281519 0.045047 -0.203541 False
0.271796 0.046585 -0.204507 False
0.273159 0.046322 -0.204653 False
0.287274 0.040164 -0.207437 False
0.276372 0.046512 -0.212989 False
0.268459 0.075782 -0.214391 True
0.249143 0.177444 -0.223039 True
0.306721 0.194559 -0.233299 True
0.403822 0.164522 -0.252135 False
0.495096 0.115393 -0.280852 False
0.547428 0.085589 -0.301592 False
0.565005 0.074759 -0.308907 False
0.567214 0.081090 -0.301012 False
0.549120 0.116960 -0.267375 False
0.594721 0.062616 -0.205168 True
0.598455 0.057466 -0.197529 False
0.578987 0.074332 -0.189815 False
0.514868 0.124863 -0.154316 False
0.448501 0.162104 -0.108478 False
0.379040 0.184060 -0.075191 False
0.346482 0.211045 -0.076386 False
0.328348 0.223451 -0.077234 False
0.309734 0.223198 -0.071029 False
0.282699 0.223579 -0.074705 False
0.264917 0.221839 -0.081129 False
0.260375 0.234887 -0.096629 False
0.275642 0.236925 -0.100444 False
0.326997 0.227129 -0.128060 False
0.311454 0.200725 -0.148691 False
0.294918 0.178014 -0.156835 False
0.278476 0.157614 -0.166423 False
0.275165 0.140190 -0.171770 False
0.280597 0.135390 -0.173164 False
0.282171 0.130984 -0.174724 False
0.285154 0.130603 -0.175084 False
0.286391 0.130424 -0.175438 False
0.286990 0.130941 -0.174047 False
0.287873 0.131414 -0.173762 False
0.289074 0.130749 -0.173452 False
0.290451 0.129690 -0.174572 False
0.293315 0.128956 -0.174137 False
0.295112 0.128768 -0.173295 False
0.298140 0.128009 -0.173514 False
0.299804 0.128154 -0.172609 False
0.301741 0.128023 -0.173679 False
0.304609 0.127084 -0.174058 False
0.305745 0.125579 -0.175456 False
0.310430 0.126446 -0.174619 False
0.323061 0.133983 -0.173933 False
0.329871 0.152817 -0.163652 False
0.319925 0.175698 -0.138030 False
0.314295 0.189140 -0.120370 False
0.324634 0.199200 -0.104438 False
0.319286 0.201266 -0.095457 False
0.289205 0.193730 -0.081922 False
0.312536 0.198422 -0.100250 False
0.301555 0.191844 -0.101293 False
0.304080 0.202540 -0.089026 False
0.316402 0.212401 -0.066516 False
0.353045 0.207401 -0.061349 False
0.383436 0.192479 -0.045998 False
0.406657 0.160284 -0.035945 False
0.438208 0.137195 -0.052698 False
0.480681 0.103639 -0.090640 False
0.528586 0.058634 -0.124085 False
0.546428 0.043017 -0.143658 False
0.549305 0.064732 -0.146317 False
0.498957 0.109786 -0.166697 False
0.415717 0.127547 -0.209157 False
0.337345 0.110159 -0.261025 False
0.291568 0.076845 -0.292178 True
0.273510 0.072184 -0.290583 False
0.269568 0.098206 -0.279497 False
0.274862 0.151432 -0.258367 False
0.285486 0.206457 -0.222456 False
0.288543 0.231912 -0.187445 False
0.285018 0.234820 -0.171627 False
0.277147 0.227938 -0.169397 False
0.269913 0.221997 -0.174523 False
0.264095 0.207706 -0.189413 False
0.247982 0.181622 -0.200599 False
0.237178 0.169635 -0.203713 False
0.238856 0.169659 -0.204058 False
0.254939 0.180912 -0.198659 False
0.300831 0.217197 -0.173938 False
0.279447 0.219316 -0.120082 False
0.103389 0.141846 -0.038819 False
0.040402 0.109662 -0.001711 False
-0.003136 0.083024 0.022106 False
-0.029873 0.061451 0.034652 False
-0.042460 0.044461 0.037946 False
-0.043547 0.031570 0.034008 False
-0.035783 0.022298 0.024857 False
-0.021820 0.016161 0.012513 False
-0.004307 0.012678 -0.001006 False
0.014107 0.011366 -0.013680 False
0.030770 0.011744 -0.023489 True
0.037362 0.012087 -0.026701 True
0.042980 0.014988 -0.022265 False
0.047355 0.019804 -0.014274 False
0.051518 0.026570 -0.004480 False
0.056501 0.035327 0.005364 False
0.063334 0.046109 0.013505 False
0.073049 0.058956 0.018191 False
0.086676 0.073904 0.017670 False
0.105246 0.090991 0.010188 False
0.129791 0.110255 -0.006007 False
0.161342 0.131733 -0.032667 False
0.206423 0.164422 -0.089202 False
0.272613 0.196685 -0.148211 False
0.343270 0.192276 -0.121274 False
0.274783 0.147640 -0.192368 False
0.254228 0.135303 -0.210881 False
0.249268 0.133986 -0.212573 False
0.251405 0.134087 -0.209898 False
0.253634 0.138271 -0.207138 False
0.259746 0.156986 -0.209089 False
0.279152 0.227031 -0.218428 False
0.267907 0.217044 -0.213834 False
0.271015 0.224513 -0.215192 False
0.255735 0.160106 -0.207228 False
0.255491 0.164699 -0.204067 False
0.274546 0.230912 -0.200554 False
0.314348 0.257617 -0.215458 False
0.388529 0.119289 -0.198456 False
0.402718 0.042142 -0.192695 True
0.399174 0.042553 -0.178466 True
0.416224 0.076935 -0.141576 False
0.437701 0.111567 -0.092450 False
0.471148 0.178552 -0.107784 False
0.565838 0.177416 -0.125464 False
0.603731 0.172527 -0.133897 False
0.606670 0.183550 -0.126558 False
0.564529 0.231103 -0.106493 False
0.498616 0.283140 -0.088596 False
0.410306 0.320073 -0.074008 False
0.336950 0.331782 -0.058949 False
0.281034 0.332369 -0.049553 False
0.318282 0.351007 -0.065281 False
0.298500 0.352367 -0.072126 False
0.271213 0.357436 -0.071587 False
0.253789 0.348670 -0.062933 False
0.139453 0.315409 -0.062666 False
0.144121 0.302438 -0.082215 False
0.250669 0.283471 -0.097219 False
0.254739 0.232469 -0.094513 False
0.254000 0.213618 -0.093625 False
0.253365 0.208319 -0.088203 False
0.249711 0.207835 -0.084203 False
0.246868 0.205820 -0.083221 False
0.246603 0.204848 -0.084142 False
0.247238 0.205279 -0.084308 False
0.244774 0.208586 -0.086690 False
0.233751 0.226393 -0.102668 False
0.194430 0.297126 -0.160442 False
0.184757 0.315828 -0.176312 False
0.183721 0.319223 -0.179734 False
0.183984 0.320014 -0.180436 False
0.184791 0.320368 -0.180720 False
0.187882 0.320519 -0.180037 False
0.200252 0.316018 -0.173906 False
0.241000 0.292383 -0.145309 False
0.286416 0.225664 -0.074070 False
0.218450 0.296634 -0.153147 False
0.207221 0.298084 -0.160913 False
0.234943 0.228284 -0.105206 False
0.242483 0.212502 -0.091727 False
0.242377 0.221436 -0.099880 False
0.235844 0.270803 -0.140639 False
0.214736 0.306690 -0.169892 False
0.236307 0.282651 -0.150838 False
0.242582 0.265338 -0.135572 False
0.244154 0.222482 -0.097670 False
0.244154 0.213764 -0.084557 False
0.246465 0.212964 -0.082392 False
0.243510 0.212944 -0.089289 False
0.235080 0.231941 -0.106683 False
0.205014 0.301386 -0.165589 False
0.202867 0.297683 -0.165616 False
0.236828 0.224552 -0.110008 False
0.249920 0.203987 -0.096006 False
0.254972 0.203379 -0.103191 False
0.269684 0.219804 -0.099946 False
0.296509 0.244494 -0.102691 False
0.308419 0.280891 -0.108194 False
0.309947 0.293744 -0.099591 False
0.323361 0.299328 -0.078899 False
0.355966 0.294775 -0.059414 False
0.393972 0.283717 -0.039102 False
0.421960 0.273781 -0.021287 False
0.423753 0.266498 -0.016565 False
0.372664 0.245368 -0.021451 False
0.387325 0.246548 -0.029216 False
0.427978 0.250934 -0.046008 False
0.472171 0.247333 -0.061701 False
0.522382 0.242808 -0.082406 False
0.573840 0.227211 -0.111026 False
0.602178 0.205106 -0.131741 False
0.617079 0.188713 -0.133357 False
0.620800 0.171797 -0.128328 False
0.604977 0.171798 -0.129391 False
0.541706 0.183805 -0.129476 False
0.459056 0.189726 -0.157889 False
0.393755 0.100868 -0.196909 False
0.370407 0.047998 -0.207603 True
0.368530 0.040869 -0.199089 True
0.381343 0.068078 -0.200880 True
0.385807 0.139220 -0.218421 False
0.370405 0.228110 -0.231813 False
0.339657 0.266103 -0.230939 False
0.294318 0.240974 -0.217370 False
0.265011 0.173998 -0.207903 False
0.278745 0.170116 -0.186406 False
0.346752 0.232063 -0.129333 False
0.275437 0.165537 -0.183335 False
0.254794 0.146843 -0.199610 False
0.251466 0.144396 -0.204028 False
0.258962 0.156675 -0.205216 False
0.289113 0.209040 -0.206435 False
0.280614 0.236385 -0.204712 False
0.300882 0.278032 -0.196561 False
0.309584 0.329750 -0.131033 False
0.318103 0.274724 -0.185661 False
0.284812 0.231286 -0.215090 False
0.238731 0.167556 -0.223589 False
0.261484 0.196269 -0.211134 False
0.311388 0.255795 -0.208965 False
0.365880 0.263104 -0.190980 False
0.406694 0.230899 -0.160537 False
0.423930 0.198078 -0.130596 False
0.433839 0.176572 -0.107270 False
0.439616 0.154814 -0.091415 False
0.428534 0.142482 -0.089872 False
0.406476 0.141015 -0.101603 False
0.377993 0.154283 -0.123975 False
0.333369 0.179100 -0.158660 False
0.240595 0.213724 -0.208257 False
0.221267 0.211915 -0.215005 False
0.220108 0.200490 -0.213672 False
0.229792 0.194472 -0.210280 False
0.245479 0.185004 -0.214867 False
0.254455 0.157425 -0.200994 False
0.266902 0.180012 -0.184955 False
0.305472 0.297037 -0.133261 False
0.328767 0.265498 -0.181279 False
0.326570 0.234080 -0.201814 False
0.273522 0.166643 -0.202027 False
0.262921 0.160013 -0.201376 False
0.257211 0.149962 -0.200031 False
0.268896 0.165819 -0.194839 False
0.315242 0.235652 -0.175133 False
0.303261 0.238015 -0.171844 False
0.322964 0.219042 -0.145043 False
0.347026 0.169427 -0.102220 False
0.357654 0.140484 -0.067949 False
0.367061 0.136253 -0.058524 False
0.383044 0.129490 -0.060019 False
0.426290 0.109983 -0.087971 False
0.463339 0.112927 -0.154585 False
0.511667 0.092670 -0.242137 False
0.547565 0.073288 -0.295715 False
0.564364 0.057725 -0.318635 True
0.567772 0.041513 -0.324459 True
0.568123 0.034950 -0.319309 True
0.562965 0.046739 -0.310698 False
0.550067 0.071895 -0.306253 False
0.528581 0.093378 -0.323464 False
0.495182 0.106152 -0.363786 False
0.461446 0.102559 -0.399218 False
0.446458 0.096496 -0.409735 False
0.447211 0.094346 -0.404524 False
0.464452 0.094368 -0.384701 False
0.469422 0.090186 -0.374187 False
0.455375 0.079269 -0.372902 False
0.449031 0.077455 -0.381575 False
0.449547 0.068389 -0.387890 False
0.451659 0.053074 -0.385453 False
0.451533 0.048258 -0.383408 False
0.452351 0.046754 -0.383451 False
0.452139 0.046515 -0.383380 False
0.452009 0.046251 -0.382859 False
0.452003 0.046399 -0.382917 False
0.452190 0.046403 -0.383342 False
0.452261 0.046492 -0.383509 False
0.452197 0.046608 -0.383617 False
0.451980 0.046559 -0.383563 False
0.453129 0.046049 -0.384319 False
0.453468 0.046296 -0.385611 False
0.453402 0.047361 -0.385904 False
0.452354 0.053714 -0.378620 False
0.446998 0.078126 -0.341134 False
0.429770 0.106821 -0.251799 False
0.394930 0.079179 -0.143704 False
0.368338 0.047046 -0.086686 True
0.372489 0.032751 -0.067736 True
0.372177 0.029076 -0.066968 True
0.371875 0.029342 -0.069220 True
0.372535 0.030689 -0.069563 True
0.372250 0.029965 -0.069814 True
0.373965 0.030975 -0.071614 True
0.387124 0.043525 -0.084643 True
0.430398 0.091190 -0.145408 False
0.469588 0.158053 -0.264806 False
0.470295 0.169637 -0.347041 False
0.243172 0.051641 -0.171049 True
0.245071 0.045082 -0.181001 True
0.473902 0.150419 -0.415884 False
0.503209 0.220896 -0.453085 False
0.479061 0.259763 -0.432001 False
0.437421 0.274161 -0.383952 False
0.384227 0.254006 -0.326819 False
0.331178 0.202672 -0.269229 False
0.278621 0.142607 -0.223094 False
0.236630 0.077169 -0.214695 True
0.232960 0.064027 -0.205886 True
0.236039 0.066687 -0.203256 False
0.232589 0.058630 -0.202940 True
0.234770 0.066151 -0.202850 True
0.241546 0.084081 -0.203656 True
0.237821 0.074686 -0.205693 True
0.244533 0.120015 -0.211649 True
0.237732 0.078826 -0.204940 True
0.239694 0.090801 -0.201995 True
0.237842 0.087082 -0.202901 True
0.238376 0.094861 -0.207326 True
0.237281 0.126842 -0.223121 True
0.253690 0.139841 -0.214964 True
0.255401 0.133245 -0.209762 True
0.287753 0.183990 -0.223398 False
0.334832 0.168736 -0.229541 False
0.356519 0.099340 -0.228154 True
0.363334 0.056424 -0.232968 True
0.398906 0.052226 -0.232328 False
0.439157 0.040062 -0.237066 True
0.453696 0.032245 -0.238473 True
0.455496 0.030083 -0.240728 True
0.455101 0.032182 -0.243318 True
0.451509 0.038322 -0.241476 True
0.444683 0.072535 -0.243912 False
0.451077 0.130195 -0.262677 False
0.467466 0.193157 -0.306009 False
0.473552 0.228322 -0.357345 False
0.473337 0.222307 -0.388721 False
0.472274 0.208416 -0.405752 False
0.463038 0.192548 -0.424284 False
0.455226 0.180276 -0.435911 False
0.450840 0.175020 -0.438936 False
0.449775 0.167279 -0.441077 False
0.457115 0.163215 -0.436955 False
0.459679 0.158004 -0.436482 False
0.459467 0.152589 -0.434828 False
0.465422 0.152383 -0.431586 False
0.466678 0.150648 -0.431131 False
0.469687 0.152637 -0.427796 False
0.468050 0.152006 -0.425088 False
0.469157 0.157412 -0.423614 False
0.468890 0.158566 -0.421916 False
0.469352 0.158845 -0.421040 False
0.469116 0.160136 -0.420443 False
0.468978 0.164400 -0.420082 False
0.470491 0.166728 -0.422327 False
0.468681 0.165298 -0.422236 False
0.466439 0.161629 -0.421273 False
0.470322 0.163467 -0.417196 False
0.470352 0.160524 -0.413408 False
0.465597 0.157100 -0.412704 False
0.468459 0.159628 -0.411015 False
0.464192 0.153851 -0.412142 False
0.467430 0.152486 -0.413193 False
0.471052 0.156293 -0.414631 False
0.474904 0.170668 -0.411877 False
0.479440 0.188082 -0.397699 False
0.467199 0.178926 -0.367305 False
0.426879 0.139914 -0.330745 False
0.451720 0.084453 -0.262677 False
0.451310 0.045909 -0.239380 False
0.415403 0.018509 -0.257948 True
0.446159 0.028428 -0.237831 True
0.447518 0.029021 -0.232491 True
0.404201 0.044206 -0.237213 False
0.341563 0.029368 -0.238796 True
0.333496 0.056259 -0.231049 True
0.327556 0.122986 -0.228725 True
0.338417 0.159379 -0.186615 False
0.287268 0.127078 -0.214198 True
0.277269 0.083518 -0.196063 False
0.264709 0.121377 -0.210395 True
0.268329 0.181485 -0.220383 True
0.272227 0.199406 -0.224828 True
0.279248 0.192607 -0.228183 True
0.287380 0.184147 -0.237933 True
0.311988 0.193294 -0.239346 False
0.295927 0.183913 -0.236849 True
0.294202 0.184741 -0.225836 True
0.264970 0.155112 -0.219011 True
0.256638 0.113819 -0.213167 True
0.261481 0.044960 -0.205266 True
0.250616 0.079911 -0.215000 True
0.245077 0.076238 -0.222793 False
0.286776 0.156252 -0.241511 True
0.344924 0.239331 -0.297803 False
0.418956 0.303328 -0.380577 False
0.470116 0.294575 -0.437702 False
0.457579 0.218234 -0.421534 False
0.246771 0.049417 -0.206142 True
0.188939 0.006216 -0.146914 True
0.176815 -0.001722 -0.134712 True
0.177270 -0.001090 -0.134989 True
0.186338 0.006626 -0.144682 True
0.221419 0.043290 -0.185042 True
0.348419 0.179228 -0.329468 False
0.320938 0.179943 -0.300770 False
0.263128 0.162233 -0.235087 False
0.231555 0.165902 -0.198178 False
0.220913 0.186143 -0.194035 False
0.204098 0.209661 -0.215743 False
0.167516 0.172959 -0.252454 False
0.177356 0.154766 -0.244817 False
0.191656 0.149285 -0.230429 False
0.201533 0.143288 -0.230435 False
0.206597 0.130845 -0.239332 False
0.200544 0.135371 -0.238326 False
0.199758 0.136630 -0.239053 False
0.198079 0.143110 -0.238684 False
0.200179 0.164615 -0.238689 False
0.196346 0.143069 -0.238125 False
0.197788 0.136745 -0.239062 False
0.194527 0.142001 -0.237600 False
0.196178 0.149183 -0.237362 False
0.209381 0.192355 -0.238257 False
0.243281 0.250554 -0.243260 False
0.303138 0.223821 -0.250977 False
0.337124 0.131338 -0.253082 False
0.361482 0.072498 -0.270329 True
0.443327 0.086883 -0.358777 False
0.459084 0.088682 -0.407316 False
0.458784 0.084169 -0.422413 False
0.452033 0.093409 -0.419916 False
0.426338 0.132585 -0.403213 False
0.385995 0.171675 -0.377855 False
0.321899 0.208200 -0.342440 False
0.298269 0.233190 -0.302989 False
0.285466 0.240315 -0.286425 False
0.281568 0.244578 -0.279865 False
0.277427 0.251792 -0.274588 False
0.275623 0.257929 -0.271000 False
0.277118 0.264624 -0.266506 False
0.277124 0.270817 -0.259736 False
0.276147 0.276072 -0.248352 False
0.274649 0.274291 -0.239399 False
0.272408 0.272813 -0.232840 False
0.269645 0.271742 -0.229324 False
0.269090 0.272409 -0.226441 False
0.270109 0.271721 -0.223354 False
0.271504 0.273121 -0.220194 False
0.274095 0.271770 -0.216680 False
0.275296 0.269588 -0.213007 False
0.276048 0.267811 -0.209501 False
0.276467 0.265983 -0.206068 False
0.278515 0.262821 -0.204136 False
0.279914 0.261476 -0.202509 False
0.281769 0.261631 -0.199598 False
0.284197 0.260662 -0.196644 False
0.285270 0.258628 -0.195410 False
0.285839 0.258878 -0.194877 False
0.285533 0.258250 -0.195381 False
0.285635 0.255042 -0.196580 False
0.287002 0.254197 -0.197700 False
0.289539 0.255363 -0.200660 False
0.291448 0.252887 -0.205209 False
0.291368 0.249009 -0.206993 False
0.293453 0.247989 -0.210404 False
0.298795 0.245404 -0.219884 False
0.317119 0.236282 -0.247726 False
0.365130 0.209059 -0.304056 False
0.414449 0.167342 -0.357845 False
0.444112 0.131127 -0.389595 False
0.445571 0.111612 -0.403514 False
0.426641 0.108177 -0.400743 False
0.373082 0.094942 -0.387911 True
0.333697 0.080655 -0.375727 False
0.320294 0.075735 -0.359879 False
0.323118 0.081968 -0.327562 False
0.329032 0.045352 -0.272098 True
0.332806 0.065660 -0.246567 False
0.318385 0.140901 -0.243413 False
0.313583 0.230099 -0.219061 False
0.368452 0.238484 -0.117236 False
0.265656 0.196483 -0.187600 False
0.314657 0.233633 -0.171741 False
0.309608 0.268212 -0.192816 False
0.241044 0.245932 -0.227038 False
0.236008 0.270907 -0.242014 False
0.242440 0.268733 -0.242808 False
0.244723 0.253667 -0.241960 False
0.248321 0.254588 -0.242985 False
0.258248 0.261771 -0.246609 False
0.251917 0.253698 -0.251966 False
0.252924 0.253630 -0.247460 False
0.264071 0.264790 -0.244262 False
0.233335 0.230521 -0.236164 False
0.249578 0.248786 -0.239605 False
0.222791 0.206659 -0.235227 False
0.195072 0.149598 -0.235552 False
0.189168 0.141929 -0.234309 False
0.199563 0.165514 -0.221650 False
0.256366 0.219865 -0.165075 False
0.332501 0.180021 -0.082671 False
0.386110 0.138003 -0.031100 False
0.408581 0.124695 -0.016753 False
0.414525 0.124941 -0.022342 False
0.421820 0.123150 -0.023186 False
0.432684 0.113613 -0.016643 False
0.436283 0.107782 -0.012413 False
0.435692 0.102862 -0.008980 False
0.431102 0.098836 -0.006493 False
0.422706 0.095685 -0.005100 False
0.410694 0.093390 -0.004951 False
0.395258 0.091934 -0.006196 False
0.376589 0.091298 -0.008983 False
0.354880 0.091464 -0.013461 False
0.330980 0.094354 -0.019715 False
0.299031 0.094924 -0.030056 False
0.255321 0.092987 -0.040985 False
0.242604 0.085948 -0.044543 False
0.243193 0.085597 -0.041489 False
0.269518 0.088473 -0.049611 False
0.325988 0.090729 -0.105644 False
0.336548 0.082786 -0.204581 False
0.318562 0.060436 -0.291542 False
0.300003 0.044627 -0.342555 True
0.306392 0.041969 -0.355055 True
0.327761 0.075153 -0.364902 False
0.389426 0.110456 -0.392644 False
0.442520 0.114812 -0.414342 False
0.464187 0.104399 -0.420788 False
0.471909 0.101066 -0.415037 False
0.475654 0.109437 -0.397313 False
0.464640 0.094609 -0.383758 False
0.449267 0.070589 -0.376279 False
0.445119 0.059637 -0.376730 False
0.444722 0.050756 -0.378202 False
0.444991 0.048496 -0.378668 False
0.445463 0.047733 -0.378728 False
0.445520 0.047349 -0.378547 False
0.444933 0.047106 -0.378843 False
0.444573 0.046624 -0.379390 True
0.443648 0.047296 -0.378332 False
0.442167 0.054017 -0.373080 False
0.441060 0.083587 -0.351459 False
0.461473 0.119267 -0.326897 False
0.514178 0.156441 -0.320457 False
0.582785 0.205891 -0.342548 False
0.623655 0.212204 -0.376196 False
0.628135 0.195492 -0.393798 False
0.618374 0.192489 -0.393876 False
0.581485 0.224013 -0.374625 False
0.535696 0.252663 -0.348565 False
0.477575 0.263342 -0.320945 False
0.414914 0.252627 -0.295680 False
0.363061 0.228752 -0.275085 False
0.320726 0.203605 -0.260077 False
0.291555 0.182807 -0.251705 False
0.276869 0.164036 -0.246552 False
0.256438 0.112790 -0.251592 False
0.260508 0.096742 -0.252323 False
0.262040 0.094273 -0.252245 False
0.263332 0.095292 -0.251009 False
0.267064 0.103529 -0.249586 False
0.267552 0.096625 -0.249908 False
0.269138 0.092669 -0.249378 False
0.268895 0.091572 -0.249180 False
0.268741 0.092470 -0.249160 False
0.270087 0.099437 -0.249869 False
0.275466 0.127862 -0.252905 False
0.294212 0.189996 -0.262988 False
0.276484 0.135569 -0.253187 False
0.270031 0.122721 -0.251161 False
0.259518 0.127968 -0.252975 False
0.267140 0.106895 -0.250064 False
0.273119 0.119010 -0.248944 False
0.278961 0.123941 -0.247623 False
0.274520 0.105091 -0.248013 False
0.280767 0.124421 -0.250996 False
0.314186 0.206742 -0.263218 False
0.356971 0.204135 -0.266040 False
0.383673 0.101818 -0.243105 False
0.397682 0.051786 -0.228128 True
0.417962 0.044136 -0.216718 False
0.460260 0.035029 -0.226662 True
0.470509 0.029863 -0.230267 True
0.470402 0.026967 -0.231251 True
0.470656 0.027737 -0.234809 True
0.471498 0.031157 -0.236733 True
0.471728 0.048457 -0.243218 True
0.474794 0.089943 -0.267516 False
0.478267 0.145022 -0.318372 False
0.483823 0.177873 -0.361908 False
0.480862 0.178799 -0.385538 False
0.474689 0.167658 -0.410441 False
0.470171 0.156167 -0.429005 False
0.474987 0.148026 -0.433694 False
0.479234 0.144288 -0.435992 False
0.480813 0.138447 -0.432986 False
0.484934 0.135298 -0.429253 False
0.485311 0.128565 -0.425433 False
0.486809 0.124878 -0.425900 False
0.488802 0.126494 -0.425878 False
0.491061 0.128586 -0.426285 False
0.491551 0.130083 -0.425177 False
0.492501 0.132294 -0.425462 False
0.493489 0.134623 -0.421340 False
0.492496 0.135837 -0.418254 False
0.491340 0.136752 -0.415600 False
0.490189 0.140691 -0.413457 False
0.486803 0.145352 -0.414970 False
0.481754 0.153219 -0.417554 False
0.473526 0.159007 -0.419980 False
0.471523 0.162869 -0.415819 False
0.496850 0.145744 -0.373226 False
0.483629 0.109950 -0.315457 False
0.430093 0.065610 -0.289677 False
0.460808 0.045131 -0.259540 False
0.462706 0.036173 -0.257103 False
0.460739 0.034611 -0.256749 True
0.435545 0.057381 -0.239950 False
0.396689 0.054397 -0.219097 False
0.356075 0.044304 -0.206555 True
0.350430 0.109367 -0.220433 False
0.323914 0.168217 -0.237479 False
0.284853 0.185941 -0.234518 False
0.299631 0.200006 -0.204367 False
0.359325 0.241226 -0.134811 False
0.289814 0.179305 -0.200346 False
0.280001 0.147097 -0.196252 False
0.262699 0.166728 -0.227493 False
0.260253 0.175237 -0.236153 False
0.258500 0.178954 -0.237198 False
0.256293 0.158143 -0.237252 False
0.255079 0.140778 -0.237060 False
0.260958 0.157917 -0.237173 False
0.273446 0.189853 -0.240001 False
0.280404 0.192635 -0.247363 False
0.283487 0.199437 -0.260798 False
0.311422 0.220381 -0.262434 False
0.279644 0.187544 -0.248028 False
0.257313 0.120700 -0.232827 False
0.274457 0.122128 -0.200680 False
0.362477 0.195933 -0.101521 False
0.308674 0.175427 -0.208882 False
0.371466 0.207395 -0.272452 False
0.515755 0.216575 -0.363203 False
0.580991 0.196327 -0.401670 False
0.607219 0.179382 -0.416439 False
0.618331 0.172126 -0.421987 False
0.597328 0.193113 -0.416728 False
0.507464 0.228938 -0.384733 False
0.390709 0.247600 -0.330411 False
0.297690 0.241644 -0.299448 False
0.215423 0.185352 -0.276720 False
0.210173 0.158898 -0.231124 False
0.219532 0.145933 -0.207335 False
0.226521 0.142177 -0.200919 False
0.229029 0.140690 -0.200955 False
0.228178 0.139809 -0.201762 False
0.225985 0.138319 -0.202880 False
0.226871 0.139407 -0.202460 False
0.228718 0.146762 -0.202795 False
0.244570 0.194113 -0.199692 False
0.255790 0.248025 -0.190851 False
0.262166 0.311661 -0.135419 False
0.260387 0.252611 -0.192969 False
0.267565 0.215978 -0.180306 False
0.264317 0.225207 -0.195715 False
0.267921 0.225161 -0.176896 False
0.269562 0.262111 -0.210079 False
0.318200 0.232426 -0.244262 False
0.355998 0.147605 -0.246344 False
0.367066 0.087824 -0.240200 True
0.380697 0.064161 -0.247521 False
0.424835 0.093018 -0.290532 False
0.461790 0.098021 -0.360410 False
0.455966 0.100266 -0.405498 False
0.457240 0.099016 -0.414421 False
0.441318 0.124242 -0.401158 False
0.413512 0.167004 -0.365464 False
0.381750 0.205671 -0.320133 False
0.351011 0.234792 -0.277762 False
0.331872 0.249263 -0.241921 False
0.324378 0.251764 -0.223224 False
0.325338 0.256238 -0.222276 False
0.323907 0.264520 -0.223012 False
0.317380 0.270234 -0.216543 False
0.308877 0.274738 -0.204270 False
0.308831 0.275070 -0.197319 False
0.309448 0.274759 -0.192834 False
0.308500 0.273125 -0.189131 False
0.303593 0.269810 -0.188320 False
0.295265 0.264571 -0.190033 False
0.305986 0.268703 -0.178654 False
0.308667 0.268516 -0.170091 False
0.307913 0.267564 -0.163908 False
0.304074 0.265961 -0.158672 False
0.293567 0.270846 -0.160335 False
0.305803 0.261883 -0.154052 False
0.310764 0.259353 -0.152786 False
0.312607 0.258921 -0.152432 False
0.312355 0.258306 -0.152731 False
0.312373 0.259603 -0.153071 False
0.313806 0.260752 -0.154690 False
0.313813 0.259703 -0.155980 False
0.314702 0.258140 -0.156163 False
0.316629 0.258829 -0.154999 False
0.317473 0.257217 -0.154449 False
0.318507 0.256412 -0.154124 False
0.319147 0.256154 -0.153975 False
0.319553 0.254190 -0.154752 False
0.319585 0.253750 -0.155047 False
0.319753 0.253818 -0.155840 False
0.319008 0.254297 -0.157108 False
0.312409 0.250206 -0.161502 False
0.286943 0.237734 -0.171616 False
0.319251 0.252571 -0.168589 False
0.329879 0.253657 -0.170696 False
0.335212 0.246801 -0.180142 False
0.342508 0.224350 -0.212871 False
0.346660 0.163003 -0.267099 False
0.346519 0.094605 -0.306288 False
0.344534 0.056936 -0.314109 False
0.354446 0.051840 -0.290358 False
0.353849 0.037062 -0.252026 True
0.354997 0.059497 -0.219747 True
0.359363 0.139535 -0.210106 False
0.369109 0.222067 -0.182948 False
0.425054 0.215541 -0.083210 False
0.399072 0.226506 -0.067780 False
0.273695 0.154972 -0.168261 False
0.240511 0.138849 -0.196496 False
0.240425 0.154255 -0.201404 False
0.270889 0.223169 -0.202014 False
0.289333 0.243083 -0.202323 False
0.323664 0.264196 -0.206671 False
0.340496 0.271451 -0.202838 False
0.364223 0.288581 -0.198211 False
0.390011 0.282226 -0.174176 False
0.410241 0.251054 -0.140865 False
0.421212 0.213488 -0.101849 False
0.426307 0.179410 -0.071978 False
0.429221 0.157707 -0.056613 False
0.431981 0.146796 -0.052167 False
0.432750 0.142446 -0.056439 False
0.434452 0.146265 -0.076706 False
0.466505 0.173390 -0.129136 False
0.559988 0.223999 -0.220591 False
0.672830 0.231139 -0.318859 False
0.733073 0.196906 -0.348283 False
0.754180 0.166092 -0.346571 False
0.755432 0.159591 -0.344369 False
0.755350 0.158453 -0.342972 False
0.755971 0.158230 -0.342749 False
0.757163 0.157976 -0.342760 False
0.755814 0.161118 -0.342996 False
0.740593 0.177580 -0.341619 False
0.678247 0.226834 -0.334886 False
0.570945 0.267030 -0.314153 False
0.445849 0.253343 -0.288214 False
0.337657 0.209265 -0.266429 False
0.246639 0.167125 -0.248800 False
0.208838 0.149031 -0.239266 False
0.221546 0.141829 -0.241738 False
0.281772 0.132107 -0.264695 False
0.333637 0.070977 -0.292899 False
0.342508 0.042034 -0.310220 True
0.343527 0.044310 -0.318557 True
0.361042 0.077248 -0.331313 False
0.401586 0.106898 -0.362114 False
0.448851 0.115903 -0.399277 False
0.467017 0.111384 -0.414706 False
0.473636 0.108551 -0.412186 False
0.475099 0.105927 -0.393986 False
0.452804 0.070805 -0.384299 False
0.447570 0.051906 -0.380399 False
0.447005 0.046568 -0.379697 False
0.447849 0.045385 -0.380375 False
0.447577 0.046624 -0.380648 False
0.441566 0.057636 -0.373952 False
0.415051 0.106565 -0.338732 False
0.364976 0.189446 -0.256030 False
0.403679 0.241151 -0.114776 False
0.256094 0.177342 -0.223342 False
0.213939 0.151189 -0.258084 False
0.205339 0.145221 -0.266034 False
0.204887 0.144375 -0.266502 False
0.205376 0.144971 -0.266842 False
0.205798 0.147235 -0.267542 False
0.206907 0.149621 -0.268752 False
0.216004 0.159622 -0.261610 False
0.259668 0.179413 -0.223777 False
0.241732 0.194331 -0.245043 False
0.257768 0.224140 -0.242347 False
0.303044 0.231838 -0.238940 False
0.349898 0.203812 -0.236134 False
0.362415 0.163039 -0.227826 False
0.361843 0.099160 -0.209452 False
0.390351 0.069587 -0.215741 False
0.457666 0.037854 -0.254620 True
0.477548 0.032402 -0.269068 True
0.470785 0.046710 -0.268395 True
0.458436 0.082317 -0.268609 False
0.458281 0.129126 -0.291776 False
0.462719 0.188986 -0.342307 False
0.456993 0.203848 -0.384248 False
0.454460 0.192967 -0.418602 False
0.461191 0.174666 -0.437127 False
0.465060 0.159302 -0.445437 False
0.467386 0.149959 -0.441212 False
0.469917 0.144437 -0.438929 False
0.471790 0.141486 -0.436422 False
0.473128 0.138528 -0.433853 False
0.472514 0.137494 -0.433091 False
0.472495 0.136263 -0.432239 False
0.472675 0.135436 -0.430639 False
0.471477 0.136778 -0.427686 False
0.469724 0.141093 -0.426583 False
0.468560 0.144503 -0.427093 False
0.468045 0.145243 -0.423556 False
0.468225 0.142482 -0.423619 False
0.469242 0.142660 -0.420813 False
0.468667 0.140783 -0.420675 False
0.470096 0.142611 -0.419308 False
0.471214 0.144149 -0.418228 False
0.470895 0.142222 -0.418372 False
0.468794 0.158181 -0.417319 False
0.463404 0.177177 -0.416480 False
0.452042 0.199646 -0.413588 False
0.443461 0.219577 -0.404210 False
0.436778 0.225644 -0.378478 False
0.431127 0.201662 -0.331148 False
0.429921 0.157524 -0.286239 False
0.431729 0.116690 -0.255479 False
0.433642 0.078053 -0.232422 False
0.426084 0.058098 -0.224828 True
0.412963 0.047602 -0.222569 True
0.401683 0.040988 -0.222530 True
0.400633 0.044033 -0.224180 True
0.404218 0.048865 -0.229733 True
0.367240 0.054034 -0.235880 False
0.326259 0.036832 -0.232738 True
0.291336 0.036663 -0.224613 True
0.287161 0.077128 -0.224736 False
0.290661 0.139546 -0.229692 False
0.251756 0.176022 -0.233100 False
0.224608 0.153155 -0.219512 False
0.222075 0.144341 -0.203997 False
0.236584 0.153163 -0.190973 False
0.259376 0.171407 -0.140218 False
0.187788 0.144007 -0.212621 False
0.166477 0.132205 -0.232059 False
0.161443 0.131482 -0.234651 False
0.161167 0.126402 -0.233726 False
0.162483 0.126382 -0.229443 False
0.177545 0.136498 -0.216826 False
0.231849 0.169526 -0.210896 False
0.320104 0.211195 -0.215177 False
0.409934 0.250106 -0.237538 False
0.544665 0.279259 -0.294606 False
0.667750 0.220720 -0.350231 False
0.700357 0.184398 -0.366713 False
0.703259 0.165496 -0.371284 False
0.702516 0.152101 -0.372299 False
0.702822 0.154234 -0.371736 False
0.682132 0.181455 -0.353533 False
0.599603 0.223540 -0.311605 False
0.473442 0.225523 -0.254093 False
0.358757 0.199073 -0.211160 False
0.286706 0.202580 -0.202945 False
0.233569 0.212232 -0.231640 False
0.184240 0.172130 -0.269646 False
0.188474 0.154817 -0.247960 False
0.202530 0.144140 -0.223477 False
0.234806 0.155963 -0.196768 False
0.343245 0.227719 -0.108253 False
0.255581 0.210585 -0.194408 False
0.229105 0.180162 -0.204951 False
0.263737 0.256712 -0.169968 False
0.226740 0.204319 -0.210045 False
0.210269 0.156348 -0.221133 False
0.214122 0.166203 -0.225916 False
0.252812 0.250964 -0.233504 False
0.303538 0.228149 -0.240643 False
0.336241 0.121167 -0.220928 False
0.339386 0.053721 -0.206459 True
0.353746 0.034637 -0.211253 True
0.392124 0.064329 -0.256905 False
0.451437 0.090748 -0.348121 False
0.461457 0.091055 -0.406732 False
0.472601 0.082065 -0.422266 False
0.476115 0.083827 -0.421792 False
0.467806 0.104828 -0.409733 False
0.443524 0.143287 -0.384619 False
0.404049 0.195382 -0.343765 False
0.361334 0.238205 -0.309865 False
0.331880 0.259341 -0.288843 False
0.311659 0.264785 -0.275998 False
0.302794 0.265673 -0.267978 False
0.296892 0.266369 -0.259015 False
0.292777 0.265024 -0.246633 False
0.288280 0.265926 -0.236245 False
0.283609 0.264722 -0.228696 False
0.280811 0.264017 -0.226581 False
0.279046 0.264176 -0.224984 False
0.273523 0.264306 -0.222878 False
0.274216 0.264668 -0.219156 False
0.273960 0.265268 -0.215312 False
0.273186 0.264668 -0.211518 False
0.272745 0.263500 -0.207270 False
0.271470 0.261039 -0.202160 False
0.270428 0.261557 -0.195462 False
0.270214 0.258597 -0.190318 False
0.270928 0.256723 -0.188186 False
0.271639 0.255237 -0.186792 False
0.272689 0.251838 -0.187165 False
0.274809 0.252415 -0.188140 False
0.279309 0.249957 -0.193589 False
0.290205 0.250882 -0.200675 False
0.307919 0.249333 -0.211229 False
0.330115 0.234952 -0.228414 False
0.343814 0.204397 -0.250478 False
0.350944 0.140697 -0.285901 False
0.349995 0.084030 -0.311200 False
0.346935 0.061569 -0.315752 True
0.348381 0.059762 -0.301716 False
0.339132 0.060765 -0.256496 False
0.332436 0.048517 -0.219297 True
0.344572 0.081812 -0.200887 True
0.345910 0.164459 -0.212150 False
0.315772 0.245806 -0.222051 False
0.265933 0.257379 -0.218569 False
0.262333 0.193361 -0.186377 False
0.377817 0.218309 -0.089354 False
0.363096 0.241951 -0.105030 False
0.245220 0.159359 -0.192514 False
0.213278 0.145501 -0.214061 False
0.222361 0.167478 -0.214173 False
0.285883 0.259929 -0.199338 False
0.327046 0.281958 -0.185361 False
0.365091 0.262737 -0.161272 False
0.400652 0.225536 -0.135006 False
0.422435 0.198650 -0.110883 False
0.435123 0.173895 -0.090466 False
0.441779 0.154564 -0.087294 False
0.437711 0.149176 -0.094574 False
0.431478 0.146971 -0.101350 False
0.428962 0.142979 -0.104230 False
0.427414 0.139578 -0.104126 False
0.427954 0.136877 -0.102994 False
0.428595 0.133948 -0.101231 False
0.428980 0.131678 -0.100451 False
0.431390 0.126779 -0.101314 False
0.435976 0.126984 -0.106278 False
0.437118 0.129125 -0.116971 False
0.435976 0.129509 -0.128201 False
0.433096 0.126650 -0.141722 False
0.424383 0.115101 -0.161367 False
0.408675 0.097446 -0.201172 False
0.394738 0.076655 -0.248514 False
0.374190 0.060227 -0.299174 False
0.356399 0.057008 -0.323703 True
0.352499 0.063206 -0.337285 True
0.380544 0.100722 -0.369939 False
0.431557 0.119152 -0.414537 False
0.463880 0.110515 -0.435743 False
0.473771 0.103481 -0.431656 False
0.482702 0.109440 -0.408762 False
0.470764 0.091564 -0.388281 False
0.455942 0.074273 -0.381018 False
0.446194 0.058185 -0.382471 False
0.444558 0.048345 -0.382282 False
0.443948 0.045129 -0.381996 False
0.442977 0.044087 -0.380949 False
0.441499 0.049531 -0.378056 False
0.444468 0.081037 -0.370920 False
0.480019 0.182613 -0.379481 False
0.584343 0.269580 -0.420805 False
0.682105 0.238893 -0.480688 False
0.710552 0.213596 -0.490774 False
0.696617 0.246402 -0.476684 False
0.620423 0.338237 -0.424939 False
0.537494 0.432149 -0.364110 False
0.439392 0.433645 -0.335699 False
0.336987 0.338748 -0.278245 False
0.257873 0.246530 -0.216984 False
0.225772 0.189379 -0.184711 False
0.213443 0.173246 -0.172287 False
0.219345 0.186033 -0.156890 False
0.266127 0.221662 -0.109458 False
0.213924 0.159551 -0.155150 False
0.210875 0.215604 -0.178121 False
0.212727 0.228447 -0.186244 False
0.208270 0.227122 -0.182236 False
0.220848 0.225185 -0.175660 False
0.266867 0.272603 -0.130868 False
0.254291 0.263109 -0.199074 False
0.308929 0.193176 -0.225643 False
0.341878 0.108546 -0.220552 False
0.353067 0.054952 -0.209841 False
0.366198 0.041753 -0.202169 True
0.405656 0.057148 -0.211643 True
0.422525 0.040090 -0.227678 True
0.425554 0.037752 -0.232445 True
0.428887 0.060858 -0.238709 False
0.446386 0.102252 -0.259900 False
0.477516 0.161805 -0.307216 False
0.479447 0.205695 -0.346161 False
0.479069 0.222332 -0.379911 False
0.472086 0.214984 -0.412559 False
0.461306 0.194813 -0.438496 False
0.459230 0.182009 -0.448156 False
0.458274 0.170980 -0.452382 False
0.464455 0.166530 -0.451032 False
0.472036 0.161058 -0.445359 False
0.475341 0.155511 -0.444616 False
0.476285 0.152662 -0.447314 False
0.477052 0.149040 -0.446862 False
0.475621 0.145641 -0.448649 False
0.479147 0.139835 -0.446338 False
0.477867 0.133403 -0.450167 False
0.476355 0.134480 -0.448230 False
0.456705 0.135403 -0.461160 False
0.451865 0.135244 -0.462480 False
0.455737 0.129195 -0.458665 False
0.455766 0.137862 -0.454504 False
0.474951 0.137237 -0.444088 False
0.479343 0.137145 -0.438895 False
0.479128 0.134480 -0.433652 False
0.474605 0.133279 -0.435205 False
0.473657 0.130033 -0.434140 False
0.478630 0.129884 -0.428800 False
0.476542 0.127078 -0.427388 False
0.481467 0.125285 -0.422441 False
0.482078 0.122067 -0.423059 False
0.479702 0.120583 -0.424627 False
0.480109 0.119622 -0.423145 False
0.480142 0.120253 -0.419426 False
0.476501 0.124718 -0.419710 False
0.477998 0.124949 -0.416731 False
0.485790 0.129538 -0.413487 False
0.495344 0.141800 -0.412162 False
0.501108 0.148934 -0.408096 False
0.499138 0.153224 -0.394615 False
0.488004 0.144707 -0.361798 False
0.464742 0.113991 -0.305544 False
0.431909 0.070985 -0.254679 True
0.412671 0.051050 -0.237435 True
0.404555 0.046428 -0.234168 True
0.397295 0.045364 -0.236644 True
0.364040 0.061448 -0.230738 False
0.316419 0.042543 -0.214284 True
0.298105 0.060949 -0.198141 False
0.291020 0.129683 -0.205166 False
0.274551 0.203915 -0.221249 False
0.236650 0.233963 -0.230913 False
0.209339 0.212415 -0.225052 False
0.210703 0.192175 -0.213023 False
0.210734 0.195828 -0.209543 False
0.191257 0.202634 -0.218256 True
0.174856 0.200250 -0.228360 False
0.175361 0.186147 -0.222116 False
0.180512 0.183705 -0.215800 False
0.182023 0.186660 -0.212918 False
0.187484 0.211402 -0.214843 False
0.214842 0.222392 -0.212358 False
0.230337 0.237332 -0.217099 False
0.206141 0.230384 -0.232563 False
0.218060 0.231334 -0.219399 False
0.193968 0.195727 -0.227108 False
0.187832 0.164509 -0.216454 False
0.199484 0.161129 -0.225106 False
0.293427 0.274044 -0.239973 False
0.406936 0.390178 -0.286433 False
0.523611 0.436896 -0.348846 False
0.602326 0.411706 -0.402219 False
0.676732 0.335213 -0.450116 False
0.707863 0.275749 -0.470350 False
0.718963 0.232997 -0.480875 False
0.719698 0.207993 -0.487092 False
0.718393 0.193957 -0.491716 False
0.713315 0.198098 -0.491392 False
0.681044 0.227559 -0.482566 False
0.539353 0.302015 -0.459831 False
0.370997 0.309489 -0.411387 False
0.205345 0.233113 -0.337343 False
0.156231 0.093285 -0.200321 True
0.131793 0.185688 -0.299112 True
0.142118 0.219187 -0.305740 False
0.158117 0.219061 -0.275094 False
0.161566 0.187744 -0.241717 False
0.173315 0.143383 -0.223154 False
0.189442 0.148977 -0.207499 False
0.185239 0.138257 -0.216401 False
0.198672 0.166716 -0.207720 False
0.210809 0.203249 -0.204270 False
0.239220 0.260327 -0.155985 False
0.219659 0.169861 -0.153330 False
0.189962 0.135774 -0.207043 False
0.193695 0.145061 -0.218803 False
0.237408 0.217119 -0.198159 False
0.356476 0.251366 -0.093061 False
0.347887 0.239082 -0.096040 False
0.223049 0.156374 -0.192739 False
0.195347 0.149449 -0.220167 False
0.225115 0.198555 -0.230997 False
0.295889 0.133681 -0.239458 False
0.316125 0.059694 -0.230573 True
0.329292 0.019012 -0.225507 True
0.344314 0.018989 -0.236352 True
0.384244 0.058249 -0.282323 False
0.453530 0.085179 -0.368375 False
0.469372 0.084381 -0.418789 False
0.467442 0.096078 -0.422821 False
0.449469 0.127847 -0.400115 False
0.410313 0.160556 -0.366378 False
0.349362 0.185679 -0.335092 False
0.328131 0.234912 -0.287138 False
0.321475 0.253025 -0.236714 False
0.383217 0.245379 -0.134771 False
0.294109 0.265963 -0.222681 False
0.263261 0.279045 -0.244191 False
0.254336 0.286990 -0.244438 False
0.254076 0.289024 -0.237594 False
0.255698 0.287299 -0.230177 False
0.256678 0.284302 -0.221130 False
0.257459 0.280990 -0.210551 False
0.260301 0.276068 -0.199409 False
0.263170 0.270377 -0.188578 False
0.264427 0.266699 -0.181448 False
0.265482 0.265103 -0.177731 False
0.265757 0.264780 -0.175575 False
0.266345 0.266196 -0.174812 False
0.266892 0.263974 -0.177467 False
0.268685 0.264074 -0.180765 False
0.272099 0.266774 -0.184967 False
0.274188 0.271141 -0.192553 False
0.278670 0.272873 -0.208765 False
0.286053 0.266045 -0.231281 False
0.294323 0.237316 -0.261187 False
0.304724 0.167640 -0.295130 False
0.311661 0.103471 -0.295365 False
0.309547 0.059347 -0.287552 True
0.313133 0.056112 -0.273819 False
0.295766 0.036076 -0.243812 True
0.302497 0.037300 -0.212862 True
0.311342 0.085345 -0.199296 False
0.310167 0.168663 -0.207579 False
0.284242 0.233374 -0.211430 False
0.296686 0.211760 -0.159577 False
0.245945 0.206819 -0.183490 False
0.304267 0.238063 -0.143670 False
0.322946 0.278027 -0.130247 False
0.238362 0.241730 -0.196892 False
0.245772 0.254987 -0.225873 False
0.256172 0.254539 -0.228874 False
0.290063 0.284419 -0.209806 False
0.247465 0.270795 -0.237941 False
0.231518 0.262138 -0.236031 False
0.240443 0.260419 -0.235256 False
0.226311 0.245434 -0.223399 False
0.216147 0.227131 -0.217337 False
0.212069 0.220667 -0.215207 False
0.209167 0.213815 -0.213702 False
0.205429 0.205666 -0.212029 False
0.202468 0.199832 -0.211648 False
0.199443 0.193047 -0.211432 False
0.193423 0.183040 -0.212058 False
0.197287 0.191264 -0.211312 False
0.212499 0.214659 -0.209567 False
0.215281 0.218009 -0.210275 False
0.214655 0.212401 -0.211610 False
0.247429 0.221050 -0.196285 False
0.308047 0.194590 -0.147632 False
0.344724 0.153874 -0.107207 False
0.363403 0.114810 -0.060327 False
0.352789 0.100309 -0.028006 False
0.329162 0.115810 -0.031545 False
0.282611 0.167781 -0.071306 False
0.242252 0.221145 -0.136812 False
0.211076 0.214300 -0.194903 False
0.182166 0.163443 -0.223104 False
0.185144 0.136723 -0.224192 False
0.187698 0.131353 -0.222633 False
0.187789 0.131151 -0.221232 False
0.187588 0.130642 -0.220738 False
0.187862 0.134106 -0.220819 False
0.190207 0.149497 -0.222100 False
0.193283 0.205380 -0.223683 False
0.195790 0.187814 -0.210310 False
0.189634 0.149146 -0.216239 False
0.196640 0.168116 -0.206693 False
0.236113 0.277700 -0.162065 False
0.268866 0.248141 -0.195116 False
0.319104 0.165576 -0.199782 False
0.348412 0.056169 -0.183220 True
0.387274 0.051956 -0.168231 True
0.483124 0.169664 -0.133413 False
0.579603 0.196594 -0.137241 False
0.552497 0.247079 -0.134728 False
0.468958 0.310707 -0.115684 False
0.391261 0.341296 -0.096442 False
0.325329 0.349511 -0.082395 False
0.283258 0.364208 -0.085777 False
0.250673 0.374688 -0.094591 False
0.225357 0.380746 -0.105313 False
0.194035 0.378359 -0.106740 False
0.197278 0.383662 -0.117607 False
0.193010 0.380816 -0.124055 False
0.165056 0.367366 -0.125227 False
0.122322 0.311997 -0.133573 False
0.208107 0.341287 -0.151244 False
0.211256 0.268070 -0.132440 False
0.196129 0.223550 -0.118777 False
0.182808 0.202895 -0.112020 False
0.180123 0.195736 -0.113330 False
0.182614 0.192614 -0.114112 False
0.186604 0.193169 -0.109659 False
0.188711 0.194337 -0.105833 False
0.187620 0.194612 -0.103450 False
0.186135 0.194436 -0.103290 False
0.183730 0.194940 -0.101479 False
0.180664 0.195159 -0.099973 False
0.178733 0.195399 -0.101489 False
0.178655 0.195554 -0.102092 False
0.177910 0.196299 -0.103016 False
0.177856 0.196869 -0.103083 False
0.176473 0.197457 -0.103158 False
0.175470 0.197845 -0.102992 False
0.176020 0.197626 -0.102867 False
0.174755 0.198038 -0.102811 False
0.174505 0.199051 -0.102474 False
0.172215 0.201199 -0.102584 False
0.171541 0.201908 -0.102712 False
0.169728 0.202513 -0.102901 False
0.169176 0.202893 -0.102785 False
0.168779 0.204005 -0.102140 False
0.170962 0.204151 -0.100373 False
0.172559 0.204996 -0.099865 False
0.173302 0.206353 -0.099324 False
0.174930 0.206485 -0.097913 False
0.174753 0.206912 -0.097653 False
0.173003 0.206619 -0.098933 False
0.170116 0.207253 -0.102534 False
0.169165 0.206478 -0.102813 False
0.168856 0.207226 -0.103662 False
0.169345 0.207138 -0.103212 False
0.169128 0.207138 -0.103847 False
0.169410 0.206601 -0.102699 False
0.169454 0.206335 -0.102667 False
0.169794 0.207014 -0.102878 False
0.173405 0.206371 -0.099915 False
0.171652 0.206088 -0.101604 False
0.170142 0.205388 -0.101664 False
0.169452 0.205318 -0.101750 False
0.169969 0.205126 -0.102137 False
0.170965 0.203700 -0.102316 False
0.173416 0.200195 -0.104713 False
0.181091 0.193035 -0.103439 False
0.191040 0.187015 -0.102493 False
0.216260 0.194956 -0.101118 False
0.237019 0.238952 -0.114436 False
0.230174 0.281587 -0.117697 False
0.226398 0.297301 -0.108812 False
0.236997 0.299757 -0.092519 False
0.258446 0.295619 -0.080557 False
0.283118 0.280386 -0.072587 False
0.294489 0.270621 -0.074167 False
0.325456 0.275217 -0.068856 False
0.369262 0.281746 -0.069593 False
0.413563 0.279734 -0.072679 False
0.459799 0.285507 -0.080822 False
0.496072 0.297174 -0.092655 False
0.555174 0.308963 -0.111423 False
0.596638 0.305501 -0.132012 False
0.628244 0.297232 -0.151677 False
0.655207 0.283760 -0.164543 False
0.674902 0.268352 -0.173552 False
0.667917 0.278774 -0.180762 False
0.595567 0.271646 -0.178222 False
0.458777 0.203271 -0.157221 False
0.338319 0.188042 -0.130893 False
0.303308 0.196903 -0.126073 False
0.318638 0.220672 -0.138269 False
0.342186 0.249665 -0.122176 False
0.224920 0.165194 -0.195353 False
0.204629 0.167164 -0.208278 False
0.241316 0.263261 -0.186325 False
0.226043 0.253621 -0.212972 False
0.240538 0.257998 -0.226151 False
0.248394 0.248477 -0.232762 False
0.236209 0.242149 -0.242852 False
0.274341 0.285956 -0.212647 False
0.238320 0.251181 -0.225513 False
0.206652 0.181007 -0.219913 False
0.196284 0.171508 -0.217706 False
0.190259 0.144424 -0.217827 False
0.193129 0.149964 -0.212151 False
0.214612 0.219279 -0.181642 False
0.231610 0.281988 -0.139856 False
0.238447 0.324488 -0.108003 False
0.236997 0.317618 -0.097397 False
0.244360 0.311733 -0.067729 False
0.246957 0.311765 -0.067869 False
0.252448 0.305212 -0.065805 False
0.253907 0.315492 -0.064813 False
0.258586 0.303944 -0.074534 False
0.267572 0.309405 -0.067807 False
0.264894 0.309020 -0.080964 False
0.272527 0.306396 -0.073727 False
0.272340 0.305532 -0.076630 False
0.271758 0.302822 -0.071035 False
0.263997 0.293434 -0.075052 False
0.261403 0.287339 -0.073201 False
0.258934 0.292671 -0.075965 False
0.261603 0.283109 -0.074912 False
0.255963 0.286392 -0.083717 False
0.252875 0.273893 -0.085696 False
0.245263 0.290735 -0.088028 False
0.246863 0.290055 -0.083614 False
0.241918 0.286188 -0.097745 False
0.241068 0.272051 -0.101558 False
0.242690 0.284080 -0.094707 False
0.238728 0.275584 -0.102701 False
0.247594 0.283920 -0.098150 False
0.250665 0.271297 -0.114824 False
0.260583 0.255867 -0.144681 False
0.263756 0.241936 -0.170973 False
0.253943 0.205998 -0.190382 False
0.228840 0.153407 -0.205616 False
0.225698 0.136865 -0.210408 False
0.221345 0.133644 -0.206403 False
0.228992 0.144005 -0.205868 False
0.259579 0.184075 -0.210496 False
0.309660 0.160886 -0.195873 False
0.306868 0.139154 -0.172489 False
0.304686 0.137337 -0.158159 False
0.313587 0.135388 -0.143715 False
0.318442 0.124198 -0.145385 False
0.321322 0.132778 -0.138035 False
0.320304 0.145837 -0.143521 False
0.319370 0.130052 -0.145974 False
0.314726 0.147209 -0.147624 False
0.315838 0.139935 -0.155239 False
0.313053 0.146128 -0.147611 False
0.312870 0.153812 -0.152685 False
0.321419 0.164064 -0.149949 False
0.324447 0.170267 -0.146071 False
0.326708 0.157012 -0.146849 False
0.336828 0.151760 -0.144710 False
0.341590 0.173968 -0.139623 False
0.342161 0.161488 -0.145471 False
0.342458 0.155532 -0.145989 False
0.337416 0.178370 -0.141386 False
0.336075 0.165958 -0.143034 False
0.339610 0.165080 -0.141864 False
0.337753 0.170968 -0.144228 False
0.340955 0.162051 -0.146315 False
0.338115 0.166046 -0.145148 False
0.340172 0.161613 -0.144475 False
0.331362 0.165033 -0.148087 False
0.329504 0.134914 -0.153771 False
0.326931 0.123608 -0.145183 False
0.338700 0.103331 -0.112228 False
0.377867 0.094670 -0.074213 False
0.382216 0.099350 -0.080471 False
0.262545 0.129125 -0.185897 False
0.232197 0.136505 -0.214959 False
0.227587 0.137135 -0.222699 False
0.226028 0.134950 -0.225636 False
0.222522 0.138011 -0.225175 False
0.222358 0.159666 -0.218495 False
0.262278 0.195078 -0.189387 False
0.413386 0.215137 -0.098627 False
0.392000 0.209946 -0.109324 False
0.334192 0.171591 -0.139684 False
0.277216 0.177989 -0.158759 False
0.237656 0.227055 -0.170120 False
0.204665 0.227284 -0.169507 False
0.182524 0.188789 -0.168403 False
0.190127 0.207907 -0.167487 False
0.201234 0.207439 -0.160538 False
0.206023 0.200698 -0.151398 False
0.186139 0.239638 -0.153532 False
0.245700 0.193364 -0.085530 False
0.253507 0.195717 -0.079332 False
0.242277 0.204483 -0.090620 False
0.202198 0.223405 -0.130561 False
0.246886 0.209320 -0.082732 False
0.264127 0.182438 -0.073460 False
0.308997 0.175177 -0.062460 False
0.209229 0.174057 -0.157418 False
0.190676 0.165275 -0.186118 False
0.216861 0.155403 -0.186377 False
0.327683 0.141505 -0.161827 False
0.702895 0.108068 -0.057963 False
0.705723 0.101281 -0.061818 False
0.329342 0.134945 -0.141596 False
0.212894 0.137450 -0.072777 False
0.148287 0.101040 -0.024280 False
0.051794 0.081926 0.015480 False
-0.044700 0.062812 0.055241 False
-0.141193 0.043698 0.095002 False
-0.237686 0.024584 0.134763 False
-0.334180 0.005470 0.174524 False
-0.430673 -0.013644 0.214284 False
-0.527167 -0.032759 0.254045 False
-0.623660 -0.051873 0.293806 False
-0.720154 -0.070987 0.333567 False
-0.816647 -0.090101 0.373328 False
-0.913140 -0.109215 0.413089 False
-1.009634 -0.128329 0.452849 False
-1.106127 -0.147443 0.492610 False
-1.202621 -0.166557 0.532371 False
-1.299114 -0.185671 0.572132 False
-1.395608 -0.204785 0.611893 False
-1.492101 -0.223900 0.651654 False
-1.588595 -0.243014 0.691414 False
-1.685088 -0.262128 0.731175 False
-1.781581 -0.281242 0.770936 False
-1.878075 -0.300356 0.810697 False
-1.974568 -0.319470 0.850458 False
-2.071062 -0.338584 0.890218 False
-2.167555 -0.357698 0.929979 False
-2.264049 -0.376812 0.969740 False
-2.360542 -0.395926 1.009501 False
-2.457035 -0.415041 1.049262 False
-2.553529 -0.434155 1.089023 False
-2.650022 -0.453269 1.128783 False
-2.746516 -0.472383 1.168544 False
-2.843009 -0.491497 1.208305 False
-2.939503 -0.510611 1.248066 False
-3.035996 -0.529725 1.287827 False
-3.132489 -0.548839 1.327588 False
-3.228983 -0.567953 1.367348 False
-3.325476 -0.587067 1.407109 False
-3.421970 -0.606181 1.446870 False
-3.518463 -0.625296 1.486631 False
-3.614957 -0.644410 1.526392 False
-3.711450 -0.663524 1.566153 False
-3.807943 -0.682638 1.605913 False
-3.904437 -0.701752 1.645674 False
-4.000930 -0.720866 1.685435 False
-4.097424 -0.739980 1.725196 False
-4.193917 -0.759094 1.764957 False
