0.070163 -0.171570 0.345599 False
0.086946 -0.177610 0.365851 False
0.103605 -0.183739 0.386290 False
0.120130 -0.189907 0.406814 False
0.136512 -0.196066 0.427322 False
0.152740 -0.202169 0.447711 False
0.168805 -0.208166 0.467881 False
0.184696 -0.214010 0.487730 False
0.200405 -0.219652 0.507155 False
0.215921 -0.225042 0.526055 False
0.231233 -0.230134 0.544328 False
0.246333 -0.234879 0.561873 False
0.261211 -0.239228 0.578587 False
0.275856 -0.243133 0.594369 False
0.290259 -0.246545 0.609118 False
0.304409 -0.249417 0.622731 False
0.318298 -0.251699 0.635107 False
0.331914 -0.253344 0.646144 False
0.345249 -0.254302 0.655740 False
0.358293 -0.254526 0.663794 False
0.371035 -0.253968 0.670203 False
0.383465 -0.252578 0.674867 False
0.395574 -0.250308 0.677683 False
0.407352 -0.247110 0.678549 False
0.418790 -0.242936 0.677365 False
0.429876 -0.237738 0.674027 False
0.440601 -0.231466 0.668435 False
0.450957 -0.224072 0.660486 False
0.460931 -0.215508 0.650079 False
0.470516 -0.205727 0.637112 False
0.479700 -0.194678 0.621484 False
0.488474 -0.182314 0.603092 False
0.496828 -0.168587 0.581835 False
0.504753 -0.153447 0.557611 False
0.512238 -0.136848 0.530319 False
0.519273 -0.118739 0.499856 False
0.525849 -0.099074 0.466122 False
0.531956 -0.077803 0.429013 False
0.537583 -0.054878 0.388429 False
0.542722 -0.030251 0.344267 False
0.547362 -0.003873 0.296427 False
0.551493 0.024304 0.244806 False
0.555106 0.054328 0.189302 False
0.558190 0.086248 0.129814 False
0.560736 0.120112 0.066239 False
0.562733 0.155969 -0.001522 False
0.564173 0.193868 -0.073574 False
0.570674 0.249954 -0.172464 False
0.573947 0.276636 -0.257873 False
0.565547 0.288182 -0.278985 False
0.516921 0.313578 -0.236185 False
0.439776 0.296691 -0.142813 False
0.343503 0.201175 -0.063093 False
0.197089 0.122749 -0.048196 False
0.067568 0.053980 -0.049611 False
0.037904 0.031241 -0.049275 True
0.043695 0.016757 -0.043475 False
0.078146 0.014201 -0.037839 False
0.131254 0.021003 -0.032577 False
0.193020 0.034597 -0.027903 False
0.253442 0.052415 -0.024029 False
0.302518 0.071889 -0.021168 False
0.330247 0.090450 -0.019530 False
0.326629 0.105532 -0.019329 False
0.189929 0.104233 -0.022541 False
0.196275 0.114004 -0.022528 False
0.217376 0.116047 -0.021811 False
0.229607 0.121283 -0.023153 False
0.241178 0.130937 -0.040314 False
0.279702 0.159416 -0.105197 False
0.333246 0.227814 -0.189737 False
0.306073 0.229836 -0.201239 False
0.271291 0.226714 -0.200394 False
0.215209 0.218902 -0.186577 False
0.190477 0.186496 -0.151040 False
0.187846 0.166621 -0.144132 False
0.189638 0.150478 -0.143736 False
0.196502 0.127418 -0.149968 False
0.204539 0.110673 -0.169088 False
0.232032 0.121775 -0.220671 False
0.225431 0.091844 -0.190424 False
0.237441 0.080620 -0.204249 False
0.259728 0.098012 -0.235720 False
0.255123 0.091614 -0.243944 False
0.250798 0.076178 -0.247318 False
0.257327 0.060134 -0.260245 False
0.257314 0.050032 -0.263025 False
0.256228 0.045859 -0.262926 False
0.252356 0.045581 -0.260991 False
0.241538 0.051689 -0.251458 False
0.213398 0.079417 -0.217423 False
0.217857 0.141512 -0.200115 False
0.249842 0.169531 -0.178628 False
0.266390 0.186146 -0.162622 False
0.253029 0.196646 -0.160956 False
0.210134 0.196438 -0.155713 False
0.197281 0.195214 -0.154590 False
0.197344 0.192807 -0.155767 False
0.202712 0.189157 -0.157974 False
0.207802 0.186578 -0.162065 False
0.212573 0.186868 -0.168561 False
0.218099 0.190200 -0.179401 False
0.216741 0.190101 -0.189631 False
0.209361 0.177290 -0.182467 False
0.166005 0.163280 -0.145157 False
0.197572 0.133422 -0.177488 False
0.205741 0.121806 -0.190929 False
0.207788 0.119233 -0.198137 False
0.209398 0.120499 -0.204072 False
0.209866 0.120973 -0.206079 False
0.211078 0.119970 -0.206745 False
0.210997 0.115044 -0.204905 False
0.210322 0.110689 -0.202095 False
0.206775 0.109140 -0.200064 False
0.205133 0.109391 -0.195578 False
0.203296 0.119346 -0.177141 False
0.193537 0.165541 -0.108928 False
0.164536 0.168749 -0.082281 False
0.181915 0.103506 -0.160750 False
0.203588 0.081804 -0.186258 False
0.264857 0.054533 -0.202311 False
0.227881 0.063992 -0.195899 False
0.284670 0.041638 -0.205230 True
0.296181 0.035770 -0.209954 False
0.297488 0.034845 -0.209594 False
0.296546 0.036646 -0.206568 False
0.289983 0.040750 -0.204041 False
0.260612 0.053846 -0.199034 False
0.168377 0.088656 -0.183779 False
0.123714 0.105877 -0.180000 False
0.064899 0.116942 -0.178978 False
0.042399 0.148938 -0.173652 False
0.071863 0.184427 -0.165445 False
0.102862 0.239690 -0.106401 False
0.270383 0.207037 -0.201900 True
0.372987 0.165328 -0.232238 False
0.383499 0.118766 -0.210983 False
0.504868 0.094803 -0.232612 False
0.495570 0.113685 -0.095546 False
0.524084 0.113100 -0.128417 False
0.508655 0.154670 -0.230051 False
0.444140 0.200305 -0.208595 False
0.375200 0.205869 -0.149694 False
0.324411 0.190521 -0.102825 False
0.290858 0.176870 -0.081174 False
0.276573 0.170387 -0.081829 False
0.243858 0.159112 -0.071741 False
0.204446 0.157756 -0.062485 False
0.188732 0.165873 -0.059875 False
0.170553 0.168483 -0.062794 False
0.176625 0.178015 -0.067213 False
0.239455 0.210628 -0.078799 False
0.236319 0.224323 -0.088314 False
0.177535 0.196031 -0.063739 False
0.168190 0.170150 -0.061533 False
0.216105 0.132863 -0.108653 False
0.274078 0.161120 -0.147857 False
0.276927 0.155299 -0.165675 False
0.276776 0.141035 -0.172445 False
0.281868 0.136113 -0.173722 False
0.282820 0.131418 -0.174999 False
0.285425 0.130753 -0.175197 False
0.286490 0.130479 -0.175469 False
0.287018 0.130949 -0.174062 False
0.287874 0.131393 -0.173764 False
0.289066 0.130740 -0.173457 False
0.290444 0.129698 -0.174565 False
0.293316 0.128969 -0.174137 False
0.295133 0.128773 -0.173308 False
0.298209 0.128074 -0.173536 False
0.300002 0.128291 -0.172692 False
0.302239 0.128355 -0.173849 False
0.305634 0.127774 -0.174359 False
0.307134 0.126506 -0.175624 False
0.309543 0.125636 -0.173231 False
0.307385 0.122572 -0.165500 False
0.256107 0.100997 -0.131658 False
0.217411 0.108198 -0.121305 False
0.200559 0.113834 -0.117073 False
0.195055 0.120180 -0.114532 False
0.198362 0.129421 -0.112516 False
0.209033 0.141474 -0.110304 False
0.226808 0.151302 -0.108814 False
0.283785 0.181615 -0.102595 False
0.301195 0.200470 -0.088288 False
0.296887 0.206007 -0.064668 False
0.255416 0.181836 -0.057303 False
0.248039 0.170176 -0.057897 False
0.254820 0.165277 -0.060052 False
0.256552 0.161986 -0.083432 False
0.238249 0.167920 -0.103332 False
0.215463 0.161109 -0.100504 False
0.206603 0.155363 -0.086786 False
0.203740 0.149037 -0.072963 False
0.197331 0.139790 -0.058260 False
0.189257 0.130268 -0.042829 False
0.184162 0.126441 -0.031701 False
0.182838 0.127508 -0.032318 False
0.193666 0.127233 -0.069144 False
0.255228 0.113161 -0.229182 False
0.276893 0.154410 -0.254613 False
0.283680 0.203107 -0.222527 False
0.252292 0.210913 -0.161836 False
0.122633 0.150234 -0.052472 False
0.094273 0.134868 -0.035773 False
0.105793 0.136305 -0.059294 False
0.144917 0.151648 -0.108246 False
0.223045 0.169955 -0.182927 False
0.236496 0.169434 -0.202661 False
0.237755 0.170138 -0.205064 False
0.230832 0.174961 -0.196034 False
0.193274 0.186891 -0.159519 False
0.145142 0.179833 -0.107823 False
0.067895 0.132937 -0.036162 False
0.029215 0.109131 -0.002162 False
0.002663 0.088193 0.019446 False
-0.013387 0.070022 0.030578 False
-0.020560 0.054522 0.033151 False
-0.020483 0.041593 0.029082 False
-0.014780 0.031139 0.020289 False
-0.005076 0.023060 0.008687 False
0.007002 0.017258 -0.003805 False
0.019830 0.013637 -0.015272 False
0.031782 0.012096 -0.023796 True
0.037556 0.012022 -0.026331 True
0.044496 0.014822 -0.020259 False
0.051467 0.019904 -0.010451 False
0.058931 0.027180 0.001135 False
0.067351 0.036564 0.012541 False
0.077190 0.047968 0.021808 False
0.088911 0.061304 0.026979 False
0.102976 0.076487 0.026094 False
0.119849 0.093428 0.017197 False
0.139991 0.112040 -0.001672 False
0.163866 0.132237 -0.032470 False
0.201709 0.162908 -0.093937 False
0.242106 0.189016 -0.168193 False
0.223174 0.168504 -0.188102 False
0.204778 0.170731 -0.116454 False
0.238214 0.142372 -0.188263 False
0.247700 0.135506 -0.207508 False
0.252417 0.134237 -0.209492 False
0.254496 0.138561 -0.207540 False
0.260298 0.157902 -0.209407 False
0.279635 0.225877 -0.218472 False
0.268553 0.217420 -0.213815 False
0.271973 0.223152 -0.215047 False
0.256784 0.158143 -0.207420 False
0.254130 0.150435 -0.205931 False
0.259685 0.176441 -0.208781 False
0.282584 0.248683 -0.220273 False
0.260027 0.163931 -0.212200 False
0.249184 0.143526 -0.211300 False
0.234176 0.164845 -0.209908 False
0.221335 0.219531 -0.164442 False
0.308630 0.239012 -0.120213 False
0.443181 0.207527 -0.114449 False
0.564474 0.180817 -0.126325 False
0.606851 0.171281 -0.133588 False
0.608231 0.181520 -0.125696 False
0.560326 0.223622 -0.103175 False
0.477059 0.257049 -0.076310 False
0.405929 0.312972 -0.071043 False
0.333086 0.329709 -0.057622 False
0.253652 0.326047 -0.042454 False
0.197824 0.321765 -0.034182 False
0.154011 0.320267 -0.033131 False
0.120606 0.318697 -0.037135 False
0.102306 0.315021 -0.043631 False
0.100009 0.306750 -0.058598 False
0.112813 0.300799 -0.085699 False
0.138717 0.290752 -0.118408 False
0.149722 0.292412 -0.138885 False
0.158186 0.298544 -0.156289 False
0.162715 0.303488 -0.165702 False
0.167116 0.306169 -0.169763 False
0.169829 0.307149 -0.171275 False
0.172514 0.308177 -0.173152 False
0.175352 0.309438 -0.174413 False
0.177703 0.312182 -0.174791 False
0.180096 0.314881 -0.175330 False
0.182602 0.316350 -0.176670 False
0.183905 0.317313 -0.177595 False
0.184959 0.317631 -0.178255 False
0.185393 0.318390 -0.178818 False
0.185987 0.318943 -0.179212 False
0.187132 0.319905 -0.179655 False
0.189398 0.320993 -0.180768 False
0.191588 0.322079 -0.182285 False
0.192801 0.323011 -0.183336 False
0.193353 0.323557 -0.183894 False
0.193875 0.323484 -0.184167 False
0.194430 0.324035 -0.184484 False
0.194469 0.325060 -0.185170 False
0.195834 0.325120 -0.185359 False
0.196956 0.325053 -0.185352 False
0.197723 0.325248 -0.185594 False
0.197697 0.325469 -0.185807 False
0.197070 0.326035 -0.186099 False
0.195513 0.328415 -0.186129 False
0.189568 0.336641 -0.186148 False
0.187804 0.338194 -0.186410 False
0.189159 0.336587 -0.186394 False
0.195723 0.328357 -0.186031 False
0.195715 0.324206 -0.185474 False
0.190935 0.318983 -0.184116 False
0.182898 0.311708 -0.180798 False
0.170547 0.302360 -0.173901 False
0.158415 0.295922 -0.162446 False
0.146090 0.292138 -0.140060 False
0.142337 0.288555 -0.117801 False
0.147288 0.276885 -0.089811 False
0.159438 0.264438 -0.070886 False
0.178162 0.252551 -0.055572 False
0.202042 0.242086 -0.042515 False
0.231449 0.233767 -0.032003 False
0.265021 0.230312 -0.026049 False
0.303096 0.231330 -0.022156 False
0.344976 0.234130 -0.023905 False
0.379428 0.225267 -0.034481 False
0.408624 0.174557 -0.064389 False
0.468218 0.226929 -0.066754 False
0.522520 0.238736 -0.083690 False
0.574861 0.226634 -0.111696 False
0.603119 0.205054 -0.132302 False
0.616132 0.191185 -0.131357 False
0.610647 0.189013 -0.112706 False
0.561244 0.241103 -0.064587 False
0.509690 0.258625 -0.089693 False
0.440256 0.214829 -0.118606 False
0.334328 0.145324 -0.060937 False
0.267618 0.139279 -0.044773 False
0.230114 0.142671 -0.043310 False
0.214602 0.149054 -0.053508 False
0.210823 0.164275 -0.083968 False
0.222556 0.192146 -0.137750 False
0.306870 0.253962 -0.210044 False
0.291448 0.237567 -0.215938 False
0.262675 0.170762 -0.213149 False
0.255595 0.147992 -0.207385 False
0.252776 0.143107 -0.204347 False
0.251298 0.142922 -0.203242 False
0.251094 0.143514 -0.203334 False
0.251472 0.146518 -0.204639 False
0.253554 0.162240 -0.207163 False
0.259773 0.218400 -0.212409 False
0.251897 0.222656 -0.188600 False
0.209915 0.202637 -0.132577 False
0.253226 0.218794 -0.191538 False
0.240670 0.169408 -0.182610 False
0.202773 0.174724 -0.128993 False
0.220808 0.154711 -0.197578 False
0.249681 0.172948 -0.201507 False
0.245372 0.156063 -0.200775 False
0.199131 0.158028 -0.203018 False
0.103617 0.149382 -0.267936 False
0.049080 0.047632 -0.383348 True
0.036237 0.021451 -0.420921 True
0.030134 0.029191 -0.440311 True
0.038960 0.038374 -0.435619 True
0.066492 0.085118 -0.407596 False
0.114786 0.154981 -0.348701 False
0.171060 0.206050 -0.283155 False
0.208212 0.221769 -0.231987 False
0.220695 0.214212 -0.214449 False
0.224067 0.201538 -0.209906 False
0.232826 0.195295 -0.207443 False
0.247315 0.185437 -0.213470 False
0.254486 0.155068 -0.204390 False
0.260340 0.157685 -0.206501 False
0.274408 0.198951 -0.215369 False
0.270038 0.177320 -0.204756 False
0.292721 0.216356 -0.204963 False
0.263486 0.155859 -0.200652 False
0.250181 0.119175 -0.198097 False
0.253766 0.136673 -0.198540 False
0.255880 0.142960 -0.198281 False
0.251954 0.146690 -0.198874 False
0.230798 0.156276 -0.204080 False
0.186886 0.180326 -0.227983 False
0.138440 0.192872 -0.271961 False
0.095451 0.186476 -0.319941 False
0.071550 0.172358 -0.347665 False
0.059951 0.166453 -0.354055 False
0.052281 0.173526 -0.333532 False
0.063004 0.172585 -0.274608 False
0.125340 0.116450 -0.201349 False
0.168936 0.062136 -0.141918 False
0.181665 0.021900 -0.113535 True
0.181823 0.008529 -0.102468 True
0.178795 0.005792 -0.100270 True
0.177026 0.007105 -0.100194 True
0.175694 0.007587 -0.100119 True
0.176150 0.007829 -0.100630 True
0.175938 0.008855 -0.100509 True
0.175569 0.009378 -0.099236 True
0.175892 0.008553 -0.098949 True
0.176447 0.007226 -0.099402 True
0.176301 0.006675 -0.099386 True
0.176506 0.006240 -0.099389 True
0.177221 0.006078 -0.099869 True
0.177619 0.006506 -0.100357 True
0.177471 0.006607 -0.099645 True
0.177271 0.007326 -0.099524 True
0.176579 0.007946 -0.099858 True
0.174774 0.008378 -0.101083 True
0.172316 0.009363 -0.100645 True
0.169816 0.010153 -0.100075 True
0.166866 0.010865 -0.100932 True
0.166223 0.011835 -0.101375 True
0.164723 0.013233 -0.100094 True
0.164180 0.013459 -0.099651 True
0.163356 0.014150 -0.099276 True
0.163337 0.013618 -0.099725 True
0.163176 0.013136 -0.100180 True
0.162192 0.014017 -0.099429 True
0.161737 0.014596 -0.099038 True
0.162384 0.014074 -0.099180 True
0.162242 0.014439 -0.098921 True
0.161786 0.014520 -0.098842 True
0.162570 0.013369 -0.099355 True
0.160811 0.013678 -0.100601 True
0.159588 0.013799 -0.101801 True
0.156287 0.014582 -0.102094 True
0.157323 0.014337 -0.102229 True
0.158757 0.014470 -0.102301 True
0.158592 0.014265 -0.102339 True
0.159731 0.013663 -0.102475 True
0.157907 0.015022 -0.100751 True
0.157398 0.016031 -0.099511 True
0.157950 0.015701 -0.099416 True
0.160516 0.013769 -0.099472 True
0.163176 0.012151 -0.096589 True
0.163169 0.011660 -0.093878 True
0.163090 0.010992 -0.092979 True
0.163379 0.011263 -0.093170 True
0.161072 0.014777 -0.094742 True
0.169835 0.023177 -0.109877 True
0.193736 0.058215 -0.145978 False
0.250789 0.111885 -0.199194 False
0.235850 0.076630 -0.214819 True
0.236005 0.067305 -0.209126 True
0.238196 0.068589 -0.205383 False
0.233624 0.059882 -0.203925 True
0.235187 0.066687 -0.203230 True
0.241708 0.083820 -0.203787 True
0.237899 0.075568 -0.205745 True
0.244582 0.118604 -0.211607 True
0.237806 0.079748 -0.204971 True
0.239858 0.090922 -0.202062 True
0.238266 0.088028 -0.203054 True
0.239261 0.096645 -0.207652 True
0.238706 0.127698 -0.223375 True
0.253987 0.135434 -0.214639 True
0.245826 0.103884 -0.205393 True
0.236364 0.060488 -0.203330 True
0.233945 0.049042 -0.203064 True
0.233303 0.047638 -0.203016 True
0.233303 0.048073 -0.202927 True
0.233508 0.047637 -0.202624 True
0.233398 0.048026 -0.202200 True
0.233996 0.051668 -0.202744 True
0.236739 0.060411 -0.208995 True
0.245360 0.077316 -0.229219 False
0.262222 0.101651 -0.274448 False
0.280376 0.120598 -0.336063 False
0.287730 0.127884 -0.387311 False
0.290803 0.130270 -0.433211 False
0.291577 0.134043 -0.469709 False
0.297871 0.137551 -0.487314 False
0.327269 0.147068 -0.485016 False
0.430782 0.178795 -0.441930 False
0.452614 0.179249 -0.437253 False
0.453203 0.176025 -0.437543 False
0.451642 0.168172 -0.439952 False
0.458055 0.163606 -0.436423 False
0.460062 0.158158 -0.436257 False
0.459589 0.152721 -0.434747 False
0.465457 0.152362 -0.431577 False
0.466702 0.150690 -0.431115 False
0.469699 0.152589 -0.427797 False
0.468052 0.152098 -0.425093 False
0.469150 0.157332 -0.423612 False
0.468887 0.158539 -0.421917 False
0.469349 0.158873 -0.421039 False
0.469112 0.160203 -0.420443 False
0.468980 0.164372 -0.420093 False
0.470498 0.166659 -0.422320 False
0.468673 0.165274 -0.422235 False
0.466432 0.161736 -0.421260 False
0.470366 0.163399 -0.417185 False
0.470482 0.160548 -0.413372 False
0.465943 0.157274 -0.412563 False
0.469313 0.159660 -0.410705 False
0.465920 0.154236 -0.411535 False
0.469548 0.152815 -0.412546 False
0.468230 0.155033 -0.415944 False
0.443523 0.161530 -0.423550 False
0.340581 0.152350 -0.447030 False
0.311077 0.149913 -0.422072 False
0.292486 0.139570 -0.369055 False
0.272169 0.117277 -0.315418 False
0.249765 0.085991 -0.259032 False
0.238820 0.065864 -0.227780 True
0.235828 0.056132 -0.216285 False
0.236463 0.050532 -0.213910 True
0.236721 0.049713 -0.214136 True
0.238068 0.050845 -0.215791 True
0.238692 0.055307 -0.216223 True
0.240262 0.072769 -0.213611 True
0.244770 0.138388 -0.202057 True
0.165499 0.093605 -0.117149 False
0.225279 0.097035 -0.190978 True
0.255446 0.126916 -0.211550 True
0.269656 0.183232 -0.222373 True
0.274916 0.200196 -0.226685 True
0.278174 0.188466 -0.228307 True
0.267780 0.155711 -0.228115 True
0.224678 0.079378 -0.190771 True
0.161605 0.083926 -0.107349 False
0.260641 0.159523 -0.192071 True
0.260145 0.154282 -0.214823 True
0.255405 0.129426 -0.218132 True
0.249254 0.102408 -0.216121 True
0.236059 0.102694 -0.199663 True
0.187874 0.097769 -0.140352 False
0.245033 0.118752 -0.193551 True
0.208960 0.045576 -0.164574 True
0.186988 0.013696 -0.144180 True
0.181714 0.005050 -0.139923 True
0.180940 0.004004 -0.139004 True
0.181708 0.003489 -0.139800 True
0.182074 0.003268 -0.140090 True
0.182292 0.002741 -0.139729 True
0.183084 0.002177 -0.138960 True
0.183645 0.002645 -0.138006 True
0.179048 0.010688 -0.137576 True
0.159694 0.046164 -0.147392 True
0.099945 0.126886 -0.192667 False
0.056634 0.166113 -0.295636 False
0.061366 0.163887 -0.353724 False
0.080244 0.157261 -0.356338 False
0.108222 0.161739 -0.323897 False
0.147711 0.161121 -0.276833 False
0.176868 0.153157 -0.247244 False
0.194198 0.150029 -0.229106 False
0.202531 0.146114 -0.228120 False
0.200971 0.140745 -0.230861 False
0.182166 0.138260 -0.218317 False
0.131669 0.138390 -0.168770 False
0.180373 0.143626 -0.220076 False
0.194692 0.163716 -0.231848 False
0.181545 0.142624 -0.218059 False
0.140424 0.134570 -0.163505 False
0.180889 0.141737 -0.217839 False
0.195729 0.149619 -0.234437 False
0.208742 0.188812 -0.238979 False
0.222991 0.231105 -0.242055 False
0.203312 0.161758 -0.239062 False
0.197870 0.141118 -0.238191 False
0.195434 0.136350 -0.237940 False
0.196252 0.135713 -0.238465 False
0.196482 0.134398 -0.240758 False
0.192497 0.136150 -0.241696 False
0.182079 0.146715 -0.236080 False
0.159802 0.164908 -0.238068 False
0.139043 0.183222 -0.248054 False
0.125713 0.202659 -0.265951 False
0.135984 0.219622 -0.281914 False
0.141152 0.226922 -0.283247 False
0.142989 0.232420 -0.282143 False
0.145980 0.238407 -0.282423 False
0.143726 0.240665 -0.281117 False
0.141360 0.239678 -0.272110 False
0.144213 0.239506 -0.260964 False
0.144685 0.234930 -0.248876 False
0.142826 0.231306 -0.243391 False
0.138622 0.231692 -0.237980 False
0.136358 0.234759 -0.236131 False
0.136732 0.238553 -0.234070 False
0.137705 0.239457 -0.231369 False
0.138822 0.239263 -0.227946 False
0.137647 0.238522 -0.224071 False
0.134390 0.237707 -0.220773 False
0.135274 0.238466 -0.215969 False
0.133697 0.237748 -0.212771 False
0.133049 0.239051 -0.208651 False
0.132992 0.238495 -0.207148 False
0.132964 0.238644 -0.205582 False
0.133578 0.240956 -0.203632 False
0.134716 0.241621 -0.202678 False
0.136010 0.240796 -0.202296 False
0.135854 0.240688 -0.201827 False
0.135180 0.240793 -0.201547 False
0.131321 0.241266 -0.203657 False
0.126742 0.240320 -0.208998 False
0.125064 0.236015 -0.216201 False
0.124833 0.229762 -0.221303 False
0.127195 0.221765 -0.226815 False
0.124615 0.214223 -0.227979 False
0.111532 0.203982 -0.217085 False
0.098007 0.171975 -0.192713 False
0.088492 0.144017 -0.165461 False
0.082890 0.125326 -0.139655 False
0.078597 0.112814 -0.118239 False
0.079602 0.105322 -0.112492 False
0.090961 0.100030 -0.117467 False
0.107547 0.099658 -0.125596 False
0.117163 0.101704 -0.132379 False
0.120589 0.110251 -0.141985 False
0.134022 0.131495 -0.170176 False
0.156689 0.151928 -0.208177 False
0.179377 0.156264 -0.231459 False
0.196043 0.160965 -0.237893 False
0.220141 0.215817 -0.244539 False
0.204123 0.175098 -0.235686 False
0.194659 0.156514 -0.229327 False
0.190962 0.183443 -0.209784 False
0.141207 0.186135 -0.145789 False
0.213374 0.256692 -0.218418 False
0.240557 0.267433 -0.237817 False
0.246621 0.255468 -0.241771 False
0.250154 0.256354 -0.243566 False
0.259193 0.262262 -0.247010 False
0.249586 0.249647 -0.251684 False
0.237688 0.229155 -0.245149 False
0.205812 0.172340 -0.235349 False
0.218376 0.206833 -0.233835 False
0.248046 0.243730 -0.239171 False
0.225225 0.207491 -0.235316 False
0.198860 0.152452 -0.235652 False
0.190534 0.142093 -0.234137 False
0.179743 0.152250 -0.220495 False
0.144884 0.155786 -0.161488 False
0.095044 0.096109 -0.081161 False
0.054449 0.047159 -0.039980 False
0.045385 0.030868 -0.025853 True
0.104180 0.042965 -0.022760 False
0.351487 0.104039 -0.022972 False
0.436854 0.114642 -0.016359 False
0.493492 0.122843 -0.011744 False
0.521589 0.125541 -0.008119 False
0.525941 0.123925 -0.005596 False
0.511347 0.119185 -0.004287 False
0.482603 0.112510 -0.004303 False
0.444507 0.105089 -0.005757 False
0.401857 0.098112 -0.008760 False
0.359449 0.092767 -0.013425 False
0.330818 0.094255 -0.019737 False
0.298294 0.094659 -0.030069 False
0.254691 0.092774 -0.040947 False
0.242089 0.086033 -0.044475 False
0.242825 0.085681 -0.041468 False
0.269478 0.088472 -0.049742 False
0.326336 0.090508 -0.105779 False
0.336971 0.082464 -0.204526 False
0.318673 0.060481 -0.291426 False
0.299783 0.044878 -0.342451 True
0.306000 0.042627 -0.355100 True
0.327461 0.075169 -0.365018 False
0.389428 0.109841 -0.392646 False
0.442773 0.114551 -0.414304 False
0.464433 0.104650 -0.420765 False
0.472055 0.101364 -0.415009 False
0.475727 0.109049 -0.397336 False
0.464621 0.094435 -0.383777 False
0.449162 0.070832 -0.376297 False
0.445015 0.059690 -0.376720 False
0.444678 0.050841 -0.378190 False
0.445006 0.048487 -0.378676 False
0.445569 0.047697 -0.378784 False
0.445869 0.047309 -0.378744 False
0.445937 0.047056 -0.379399 False
0.447057 0.046611 -0.380703 True
0.448598 0.047425 -0.380769 False
0.448221 0.054342 -0.375432 False
0.433658 0.082870 -0.345050 False
0.376412 0.115403 -0.276041 False
0.136211 0.142837 -0.110872 False
0.139591 0.204707 -0.164469 False
0.183494 0.211413 -0.212105 False
0.178433 0.218713 -0.224980 False
0.156813 0.224530 -0.250965 False
0.141866 0.231016 -0.301188 False
0.121591 0.227932 -0.335373 False
0.110659 0.218311 -0.357060 False
0.102584 0.206573 -0.370823 False
0.096005 0.205230 -0.371813 False
0.087563 0.212984 -0.355852 False
0.103730 0.221621 -0.308299 False
0.158556 0.167128 -0.253913 False
0.232828 0.113545 -0.250879 False
0.260188 0.096625 -0.250903 False
0.264877 0.094011 -0.251394 False
0.265238 0.095193 -0.250632 False
0.267959 0.103148 -0.249454 False
0.267905 0.096593 -0.249860 False
0.269254 0.092670 -0.249366 False
0.268910 0.091548 -0.249176 False
0.268695 0.092588 -0.249161 False
0.270027 0.099965 -0.249887 False
0.275527 0.128370 -0.252958 False
0.294395 0.187939 -0.262975 False
0.276717 0.136235 -0.253407 False
0.270331 0.123119 -0.251593 False
0.260083 0.127500 -0.253639 False
0.267640 0.107553 -0.250399 False
0.270761 0.119906 -0.245375 False
0.262464 0.127995 -0.226988 False
0.208849 0.120425 -0.170509 False
0.262153 0.124704 -0.229216 False
0.294681 0.181252 -0.254664 False
0.278819 0.114866 -0.249908 False
0.273683 0.095193 -0.247507 False
0.271953 0.091368 -0.246099 False
0.272671 0.089646 -0.246917 False
0.273147 0.086939 -0.250156 False
0.272049 0.086041 -0.256373 False
0.276076 0.096160 -0.253782 False
0.275797 0.107752 -0.267247 False
0.276939 0.125998 -0.303067 False
0.285720 0.141488 -0.346169 False
0.294112 0.149868 -0.391153 False
0.305046 0.150129 -0.434323 False
0.317755 0.146165 -0.466905 False
0.329987 0.147450 -0.481282 False
0.361400 0.149341 -0.483391 False
0.445716 0.152068 -0.445058 False
0.473472 0.147731 -0.434849 False
0.481375 0.144545 -0.434642 False
0.482409 0.138714 -0.431948 False
0.485704 0.135341 -0.428738 False
0.485606 0.128653 -0.425242 False
0.486894 0.124980 -0.425825 False
0.488822 0.126492 -0.425859 False
0.491069 0.128557 -0.426274 False
0.491574 0.130083 -0.425171 False
0.492598 0.132285 -0.425397 False
0.493798 0.134579 -0.421202 False
0.493291 0.135781 -0.417907 False
0.492998 0.136675 -0.414932 False
0.492433 0.140400 -0.412741 False
0.485240 0.144777 -0.416363 False
0.456141 0.152309 -0.430166 False
0.354872 0.159285 -0.473332 False
0.322963 0.170005 -0.466888 False
0.303471 0.182191 -0.430212 False
0.287309 0.184706 -0.378317 False
0.273676 0.170075 -0.330042 False
0.265111 0.148767 -0.289514 False
0.257842 0.124728 -0.259696 False
0.252846 0.106287 -0.243391 False
0.248342 0.099172 -0.238737 False
0.247927 0.097861 -0.238699 False
0.245462 0.096769 -0.237690 False
0.244062 0.099726 -0.236595 False
0.247070 0.110609 -0.237884 False
0.258015 0.150312 -0.240204 False
0.248451 0.113139 -0.237759 False
0.247842 0.112901 -0.237293 False
0.257326 0.156157 -0.236407 False
0.257902 0.177099 -0.237501 False
0.258891 0.176764 -0.237037 False
0.260825 0.178058 -0.237693 False
0.259770 0.179162 -0.237851 False
0.257163 0.158060 -0.237689 False
0.253085 0.139739 -0.231712 False
0.246391 0.150963 -0.203797 False
0.215443 0.165485 -0.109812 False
0.252896 0.236192 -0.157570 False
0.264306 0.190567 -0.234521 False
0.256805 0.136244 -0.241567 False
0.267236 0.164443 -0.244746 False
0.253106 0.114574 -0.240935 False
0.251464 0.101668 -0.239878 False
0.257375 0.107345 -0.239454 False
0.253747 0.134958 -0.233022 False
0.209578 0.121857 -0.203907 False
0.144064 0.103596 -0.153293 False
0.119476 0.099326 -0.140332 False
0.106768 0.107771 -0.157259 False
0.093265 0.133762 -0.210077 False
0.078356 0.162614 -0.288028 False
0.082392 0.161741 -0.367661 False
0.112734 0.154409 -0.381648 False
0.145716 0.159855 -0.352402 False
0.187493 0.166632 -0.291033 False
0.211295 0.157030 -0.233846 False
0.223992 0.147147 -0.207255 False
0.229407 0.143180 -0.200468 False
0.230410 0.141246 -0.200606 False
0.228754 0.140222 -0.201463 False
0.226252 0.139030 -0.202444 False
0.227087 0.140699 -0.201797 False
0.228923 0.148068 -0.202390 False
0.243991 0.188123 -0.202704 False
0.250806 0.212106 -0.209241 False
0.240889 0.174950 -0.206929 False
0.248264 0.214548 -0.218124 False
0.238164 0.199678 -0.209106 False
0.251235 0.212921 -0.207993 False
0.237188 0.187050 -0.194923 False
0.237767 0.258989 -0.171810 False
0.232119 0.170135 -0.192877 False
0.231258 0.144279 -0.199120 False
0.231772 0.139389 -0.200222 False
0.231802 0.138351 -0.201088 False
0.232507 0.140552 -0.201901 False
0.225461 0.147722 -0.202709 False
0.204965 0.157852 -0.197820 False
0.171728 0.165643 -0.185585 False
0.144164 0.170353 -0.181553 False
0.135332 0.178706 -0.193159 False
0.146498 0.190247 -0.211822 False
0.158715 0.202536 -0.233930 False
0.170311 0.224038 -0.247890 False
0.176424 0.239239 -0.248946 False
0.180690 0.249030 -0.246132 False
0.188581 0.261375 -0.240290 False
0.197889 0.271304 -0.229131 False
0.203647 0.274042 -0.216525 False
0.208215 0.274260 -0.208984 False
0.215365 0.273279 -0.205508 False
0.210542 0.272070 -0.196293 False
0.215488 0.272495 -0.193103 False
0.218612 0.272354 -0.193517 False
0.201248 0.267207 -0.181609 False
0.195557 0.263641 -0.172842 False
0.192010 0.260689 -0.165569 False
0.193344 0.254219 -0.162228 False
0.189878 0.253657 -0.157831 False
0.189763 0.252855 -0.159094 False
0.185221 0.253381 -0.159156 False
0.185207 0.252094 -0.160984 False
0.182617 0.252687 -0.160375 False
0.181090 0.252830 -0.160978 False
0.179248 0.252784 -0.162305 False
0.178326 0.252404 -0.163725 False
0.178899 0.249835 -0.166819 False
0.176612 0.251153 -0.164933 False
0.176422 0.250731 -0.163681 False
0.175679 0.250952 -0.163069 False
0.174815 0.250416 -0.163329 False
0.173499 0.250002 -0.162919 False
0.172587 0.248893 -0.164008 False
0.171858 0.244686 -0.169310 False
0.169891 0.245886 -0.171528 False
0.170800 0.242807 -0.177036 False
0.174670 0.245115 -0.183433 False
0.182529 0.253907 -0.193905 False
0.178219 0.235790 -0.194152 False
0.170496 0.203089 -0.182770 False
0.163804 0.153912 -0.158204 False
0.156657 0.120518 -0.134572 False
0.154417 0.108241 -0.119250 False
0.153095 0.103280 -0.110084 False
0.154288 0.108986 -0.115568 False
0.169602 0.130319 -0.143760 False
0.195988 0.151203 -0.178091 False
0.222061 0.157747 -0.202587 False
0.246356 0.165169 -0.205597 False
0.276258 0.225862 -0.204265 False
0.243084 0.187966 -0.178495 False
0.197251 0.195177 -0.102261 False
0.219487 0.226734 -0.153285 False
0.240076 0.179895 -0.189488 False
0.272712 0.226729 -0.199975 False
0.278697 0.232798 -0.204839 False
0.260847 0.210678 -0.218572 False
0.238588 0.154148 -0.205157 False
0.220261 0.144967 -0.208513 False
0.183785 0.164459 -0.237137 False
0.143851 0.185802 -0.277306 False
0.108708 0.189683 -0.333407 False
0.085902 0.178844 -0.378099 False
0.075737 0.163963 -0.398266 False
0.073393 0.151491 -0.403336 False
0.071746 0.148207 -0.400232 False
0.066915 0.149218 -0.387285 False
0.059006 0.161973 -0.326187 False
0.094228 0.133333 -0.264304 False
0.143905 0.072584 -0.183388 False
0.166018 0.031834 -0.136422 True
0.173945 0.014519 -0.122319 True
0.173412 0.013127 -0.119494 True
0.172972 0.014618 -0.120057 True
0.172739 0.015301 -0.120683 True
0.172800 0.015954 -0.120019 True
0.172282 0.016025 -0.119503 True
0.172106 0.016443 -0.119062 True
0.171484 0.015150 -0.119374 True
0.171003 0.014476 -0.120390 True
0.174040 0.013972 -0.125247 True
0.181783 0.022138 -0.138661 True
0.202320 0.029713 -0.169684 True
0.167409 0.101536 -0.090946 False
0.182246 0.122661 -0.173971 False
0.127528 0.084506 -0.113027 False
0.111439 0.059186 -0.091246 False
0.111840 0.045070 -0.085971 True
0.102281 0.025269 -0.081948 True
0.099850 0.019883 -0.082985 True
0.098526 0.018860 -0.083114 True
0.098827 0.018625 -0.082290 True
0.098081 0.016026 -0.082605 True
0.098076 0.020700 -0.080425 True
0.097610 0.022196 -0.079707 True
0.097336 0.020415 -0.079273 True
0.097471 0.019783 -0.079770 True
0.097161 0.019403 -0.078706 True
0.096741 0.019116 -0.077180 True
0.096975 0.017478 -0.076092 True
0.099066 0.020986 -0.078813 True
0.110321 0.041387 -0.096392 True
0.141839 0.085228 -0.151244 False
0.210628 0.152236 -0.238337 False
0.213988 0.157349 -0.263100 False
0.210698 0.149426 -0.268496 False
0.208740 0.146551 -0.267740 False
0.207839 0.145563 -0.266154 False
0.207335 0.145870 -0.266213 False
0.207075 0.148242 -0.267318 False
0.206211 0.151084 -0.270736 False
0.206123 0.159979 -0.272427 False
0.215026 0.170598 -0.263587 False
0.216607 0.164685 -0.251040 False
0.185423 0.102696 -0.224822 False
0.177058 0.085128 -0.218187 False
0.176758 0.078305 -0.217794 False
0.176623 0.078458 -0.217633 False
0.175515 0.079433 -0.216718 False
0.172475 0.081336 -0.215832 False
0.172975 0.091220 -0.219195 False
0.181292 0.118281 -0.241023 False
0.207294 0.154528 -0.288717 False
0.238577 0.181696 -0.341706 False
0.267530 0.187855 -0.394535 False
0.296934 0.179492 -0.442763 False
0.335117 0.173248 -0.462720 False
0.428633 0.183708 -0.436483 False
0.459879 0.172641 -0.438753 False
0.467510 0.159224 -0.444158 False
0.469150 0.150160 -0.440191 False
0.470755 0.144572 -0.438405 False
0.472118 0.141517 -0.436206 False
0.473236 0.138558 -0.433785 False
0.472540 0.137477 -0.433068 False
0.472499 0.136254 -0.432231 False
0.472680 0.135470 -0.430633 False
0.471480 0.136832 -0.427695 False
0.469719 0.141077 -0.426590 False
0.468549 0.144448 -0.427076 False
0.468034 0.145184 -0.423571 False
0.468223 0.142533 -0.423604 False
0.469257 0.142637 -0.420804 False
0.468745 0.140861 -0.420604 False
0.470370 0.142667 -0.419116 False
0.471957 0.144320 -0.417756 False
0.472467 0.142994 -0.417413 False
0.470961 0.158667 -0.416123 False
0.462152 0.175672 -0.417679 False
0.428768 0.188460 -0.428845 False
0.334364 0.174761 -0.472554 False
0.294578 0.178244 -0.463910 False
0.260459 0.184166 -0.430187 False
0.235532 0.175445 -0.391647 False
0.221132 0.163775 -0.349105 False
0.196918 0.130485 -0.292942 False
0.171845 0.104747 -0.250036 False
0.153768 0.093113 -0.219027 False
0.145971 0.089218 -0.200176 False
0.144438 0.086694 -0.194330 False
0.144953 0.084815 -0.193834 False
0.145288 0.082666 -0.194715 False
0.146077 0.079904 -0.196444 False
0.144809 0.083844 -0.194301 False
0.144832 0.084118 -0.193940 False
0.144864 0.086026 -0.193666 False
0.145249 0.092441 -0.194907 False
0.147058 0.112580 -0.199971 False
0.146133 0.094902 -0.196631 False
0.153246 0.106621 -0.202355 False
0.180524 0.166273 -0.230010 False
0.169872 0.145056 -0.236901 False
0.165022 0.133884 -0.236760 False
0.163739 0.133045 -0.235090 False
0.164750 0.128885 -0.234315 False
0.166992 0.129556 -0.230970 False
0.178364 0.134869 -0.216985 False
0.203833 0.136961 -0.197285 False
0.170542 0.060867 -0.143713 True
0.161435 0.031057 -0.118429 True
0.156052 0.017866 -0.107676 True
0.155761 0.012723 -0.104790 True
0.156692 0.010398 -0.102899 True
0.158084 0.008851 -0.101845 True
0.157434 0.012504 -0.101651 True
0.154391 0.022145 -0.108045 True
0.141116 0.051523 -0.131744 True
0.095755 0.121744 -0.183186 False
0.060440 0.161969 -0.301880 False
0.073766 0.150738 -0.389879 False
0.090124 0.153544 -0.390194 False
0.104232 0.160231 -0.330798 False
0.085914 0.158979 -0.187763 False
0.166065 0.155131 -0.214137 False
0.178976 0.150533 -0.184982 False
0.136611 0.168855 -0.089802 False
0.192127 0.156325 -0.188751 False
0.215537 0.186207 -0.221508 False
0.210183 0.152076 -0.225005 False
0.214223 0.157249 -0.223998 False
0.216014 0.178790 -0.223923 False
0.210323 0.152939 -0.223319 False
0.213450 0.163623 -0.224740 False
0.234505 0.230320 -0.228503 False
0.215235 0.162911 -0.223963 False
0.211700 0.142858 -0.222698 False
0.212404 0.138489 -0.222952 False
0.212397 0.141196 -0.222813 False
0.202632 0.150220 -0.221813 False
0.174379 0.161835 -0.207857 False
0.138059 0.162603 -0.188135 False
0.113074 0.158751 -0.174815 False
0.098926 0.155536 -0.169428 False
0.098841 0.159634 -0.175814 False
0.112760 0.173177 -0.191980 False
0.135174 0.194911 -0.222834 False
0.161255 0.221698 -0.254146 False
0.199777 0.242680 -0.279858 False
0.181467 0.242454 -0.276724 False
0.167395 0.243479 -0.271480 False
0.159424 0.250058 -0.265210 False
0.158686 0.256691 -0.255718 False
0.157331 0.260162 -0.245184 False
0.156003 0.259110 -0.235355 False
0.153836 0.257873 -0.232428 False
0.156265 0.259189 -0.228524 False
0.157617 0.258740 -0.225698 False
0.154995 0.259160 -0.218364 False
0.157984 0.260167 -0.210750 False
0.159622 0.260021 -0.204623 False
0.160324 0.258273 -0.199659 False
0.159635 0.256707 -0.194957 False
0.158621 0.255754 -0.189705 False
0.156884 0.254433 -0.185563 False
0.156774 0.253478 -0.183936 False
0.155999 0.252891 -0.182769 False
0.156419 0.251227 -0.184218 False
0.155486 0.249014 -0.189008 False
0.154046 0.244905 -0.198015 False
0.155319 0.237986 -0.209548 False
0.155775 0.228329 -0.216159 False
0.144720 0.207817 -0.201351 False
0.136079 0.177403 -0.176063 False
0.129754 0.126325 -0.135274 False
0.135720 0.096719 -0.104966 False
0.143887 0.088235 -0.095206 False
0.145984 0.091198 -0.098962 False
0.142612 0.109733 -0.117859 False
0.148968 0.133777 -0.150039 False
0.177714 0.157964 -0.187440 False
0.200397 0.160963 -0.212671 False
0.216950 0.169845 -0.219963 False
0.239195 0.232115 -0.224262 False
0.219903 0.173412 -0.219118 False
0.209650 0.148413 -0.213668 False
0.200073 0.151626 -0.190666 False
0.171534 0.174360 -0.115813 False
0.198317 0.149586 -0.188997 False
0.205627 0.143491 -0.210908 False
0.200846 0.142627 -0.220351 False
0.184221 0.146382 -0.232075 False
0.154926 0.157785 -0.260091 False
0.124049 0.165547 -0.302155 False
0.105905 0.169077 -0.333808 False
0.093513 0.164012 -0.353558 False
0.090505 0.153381 -0.357286 False
0.090240 0.150345 -0.357945 False
0.090467 0.149023 -0.358535 False
0.089678 0.148552 -0.359641 False
0.088256 0.149981 -0.362706 False
0.086686 0.151408 -0.361657 False
0.085928 0.149175 -0.342384 False
0.111356 0.133885 -0.269624 False
0.107340 0.093497 -0.214326 False
0.151568 0.037753 -0.167429 True
0.170347 0.014107 -0.148860 True
0.174977 0.010299 -0.146576 True
0.174977 0.009718 -0.147634 True
0.173226 0.008570 -0.148655 True
0.171575 0.008029 -0.148342 True
0.171290 0.007531 -0.148662 True
0.170638 0.008214 -0.148148 True
0.171077 0.008935 -0.147973 True
0.171330 0.009036 -0.147757 True
0.171837 0.009028 -0.147093 True
0.173681 0.008845 -0.147656 True
0.171908 0.008793 -0.147188 True
0.172543 0.008684 -0.147648 True
0.171871 0.008301 -0.147580 True
0.171011 0.008168 -0.147055 True
0.171577 0.008176 -0.146755 True
0.170716 0.008138 -0.146522 True
0.170747 0.007770 -0.146650 True
0.171247 0.007854 -0.146984 True
0.171908 0.007143 -0.147049 True
0.173197 0.007505 -0.146336 True
0.175035 0.011997 -0.142154 True
0.173828 0.032943 -0.131015 False
0.170053 0.051650 -0.114716 False
0.167355 0.063914 -0.100941 False
0.174128 0.074487 -0.093114 False
0.175701 0.081521 -0.088265 False
0.179625 0.095072 -0.093722 False
0.186670 0.119768 -0.113485 False
0.199135 0.148635 -0.144340 False
0.211231 0.174858 -0.180443 False
0.235811 0.213576 -0.198810 False
0.227246 0.189115 -0.185478 False
0.213825 0.172957 -0.177900 False
0.202571 0.163992 -0.174212 False
0.194372 0.129396 -0.169273 True
0.195629 0.137710 -0.170858 False
0.208617 0.211557 -0.180629 False
0.214228 0.228936 -0.186213 False
0.207619 0.224144 -0.184838 False
0.205696 0.202908 -0.189548 False
0.196848 0.181370 -0.180222 True
0.193285 0.226209 -0.193494 False
0.191626 0.141115 -0.172713 False
0.191202 0.115883 -0.166565 False
0.190744 0.110428 -0.164755 False
0.190355 0.110612 -0.163817 False
0.190383 0.112224 -0.163788 False
0.189446 0.119112 -0.166329 False
0.197210 0.137326 -0.184315 False
0.219971 0.165891 -0.224945 False
0.253879 0.184356 -0.281415 False
0.278913 0.194131 -0.346872 False
0.294750 0.186668 -0.407769 False
0.305327 0.170240 -0.453505 False
0.332014 0.161986 -0.474750 False
0.430461 0.181510 -0.453045 False
0.456907 0.180053 -0.449715 False
0.460666 0.171513 -0.451505 False
0.466322 0.167044 -0.450240 False
0.472982 0.161346 -0.444977 False
0.475733 0.155682 -0.444461 False
0.476413 0.152694 -0.447239 False
0.477068 0.149044 -0.446851 False
0.475613 0.145584 -0.448626 False
0.479173 0.139820 -0.446357 False
0.477952 0.133532 -0.450142 False
0.476411 0.134471 -0.448294 False
0.456662 0.135347 -0.461118 False
0.451761 0.135147 -0.462468 False
0.455641 0.129449 -0.458675 False
0.455730 0.137716 -0.454484 False
0.475003 0.137228 -0.444108 False
0.479445 0.137111 -0.438891 False
0.479172 0.134511 -0.433676 False
0.474582 0.133257 -0.435191 False
0.473621 0.130088 -0.434121 False
0.478610 0.129842 -0.428816 False
0.476540 0.127086 -0.427372 False
0.481480 0.125256 -0.422463 False
0.482101 0.122085 -0.423062 False
0.479717 0.120577 -0.424607 False
0.480148 0.119623 -0.423112 False
0.480250 0.120237 -0.419360 False
0.476804 0.124457 -0.419456 False
0.478840 0.124596 -0.416154 False
0.487652 0.128778 -0.412405 False
0.497857 0.140349 -0.410999 False
0.498919 0.148771 -0.410558 False
0.467999 0.162949 -0.416104 False
0.345855 0.195808 -0.452244 False
0.291601 0.217510 -0.409996 False
0.245813 0.203578 -0.339444 False
0.200197 0.169502 -0.270577 False
0.168477 0.142204 -0.213172 False
0.146874 0.131790 -0.132388 False
0.158012 0.116544 -0.186681 False
0.164052 0.113606 -0.203804 False
0.165307 0.113512 -0.208391 False
0.165557 0.112962 -0.209166 False
0.165582 0.112009 -0.208718 False
0.165735 0.111316 -0.208238 False
0.165309 0.112078 -0.207747 False
0.166424 0.114956 -0.208205 False
0.169568 0.131700 -0.210099 False
0.182174 0.188075 -0.218785 True
0.174194 0.199034 -0.228605 False
0.176301 0.187886 -0.222335 False
0.181595 0.185485 -0.216071 False
0.182740 0.187940 -0.213263 False
0.185755 0.208043 -0.214810 False
0.201675 0.202246 -0.209905 False
0.176287 0.159727 -0.204599 False
0.173973 0.221478 -0.197208 False
0.172514 0.154145 -0.210213 False
0.186184 0.179175 -0.227435 False
0.187099 0.162330 -0.219285 False
0.174992 0.133606 -0.221385 False
0.159557 0.116717 -0.199346 False
0.165777 0.069459 -0.152800 False
0.169311 0.024386 -0.119165 True
0.168620 0.009180 -0.109099 True
0.168023 0.006098 -0.106335 True
0.166581 0.005708 -0.105098 True
0.165048 0.006156 -0.104341 True
0.164702 0.006135 -0.105739 True
0.163719 0.005787 -0.106284 True
0.163729 0.004189 -0.105580 True
0.163507 0.003973 -0.105294 True
0.164778 0.011949 -0.114124 True
0.164123 0.053377 -0.160040 True
0.158188 0.202580 -0.324707 False
0.124608 0.208134 -0.360564 False
0.126191 0.216935 -0.341461 True
0.126581 0.210396 -0.280300 False
0.087737 0.158433 -0.132077 False
0.123251 0.176975 -0.168989 False
0.088574 0.163082 -0.086581 False
0.157418 0.134449 -0.190072 False
0.175697 0.136743 -0.219074 False
0.181050 0.166934 -0.225896 False
0.194638 0.173472 -0.226969 False
0.184305 0.138314 -0.226764 False
0.177749 0.127208 -0.220942 False
0.160959 0.120586 -0.196300 False
0.098320 0.107484 -0.113320 False
0.081971 0.135192 -0.091124 False
0.158428 0.135906 -0.195547 False
0.174625 0.166707 -0.222482 False
0.184016 0.141179 -0.226005 False
0.188710 0.147832 -0.225468 False
0.203547 0.197561 -0.227399 False
0.189875 0.145106 -0.225531 False
0.186256 0.128245 -0.225119 False
0.184508 0.126872 -0.224732 False
0.183547 0.126892 -0.224633 False
0.178711 0.128528 -0.222147 False
0.156262 0.134272 -0.206319 False
0.108364 0.138472 -0.158208 False
0.083908 0.134296 -0.137837 False
0.082172 0.140952 -0.143017 False
0.088160 0.163882 -0.159981 False
0.098193 0.192265 -0.191091 False
0.126719 0.216448 -0.233100 False
0.160002 0.232318 -0.253488 False
0.224312 0.250991 -0.259373 False
0.159347 0.244354 -0.251321 False
0.142052 0.247186 -0.242640 False
0.137773 0.251719 -0.232929 False
0.136857 0.256752 -0.224607 False
0.143102 0.258984 -0.222477 False
0.170042 0.264785 -0.230324 False
0.177582 0.263494 -0.223921 False
0.172674 0.260176 -0.210299 False
0.150280 0.251500 -0.193859 False
0.135151 0.246075 -0.185765 False
0.136681 0.244065 -0.182483 False
0.136194 0.243366 -0.181785 False
0.135799 0.243775 -0.179467 False
0.132153 0.242099 -0.180027 False
0.126872 0.240298 -0.183924 False
0.120179 0.236898 -0.190923 False
0.120299 0.234077 -0.194359 False
0.126275 0.228609 -0.198528 False
0.116821 0.219926 -0.194191 False
0.103742 0.190238 -0.174148 False
0.100429 0.142501 -0.140184 False
0.106514 0.112322 -0.112195 False
0.104846 0.103728 -0.101105 False
0.103211 0.105454 -0.105845 False
0.112371 0.123488 -0.133033 False
0.132832 0.140923 -0.169086 False
0.159530 0.150644 -0.201132 False
0.174899 0.148149 -0.212821 False
0.184845 0.161463 -0.216070 False
0.214453 0.217731 -0.219977 False
0.206695 0.203200 -0.215265 False
0.209524 0.204865 -0.213866 False
0.207366 0.206703 -0.215420 False
0.210305 0.224160 -0.217747 False
0.238528 0.249884 -0.230543 False
0.237864 0.244369 -0.238631 False
0.217128 0.243297 -0.248896 False
0.228603 0.260212 -0.247971 False
0.228395 0.260533 -0.237688 False
0.240863 0.260420 -0.234990 False
0.226999 0.245760 -0.223058 False
0.216501 0.227580 -0.217138 False
0.212216 0.220772 -0.215116 False
0.209255 0.213828 -0.213691 False
0.205550 0.205771 -0.212122 False
0.202740 0.200022 -0.211926 False
0.200052 0.193586 -0.212088 False
0.194650 0.184537 -0.213220 False
0.198999 0.192643 -0.212233 False
0.211381 0.211118 -0.205326 False
0.195793 0.193446 -0.181581 False
0.124196 0.113053 -0.098342 False
0.169617 0.162082 -0.144792 False
0.074707 0.060630 -0.056155 True
0.108111 0.048532 -0.043202 False
0.307935 0.091415 -0.046883 False
0.347570 0.098850 -0.028029 False
0.327189 0.111230 -0.029990 False
0.247374 0.128853 -0.049258 False
0.086801 0.067704 -0.041161 True
0.050556 0.135206 -0.076707 False
0.139487 0.146914 -0.189098 False
0.160302 0.138676 -0.196995 False
0.114676 0.143419 -0.138300 False
0.169948 0.135225 -0.199563 False
0.185333 0.132181 -0.217262 False
0.188793 0.135089 -0.221256 False
0.191174 0.149019 -0.223250 False
0.193101 0.194496 -0.227130 False
0.191427 0.148106 -0.223635 False
0.188458 0.133331 -0.222747 False
0.186889 0.129547 -0.223779 False
0.184561 0.129544 -0.223916 False
0.175032 0.136089 -0.219580 False
0.153114 0.165212 -0.193078 False
0.180682 0.222439 -0.136193 False
0.285235 0.212678 -0.119998 False
0.405736 0.117333 -0.139122 False
0.564598 0.178201 -0.140140 False
0.553292 0.242001 -0.136030 False
0.471317 0.307909 -0.117753 False
0.389346 0.331777 -0.104242 False
0.306487 0.310039 -0.109011 False
0.235194 0.314808 -0.089720 False
0.174252 0.319887 -0.070424 False
0.128462 0.324224 -0.057531 False
0.108542 0.321762 -0.066401 False
0.117775 0.329189 -0.099192 False
0.159912 0.351925 -0.115937 False
0.095050 0.301570 -0.107071 False
0.078005 0.282300 -0.126169 False
0.084976 0.284580 -0.139337 False
0.079740 0.273593 -0.126034 False
0.083717 0.270764 -0.130058 False
0.088235 0.276656 -0.140237 False
0.096100 0.282538 -0.152182 False
0.102864 0.287600 -0.162667 False
0.109430 0.292184 -0.171545 False
0.112883 0.297606 -0.179339 False
0.114204 0.299705 -0.182648 False
0.114895 0.300972 -0.183827 False
0.115390 0.302873 -0.183849 False
0.116854 0.304898 -0.184234 False
0.119455 0.305221 -0.185192 False
0.122057 0.306793 -0.186979 False
0.122997 0.308286 -0.188741 False
0.123313 0.309391 -0.189814 False
0.123999 0.310573 -0.190690 False
0.124213 0.311911 -0.191738 False
0.124242 0.312594 -0.192351 False
0.124465 0.313553 -0.192825 False
0.124072 0.315014 -0.192784 False
0.124705 0.315460 -0.192766 False
0.125935 0.315938 -0.193236 False
0.127213 0.316929 -0.194315 False
0.128302 0.317802 -0.195034 False
0.129027 0.318969 -0.195685 False
0.130510 0.319584 -0.196882 False
0.131915 0.320424 -0.197349 False
0.132605 0.321965 -0.197487 False
0.133286 0.322755 -0.197427 False
0.133498 0.323062 -0.197502 False
0.134204 0.323546 -0.197521 False
0.134162 0.323417 -0.198265 False
0.134550 0.323244 -0.198452 False
0.135394 0.323371 -0.198616 False
0.135305 0.323611 -0.198844 False
0.135415 0.324034 -0.199380 False
0.135624 0.323736 -0.199251 False
0.135408 0.323626 -0.198929 False
0.134750 0.323298 -0.198874 False
0.134253 0.323129 -0.199274 False
0.133843 0.324085 -0.199859 False
0.134799 0.324593 -0.199574 False
0.135397 0.323905 -0.199432 False
0.135881 0.322929 -0.199375 False
0.133403 0.321120 -0.199062 False
0.126158 0.317307 -0.197496 False
0.112026 0.309543 -0.192204 False
0.101700 0.292084 -0.182546 False
0.085334 0.281303 -0.165049 False
0.074764 0.277787 -0.134193 False
0.087039 0.273154 -0.109757 False
0.086136 0.264109 -0.085787 False
0.095372 0.256934 -0.071986 False
0.110104 0.251426 -0.061773 False
0.129226 0.244971 -0.052672 False
0.151342 0.239590 -0.044354 False
0.183423 0.242880 -0.037855 False
0.231640 0.253051 -0.038233 False
0.282664 0.261587 -0.045841 False
0.350508 0.267635 -0.060991 False
0.457038 0.283531 -0.088495 False
0.485029 0.264464 -0.111202 False
0.561513 0.279517 -0.129528 False
0.519813 0.220421 -0.140865 False
0.427654 0.146388 -0.160992 False
0.345312 0.068950 -0.187167 True
0.324271 0.035300 -0.173465 True
0.323565 0.048222 -0.161896 True
0.333337 0.112532 -0.140325 False
0.312411 0.172420 -0.125282 False
0.280618 0.195464 -0.122558 False
0.220510 0.203815 -0.135880 False
0.190842 0.154894 -0.206083 False
0.184629 0.137078 -0.219841 False
0.185457 0.136927 -0.221877 False
0.191510 0.158373 -0.221271 False
0.214313 0.226834 -0.221454 False
0.239042 0.250800 -0.226184 False
0.247408 0.233459 -0.227590 False
0.229625 0.183097 -0.226509 False
0.260639 0.249137 -0.232444 False
0.235245 0.243285 -0.231067 False
0.206666 0.183240 -0.220843 False
0.196921 0.174176 -0.217272 False
0.188758 0.142741 -0.217649 False
0.180006 0.119476 -0.215856 False
0.159194 0.078054 -0.201781 True
0.180075 0.096133 -0.177866 False
0.195253 0.132942 -0.158508 False
0.193377 0.147577 -0.144821 False
0.199464 0.148345 -0.125010 False
0.211579 0.138086 -0.123026 False
0.219128 0.136864 -0.123769 False
0.230944 0.130000 -0.125136 False
0.221528 0.122500 -0.138385 False
0.216665 0.130122 -0.136651 False
0.223635 0.129346 -0.136199 False
0.213741 0.139001 -0.129399 False
0.224019 0.124934 -0.135061 False
0.228146 0.116756 -0.138617 False
0.219814 0.113424 -0.136373 False
0.214567 0.114717 -0.135970 False
0.214755 0.114638 -0.135986 False
0.206410 0.115463 -0.137468 False
0.209617 0.107803 -0.135832 False
0.209973 0.100288 -0.139718 False
0.203841 0.108826 -0.137500 False
0.196271 0.114985 -0.137350 False
0.197358 0.108559 -0.141596 False
0.194629 0.102409 -0.147473 False
0.203182 0.107171 -0.143524 False
0.200169 0.098282 -0.146809 False
0.206828 0.106633 -0.146318 False
0.199718 0.091174 -0.149480 False
0.200049 0.075893 -0.150404 False
0.204180 0.106799 -0.167206 False
0.240361 0.175413 -0.188552 False
0.228119 0.151484 -0.204713 False
0.228068 0.139217 -0.209725 False
0.224124 0.135320 -0.205662 False
0.227360 0.144942 -0.205649 False
0.232773 0.184736 -0.214672 False
0.185818 0.171709 -0.219318 False
0.135412 0.175330 -0.225414 False
0.138426 0.177942 -0.216109 False
0.166873 0.178693 -0.210638 False
0.155132 0.181380 -0.215369 False
0.159871 0.194254 -0.196750 False
0.172318 0.183865 -0.211453 False
0.155811 0.173210 -0.218591 False
0.143530 0.191993 -0.216818 False
0.156820 0.176040 -0.222528 False
0.165872 0.174187 -0.216147 False
0.149460 0.179911 -0.218591 False
0.175018 0.178394 -0.215793 False
0.179109 0.181351 -0.210474 False
0.157428 0.182308 -0.212315 False
0.171804 0.175934 -0.211452 False
0.179210 0.188157 -0.199897 False
0.164310 0.186707 -0.197413 False
0.163798 0.181648 -0.193989 False
0.183489 0.189244 -0.185821 False
0.167136 0.203525 -0.170619 False
0.158242 0.192687 -0.184331 False
0.182381 0.188297 -0.189927 False
0.164988 0.186633 -0.192895 False
0.184638 0.187725 -0.191336 False
0.166000 0.195821 -0.190058 False
0.187577 0.200693 -0.188673 False
0.178981 0.201940 -0.186466 False
0.194764 0.189205 -0.198897 False
0.204509 0.184457 -0.204163 False
0.217936 0.162902 -0.211123 False
0.223990 0.150768 -0.212426 False
0.225659 0.140069 -0.217158 False
0.228375 0.137241 -0.218428 False
0.230731 0.136366 -0.220440 False
0.230060 0.134808 -0.222815 False
0.225411 0.138612 -0.223150 False
0.216372 0.159028 -0.221902 False
0.215330 0.186365 -0.217905 False
0.219027 0.178109 -0.216470 False
0.219852 0.148787 -0.216666 False
0.214309 0.149897 -0.213125 False
0.196628 0.178507 -0.201318 False
0.146937 0.184966 -0.115260 False
0.151017 0.227682 -0.160169 False
0.155472 0.240399 -0.170149 False
0.157415 0.257293 -0.172313 False
0.169961 0.276198 -0.167793 False
0.166512 0.290434 -0.168097 False
0.156084 0.293781 -0.172999 False
0.159590 0.274571 -0.168778 False
0.170583 0.250723 -0.153120 False
0.170464 0.240050 -0.155519 False
0.170042 0.232933 -0.163784 False
0.173334 0.223142 -0.166822 False
0.175863 0.214367 -0.172710 False
0.174592 0.196045 -0.180566 False
0.180246 0.178250 -0.184657 False
0.189809 0.165269 -0.188387 False
0.200907 0.156313 -0.189742 False
0.209419 0.150829 -0.195321 False
0.215436 0.148368 -0.200335 False
0.214880 0.142098 -0.202100 False
0.202335 0.144397 -0.189684 False
0.177725 0.137588 -0.129991 False
0.164617 0.099610 -0.032492 False
0.149704 0.074812 0.042229 False
0.134791 0.050013 0.116951 False
0.119878 0.025215 0.191672 False
0.104964 0.000416 0.266393 False
0.090051 -0.024383 0.341115 False
0.075138 -0.049181 0.415836 False
0.060225 -0.073980 0.490557 False
0.045312 -0.098778 0.565279 False
0.030399 -0.123577 0.640000 False
0.015486 -0.148376 0.714722 False
0.000572 -0.173174 0.789443 False
-0.014341 -0.197973 0.864164 False
-0.029254 -0.222771 0.938886 False
-0.044167 -0.247570 1.013607 False
-0.059080 -0.272369 1.088328 False
-0.073993 -0.297167 1.163050 False
-0.088907 -0.321966 1.237771 False
-0.103820 -0.346764 1.312493 False
-0.118733 -0.371563 1.387214 False
-0.133646 -0.396362 1.461935 False
-0.148559 -0.421160 1.536657 False
-0.163472 -0.445959 1.611378 False
-0.178385 -0.470757 1.686099 False
-0.193299 -0.495556 1.760821 False
-0.208212 -0.520355 1.835542 False
-0.223125 -0.545153 1.910264 False
-0.238038 -0.569952 1.984985 False
-0.252951 -0.594750 2.059706 False
-0.267864 -0.619549 2.134428 False
-0.282778 -0.644348 2.209149 False
-0.297691 -0.669146 2.283871 False
-0.312604 -0.693945 2.358592 False
-0.327517 -0.718743 2.433313 False
-0.342430 -0.743542 2.508035 False
-0.357343 -0.768341 2.582756 False
-0.372256 -0.793139 2.657477 False
-0.387170 -0.817938 2.732199 False
-0.402083 -0.842736 2.806920 False
-0.416996 -0.867535 2.881642 False
-0.431909 -0.892334 2.956363 False
-0.446822 -0.917132 3.031084 False
-0.461735 -0.941931 3.105806 False
-0.476648 -0.966729 3.180527 False
-0.491562 -0.991528 3.255248 False
-0.506475 -1.016327 3.329970 False
