0.608120 0.171966 -0.373787 False
0.609177 0.172195 -0.374244 False
0.609981 0.172031 -0.374549 False
0.610984 0.172966 -0.374767 False
0.611068 0.173191 -0.374816 False
0.610508 0.173110 -0.374784 False
0.610219 0.172624 -0.374646 False
0.610482 0.172419 -0.374732 False
0.610669 0.172393 -0.374701 False
0.610176 0.172445 -0.374965 False
0.609851 0.172354 -0.374297 False
0.610231 0.172390 -0.374273 False
0.610418 0.172484 -0.374256 False
0.610330 0.172538 -0.374145 False
0.610211 0.172925 -0.374288 False
0.610558 0.172499 -0.373913 False
0.609991 0.172349 -0.374033 False
0.610057 0.172391 -0.374937 False
0.609897 0.172577 -0.374941 False
0.609354 0.173222 -0.375190 False
0.609652 0.172711 -0.375173 False
0.609862 0.172710 -0.375359 False
0.609967 0.173275 -0.375029 False
0.609866 0.173331 -0.374789 False
0.609548 0.173400 -0.374983 False
0.608993 0.172490 -0.376371 False
0.608131 0.171117 -0.380668 False
0.607834 0.170468 -0.383736 False
0.609100 0.173915 -0.376766 False
0.613073 0.174767 -0.376656 False
0.615313 0.174440 -0.377775 False
0.615205 0.172455 -0.382179 False
0.613968 0.170648 -0.386209 False
0.615842 0.172693 -0.378876 False
0.615470 0.175240 -0.381844 False
0.611011 0.172265 -0.400765 False
0.610349 0.168032 -0.395045 False
0.611791 0.167103 -0.390862 False
0.613354 0.167237 -0.385811 False
0.610825 0.169337 -0.378823 False
0.613106 0.167415 -0.385588 False
0.613631 0.167996 -0.389749 False
0.618636 0.170655 -0.381899 False
0.616378 0.174626 -0.379752 False
0.613404 0.169816 -0.387550 False
0.616197 0.171181 -0.380506 False
0.615612 0.169624 -0.383417 False
0.615190 0.171668 -0.377902 False
0.613683 0.171444 -0.378476 False
0.613118 0.168257 -0.386298 False
0.612832 0.167173 -0.388886 False
0.612043 0.166741 -0.391545 False
0.611363 0.166961 -0.393932 False
0.610706 0.167892 -0.396516 False
0.611730 0.170243 -0.403249 False
0.613173 0.171274 -0.396320 False
0.614748 0.171870 -0.386703 False
0.616119 0.172051 -0.377594 False
0.616296 0.171232 -0.376050 False
0.616829 0.171742 -0.377619 False
0.617091 0.172229 -0.380195 False
0.616901 0.172006 -0.379841 False
0.616207 0.171294 -0.379820 False
0.612912 0.168044 -0.387745 False
0.614253 0.169731 -0.379092 False
0.615558 0.171684 -0.377501 False
0.615614 0.172204 -0.375837 False
0.615063 0.172298 -0.375003 False
0.612228 0.171907 -0.376027 False
0.614036 0.171894 -0.376492 False
0.611215 0.171193 -0.378466 False
0.611218 0.169587 -0.388280 False
0.609695 0.171755 -0.378325 False
0.610186 0.172315 -0.375752 False
0.610581 0.172491 -0.375240 False
0.610638 0.172840 -0.374763 False
0.610307 0.172318 -0.374716 False
0.610616 0.173483 -0.374424 False
0.610718 0.172769 -0.374988 False
0.611010 0.172539 -0.376714 False
0.610485 0.172397 -0.383426 False
0.609084 0.172282 -0.406370 False
0.609894 0.171915 -0.382689 False
0.609955 0.172070 -0.378854 False
0.610244 0.171926 -0.379097 False
0.611487 0.169762 -0.390736 False
0.612096 0.169267 -0.393012 False
0.614647 0.169481 -0.389543 False
0.614504 0.169571 -0.391381 False
0.611531 0.170943 -0.403368 False
0.608459 0.172245 -0.410784 False
0.608671 0.172592 -0.383625 False
0.608731 0.170939 -0.377661 False
0.608932 0.169034 -0.383621 False
0.608566 0.169561 -0.385829 False
0.610774 0.169772 -0.386494 False
0.611698 0.169997 -0.384640 False
0.610572 0.171226 -0.376722 False
0.609901 0.171346 -0.374907 False
0.609246 0.171312 -0.374745 False
0.609053 0.171451 -0.376726 False
0.608175 0.170173 -0.384868 False
0.608430 0.169613 -0.390662 False
0.607630 0.168721 -0.389585 False
0.607345 0.169378 -0.388234 False
0.607147 0.169256 -0.384452 False
0.609616 0.171446 -0.382277 False
0.608686 0.171409 -0.378355 False
0.606515 0.169555 -0.384103 False
0.605407 0.169178 -0.383653 False
0.606183 0.169792 -0.382263 False
0.608406 0.172076 -0.376275 False
0.608805 0.172554 -0.375007 False
0.608524 0.172315 -0.376509 False
0.607780 0.170921 -0.384135 False
0.608235 0.171776 -0.379232 False
0.607586 0.170371 -0.385516 False
0.607909 0.170069 -0.388041 False
0.608459 0.170477 -0.386491 False
0.608700 0.172141 -0.377987 False
0.608610 0.171895 -0.377910 False
0.608126 0.169212 -0.387827 False
0.608787 0.169245 -0.389449 False
0.610431 0.169979 -0.385660 False
0.609523 0.171776 -0.377951 False
0.609348 0.172155 -0.378274 False
0.609166 0.170015 -0.385866 False
0.610663 0.170656 -0.383703 False
0.609706 0.171880 -0.379203 False
0.609780 0.170188 -0.386453 False
0.609004 0.171501 -0.380995 False
0.608214 0.170179 -0.387869 False
0.609509 0.171609 -0.385653 False
0.609138 0.173801 -0.378311 False
0.609559 0.174629 -0.376823 False
0.609703 0.173707 -0.379248 False
0.608946 0.171445 -0.385637 False
0.609329 0.172939 -0.379530 False
0.609115 0.171843 -0.381007 False
0.610127 0.173575 -0.376921 False
0.612965 0.173816 -0.376369 False
0.613193 0.173048 -0.376248 False
0.611547 0.173555 -0.375970 False
0.609849 0.174152 -0.375981 False
0.609909 0.174542 -0.376399 False
0.613166 0.173596 -0.376734 False
0.613001 0.173861 -0.378577 False
0.609467 0.171629 -0.386132 False
0.608652 0.174166 -0.378730 False
0.608870 0.174635 -0.378423 False
0.610603 0.173669 -0.384326 False
0.609388 0.173685 -0.380923 False
0.609431 0.170166 -0.389069 False
0.608739 0.169232 -0.391291 False
0.608830 0.169292 -0.391596 False
0.610015 0.170104 -0.388171 False
0.608676 0.170196 -0.385422 False
0.609528 0.170995 -0.385709 False
0.608318 0.170891 -0.386146 False
0.608342 0.172878 -0.379297 False
0.609283 0.171559 -0.381848 False
0.609031 0.172553 -0.378711 False
0.609528 0.170857 -0.384917 False
0.608126 0.170235 -0.385502 False
0.607520 0.170593 -0.385336 False
0.608638 0.172626 -0.379356 False
0.608958 0.172104 -0.383208 False
0.607220 0.171141 -0.383517 False
0.606948 0.171217 -0.382614 False
0.607601 0.172441 -0.378860 False
0.606455 0.170756 -0.383786 False
0.607137 0.170946 -0.383778 False
0.609247 0.171968 -0.382520 False
0.608516 0.172786 -0.378845 False
0.608399 0.171504 -0.383815 False
0.609377 0.172228 -0.384943 False
0.606966 0.173222 -0.378338 False
0.609075 0.173329 -0.377846 False
0.610362 0.172621 -0.385311 False
0.609883 0.171853 -0.387887 False
0.608315 0.170436 -0.388726 False
0.608252 0.170661 -0.386050 False
0.608131 0.172688 -0.375890 False
0.607772 0.170625 -0.385255 False
0.607220 0.169813 -0.388283 False
0.607170 0.169851 -0.388941 False
0.608426 0.169950 -0.390071 False
0.608383 0.169990 -0.389676 False
0.609162 0.170570 -0.388304 False
0.607930 0.170832 -0.388880 False
0.608163 0.171325 -0.387519 False
0.608831 0.173097 -0.380764 False
0.608277 0.171386 -0.387139 False
0.608632 0.171464 -0.387040 False
0.609063 0.174056 -0.377940 False
0.608886 0.173756 -0.377193 False
0.607871 0.171810 -0.383346 False
0.608358 0.170658 -0.388440 False
0.607548 0.171842 -0.385807 False
0.607466 0.173754 -0.379565 False
0.607894 0.172220 -0.385202 False
0.610298 0.172037 -0.387266 False
0.610802 0.171708 -0.386905 False
0.608753 0.171524 -0.386633 False
0.607647 0.173697 -0.379553 False
0.607900 0.172479 -0.383634 False
0.608768 0.173108 -0.380060 False
0.607383 0.171148 -0.384921 False
0.606822 0.172444 -0.377745 False
0.606904 0.173136 -0.377858 False
0.607335 0.171224 -0.384974 False
0.607645 0.172996 -0.380552 False
0.607981 0.171975 -0.387096 False
0.610179 0.171978 -0.387278 False
0.609991 0.172586 -0.385272 False
0.606991 0.173787 -0.377653 False
0.605204 0.173725 -0.376422 False
0.606786 0.172537 -0.383582 False
0.607420 0.173903 -0.377577 False
0.608757 0.174586 -0.376367 False
0.609196 0.173833 -0.377442 False
0.610236 0.172224 -0.383460 False
0.609611 0.173731 -0.380091 False
0.610627 0.172178 -0.385635 False
0.610759 0.171795 -0.384825 False
0.609059 0.173650 -0.377835 False
0.608893 0.173885 -0.378737 False
0.607433 0.171055 -0.386136 False
0.607454 0.172078 -0.380311 False
0.609119 0.171845 -0.386147 False
0.608114 0.171032 -0.387306 False
0.608598 0.173535 -0.380607 False
0.610490 0.172092 -0.385587 False
0.611047 0.171056 -0.386997 False
0.608765 0.170420 -0.388627 False
0.610202 0.171098 -0.387301 False
0.607842 0.170977 -0.386308 False
0.606926 0.173277 -0.377780 False
0.608160 0.172978 -0.377674 False
0.609758 0.171650 -0.384749 False
0.608723 0.170614 -0.387680 False
0.610016 0.171786 -0.388039 False
0.609943 0.172015 -0.388089 False
0.609585 0.171513 -0.388365 False
0.607562 0.170188 -0.388496 False
0.606900 0.169916 -0.388775 False
0.607748 0.170093 -0.389360 False
0.609327 0.171196 -0.387643 False
0.607613 0.171215 -0.385310 False
0.607193 0.174217 -0.377146 False
0.607774 0.174866 -0.375549 False
0.609055 0.174303 -0.377730 False
0.610140 0.171712 -0.385489 False
0.609151 0.171540 -0.387247 False
0.609262 0.174004 -0.378804 False
0.609662 0.173531 -0.379757 False
0.608980 0.171028 -0.386374 False
0.609844 0.171235 -0.385178 False
0.609006 0.170815 -0.387684 False
0.609809 0.173160 -0.378601 False
0.609007 0.174680 -0.375649 False
0.608905 0.175036 -0.375030 False
0.608427 0.175056 -0.375260 False
0.608954 0.175032 -0.375337 False
0.610590 0.174946 -0.375395 False
0.610987 0.174552 -0.376709 False
0.611037 0.173122 -0.381651 False
0.611595 0.174184 -0.379659 False
0.611804 0.173190 -0.383042 False
0.611351 0.174013 -0.387501 False
0.611429 0.172732 -0.389098 False
0.610203 0.170572 -0.393191 False
0.609413 0.170127 -0.394265 False
0.609329 0.170475 -0.393518 False
0.610910 0.171954 -0.390422 False
0.609959 0.170540 -0.393324 False
0.609404 0.170105 -0.394653 False
0.609317 0.170117 -0.394616 False
0.609921 0.170481 -0.393548 False
0.611522 0.171966 -0.389636 False
0.611326 0.171865 -0.389739 False
0.609382 0.170408 -0.393492 False
0.609219 0.170106 -0.394361 False
0.609050 0.170070 -0.394502 False
0.609182 0.170263 -0.394496 False
0.608969 0.170847 -0.394485 False
0.608761 0.170264 -0.394532 False
0.608728 0.170292 -0.394761 False
0.608761 0.171038 -0.394525 False
0.608502 0.171067 -0.394474 False
0.608675 0.170494 -0.394475 False
0.608792 0.171120 -0.394437 False
0.608705 0.171396 -0.394112 False
0.608626 0.171791 -0.392790 False
0.608577 0.171108 -0.393156 False
0.609682 0.171277 -0.391016 False
0.608944 0.171639 -0.390179 False
0.608536 0.172825 -0.379015 False
0.607913 0.172771 -0.378204 False
0.607545 0.170806 -0.386157 False
0.606526 0.171112 -0.387114 False
0.606940 0.170641 -0.385631 False
0.609393 0.171877 -0.388439 False
0.608848 0.170156 -0.392258 False
0.607768 0.169985 -0.390343 False
0.607966 0.170358 -0.388414 False
0.610016 0.171799 -0.384496 False
0.611236 0.170895 -0.387300 False
0.609104 0.169598 -0.390496 False
0.608993 0.169826 -0.391536 False
0.611172 0.171938 -0.384422 False
0.611497 0.171949 -0.384992 False
0.609775 0.169830 -0.392280 False
0.609280 0.169379 -0.393964 False
0.609466 0.169807 -0.392882 False
0.611247 0.170075 -0.389702 False
0.609787 0.170020 -0.393322 False
0.609350 0.169829 -0.394437 False
0.608821 0.169844 -0.394358 False
0.609005 0.169719 -0.394467 False
0.609954 0.169686 -0.393451 False
0.613050 0.169890 -0.388369 False
0.612991 0.171132 -0.385523 False
0.610092 0.174228 -0.378489 False
0.609329 0.174996 -0.376599 False
0.609314 0.174927 -0.376323 False
0.609902 0.174083 -0.377452 False
0.609743 0.172839 -0.377998 False
0.609866 0.172591 -0.378399 False
0.609804 0.172592 -0.377746 False
0.609600 0.172892 -0.377639 False
0.609592 0.172743 -0.377902 False
0.609740 0.172801 -0.379527 False
0.609540 0.172184 -0.386025 False
0.608699 0.171558 -0.386884 False
0.610069 0.171056 -0.383686 False
0.610579 0.171175 -0.382610 False
0.610265 0.172139 -0.381114 False
0.609783 0.172713 -0.378559 False
0.609265 0.173228 -0.379411 False
0.608103 0.172019 -0.382896 False
0.609250 0.171970 -0.383081 False
0.608898 0.170653 -0.385710 False
0.609510 0.171394 -0.384093 False
0.609500 0.172451 -0.382192 False
0.609361 0.173098 -0.378742 False
0.609534 0.173264 -0.377645 False
0.609530 0.173391 -0.377590 False
0.609370 0.173736 -0.378447 False
0.609620 0.172787 -0.381668 False
0.609926 0.172407 -0.382096 False
0.609817 0.172609 -0.380502 False
0.609829 0.172931 -0.384109 False
0.609791 0.172977 -0.379248 False
0.610031 0.172707 -0.378385 False
0.609797 0.172619 -0.378601 False
0.610064 0.172399 -0.381862 False
0.610119 0.171642 -0.382741 False
0.610149 0.171229 -0.382838 False
0.609973 0.171721 -0.382412 False
0.610096 0.172671 -0.379713 False
0.610134 0.172682 -0.381287 False
0.610381 0.173207 -0.379656 False
0.610488 0.172096 -0.382372 False
0.610588 0.172208 -0.381396 False
0.609949 0.171982 -0.379494 False
0.608259 0.170982 -0.381973 False
0.609410 0.172579 -0.378609 False
0.609894 0.172712 -0.377741 False
0.609467 0.173020 -0.377962 False
0.609588 0.174078 -0.378669 False
0.609741 0.172440 -0.382096 False
0.609896 0.171528 -0.381976 False
0.610257 0.172675 -0.379390 False
0.610233 0.172594 -0.381060 False
0.609737 0.173271 -0.379119 False
0.609360 0.171480 -0.381051 False
0.607263 0.171101 -0.382985 False
0.609411 0.172211 -0.379627 False
0.609300 0.172519 -0.377824 False
0.608588 0.173183 -0.375844 False
0.608861 0.173298 -0.376255 False
0.609933 0.172608 -0.378559 False
0.610170 0.172002 -0.381274 False
0.610019 0.172483 -0.381541 False
0.609634 0.172987 -0.378894 False
0.609692 0.174429 -0.378137 False
0.609513 0.174134 -0.378006 False
0.609286 0.173955 -0.377893 False
0.609204 0.173188 -0.377589 False
0.608771 0.173877 -0.376648 False
0.609262 0.173192 -0.378223 False
0.609565 0.172743 -0.380470 False
0.609668 0.172654 -0.379788 False
0.608724 0.172540 -0.382930 False
0.606859 0.171091 -0.384087 False
0.606538 0.170601 -0.385714 False
0.606480 0.170048 -0.386147 False
0.607532 0.170003 -0.385685 False
0.609046 0.170240 -0.385073 False
0.607207 0.169876 -0.385530 False
0.606578 0.169446 -0.386767 False
0.606513 0.169821 -0.386384 False
0.606485 0.170055 -0.386445 False
0.607468 0.170646 -0.384229 False
0.609060 0.171103 -0.384427 False
0.608871 0.170587 -0.384221 False
0.606769 0.170290 -0.383966 False
0.609084 0.170235 -0.384503 False
0.609125 0.170736 -0.383834 False
0.606886 0.170681 -0.384542 False
0.606898 0.170302 -0.384654 False
0.607820 0.170581 -0.384249 False
0.609864 0.170372 -0.383956 False
0.609958 0.170663 -0.384073 False
0.609398 0.170096 -0.383766 False
0.606814 0.170003 -0.383577 False
0.606990 0.170407 -0.383712 False
0.608884 0.172010 -0.383793 False
0.608948 0.171632 -0.384007 False
0.607097 0.170296 -0.385227 False
0.607040 0.169977 -0.384702 False
0.608409 0.170096 -0.383851 False
0.609341 0.170700 -0.383179 False
0.607201 0.170720 -0.383661 False
0.607229 0.170287 -0.382731 False
0.609581 0.170846 -0.382241 False
0.610011 0.171391 -0.382149 False
0.609301 0.171473 -0.384052 False
0.605399 0.170029 -0.390982 False
0.595211 0.168416 -0.421646 False
0.585130 0.167028 -0.452954 False
0.578360 0.166332 -0.474879 False
0.583019 0.167563 -0.461525 False
0.591762 0.169450 -0.436303 False
0.602160 0.171490 -0.406753 False
0.611782 0.173183 -0.380417 False
0.615137 0.173461 -0.374761 False
0.616367 0.173097 -0.376414 False
0.617860 0.171576 -0.385476 False
0.616292 0.171971 -0.382371 False
0.614664 0.172611 -0.377981 False
0.617023 0.172559 -0.376512 False
0.618573 0.172371 -0.376556 False
0.617452 0.173654 -0.376289 False
0.614742 0.173426 -0.376971 False
0.614054 0.172794 -0.377502 False
0.615499 0.172643 -0.377552 False
0.617281 0.172586 -0.377470 False
0.617852 0.172564 -0.377336 False
0.617935 0.172601 -0.377211 False
0.617535 0.172693 -0.377166 False
0.614879 0.173010 -0.377588 False
0.617445 0.172755 -0.377312 False
0.617836 0.172844 -0.377171 False
0.616688 0.173497 -0.377554 False
0.613449 0.174398 -0.378808 False
0.613349 0.171819 -0.385525 False
0.613889 0.169448 -0.390488 False
0.614834 0.172262 -0.378984 False
0.615396 0.171896 -0.379774 False
0.609607 0.168906 -0.389288 False
0.611752 0.169979 -0.390556 False
0.616959 0.172821 -0.380572 False
0.617327 0.172670 -0.377571 False
0.614193 0.172923 -0.377122 False
0.615094 0.173241 -0.378296 False
0.613885 0.173703 -0.378701 False
0.610147 0.174576 -0.381229 False
0.609064 0.174534 -0.377838 False
0.608549 0.173349 -0.380649 False
0.609360 0.173069 -0.384778 False
0.610112 0.172861 -0.382879 False
0.613265 0.174396 -0.378067 False
0.614076 0.174362 -0.377521 False
0.615021 0.174578 -0.376959 False
0.614470 0.174411 -0.379811 False
0.613887 0.174757 -0.380566 False
0.614492 0.174425 -0.380426 False
0.614203 0.174638 -0.380328 False
0.614234 0.174297 -0.378796 False
0.614973 0.174230 -0.379434 False
0.615701 0.174272 -0.379009 False
0.619012 0.174345 -0.382310 False
0.615455 0.172939 -0.382786 False
0.613794 0.172421 -0.382617 False
0.613663 0.173729 -0.378715 False
0.609901 0.173519 -0.379079 False
0.608386 0.171148 -0.383132 False
0.607415 0.170000 -0.385266 False
0.607548 0.169537 -0.386725 False
0.612282 0.168758 -0.393925 False
0.612429 0.169588 -0.395520 False
0.612553 0.169883 -0.394267 False
0.609314 0.170095 -0.387570 False
0.612120 0.169058 -0.391826 False
0.608408 0.170233 -0.386393 False
0.608244 0.170762 -0.383346 False
0.612613 0.173317 -0.378923 False
0.614423 0.173068 -0.379875 False
0.615113 0.169871 -0.389355 False
0.618668 0.172822 -0.381767 False
0.617431 0.172873 -0.384780 False
0.617469 0.174563 -0.381790 False
0.620413 0.174885 -0.382390 False
0.620042 0.174834 -0.382353 False
0.618801 0.174559 -0.382199 False
0.617076 0.174214 -0.381791 False
0.615249 0.173953 -0.380995 False
0.613706 0.173931 -0.379674 False
0.613195 0.175614 -0.375460 False
0.612722 0.174031 -0.375468 False
0.614122 0.173566 -0.375670 False
0.615502 0.173361 -0.379623 False
0.623365 0.172855 -0.383504 False
0.630982 0.172406 -0.386477 False
0.635426 0.172132 -0.387371 False
0.633769 0.172151 -0.385014 False
0.623082 0.172582 -0.378237 False
0.612638 0.173508 -0.371119 False
0.554642 0.175479 -0.343744 False
0.360023 0.180230 -0.249199 False
0.450374 0.178118 -0.295059 False
0.580793 0.174893 -0.359916 False
0.616884 0.173609 -0.378167 False
0.622228 0.173802 -0.379495 False
0.635566 0.173265 -0.378021 False
0.643472 0.172776 -0.373076 False
0.646377 0.172418 -0.367396 False
0.644714 0.172273 -0.363721 False
0.638915 0.172425 -0.364789 False
0.629412 0.172957 -0.373339 False
0.616636 0.173950 -0.392108 False
0.589234 0.178242 -0.468204 False
0.586981 0.174175 -0.466705 False
0.599780 0.174591 -0.394078 False
0.605164 0.173563 -0.385685 False
0.609479 0.172330 -0.387392 False
0.610332 0.170508 -0.390999 False
0.610855 0.171423 -0.390988 False
0.609428 0.169937 -0.393390 False
0.608806 0.169596 -0.393906 False
0.608656 0.169770 -0.393995 False
0.608291 0.170621 -0.393347 False
0.608734 0.169830 -0.393629 False
0.609072 0.169879 -0.393016 False
0.610256 0.171377 -0.390345 False
0.608560 0.169616 -0.392047 False
0.610052 0.169929 -0.390042 False
0.609628 0.171543 -0.389472 False
0.610282 0.170859 -0.388977 False
0.610108 0.172037 -0.388944 False
0.610202 0.170280 -0.389189 False
0.610621 0.171320 -0.389048 False
0.610842 0.171876 -0.388857 False
0.609859 0.170345 -0.388831 False
0.610146 0.171376 -0.388841 False
0.609697 0.169693 -0.389031 False
0.610040 0.169465 -0.389976 False
0.609057 0.169334 -0.392379 False
0.608599 0.169478 -0.392455 False
0.608341 0.169569 -0.391332 False
0.608042 0.169741 -0.390145 False
0.607719 0.169651 -0.387141 False
0.607398 0.169548 -0.386666 False
0.607494 0.169514 -0.386582 False
0.607607 0.169503 -0.387208 False
0.608408 0.169547 -0.389580 False
0.609799 0.169840 -0.389155 False
0.610548 0.170990 -0.388889 False
0.610392 0.171301 -0.388592 False
0.610635 0.170882 -0.387790 False
0.610786 0.170958 -0.388460 False
0.610779 0.171042 -0.388887 False
0.610594 0.171137 -0.389337 False
0.610302 0.169456 -0.389182 False
0.609878 0.169190 -0.389070 False
0.610584 0.169456 -0.388769 False
0.610926 0.170647 -0.388810 False
0.611035 0.171016 -0.388846 False
0.610830 0.171189 -0.389011 False
0.610692 0.169680 -0.389101 False
0.610523 0.169645 -0.389125 False
0.611005 0.171008 -0.389113 False
0.610524 0.170406 -0.389312 False
0.611028 0.171035 -0.389442 False
0.610591 0.170017 -0.389319 False
0.610925 0.170972 -0.389150 False
0.610042 0.170007 -0.389651 False
0.610000 0.169317 -0.389700 False
0.610329 0.169153 -0.389208 False
0.609720 0.169221 -0.389627 False
0.609980 0.169523 -0.389412 False
0.610468 0.169804 -0.389192 False
0.610258 0.169831 -0.389208 False
0.610400 0.169630 -0.389326 False
0.609754 0.168938 -0.389255 False
0.610281 0.169114 -0.388884 False
0.610112 0.169464 -0.389285 False
0.609940 0.169871 -0.389407 False
0.610497 0.171881 -0.389367 False
0.609582 0.170180 -0.388907 False
0.608966 0.169836 -0.387244 False
0.609288 0.169580 -0.386836 False
0.608877 0.169565 -0.386803 False
0.609187 0.169668 -0.387005 False
0.609710 0.169294 -0.388480 False
0.610045 0.169268 -0.389127 False
0.610170 0.169596 -0.388930 False
0.610430 0.169495 -0.389294 False
0.610353 0.169251 -0.389391 False
0.610463 0.169211 -0.389406 False
0.610225 0.169345 -0.389437 False
0.609375 0.169036 -0.389699 False
0.608543 0.169170 -0.390751 False
0.609893 0.169348 -0.390037 False
0.608862 0.169173 -0.390643 False
0.609670 0.170246 -0.389410 False
0.609003 0.169543 -0.389652 False
0.607154 0.169548 -0.390706 False
0.607469 0.169975 -0.391121 False
0.609460 0.172364 -0.389946 False
0.609970 0.172011 -0.389631 False
0.608372 0.169491 -0.390813 False
0.607817 0.169123 -0.391228 False
0.607244 0.169105 -0.391538 False
0.607674 0.169150 -0.391206 False
0.608108 0.169312 -0.390249 False
0.607383 0.169737 -0.390318 False
0.609265 0.171367 -0.389799 False
0.608189 0.169717 -0.391106 False
0.608376 0.169312 -0.391634 False
0.609650 0.169560 -0.392119 False
0.611044 0.170716 -0.389646 False
0.611289 0.169353 -0.389202 False
0.611522 0.169769 -0.388791 False
0.611402 0.170817 -0.389506 False
0.610099 0.169403 -0.392554 False
0.610672 0.170013 -0.392390 False
0.611716 0.171377 -0.389783 False
0.611705 0.171444 -0.389422 False
0.610663 0.170225 -0.389624 False
0.611449 0.171347 -0.389481 False
0.610973 0.171210 -0.389634 False
0.608894 0.170036 -0.392939 False
0.609091 0.169284 -0.393221 False
0.610232 0.169024 -0.390404 False
0.610266 0.169126 -0.389859 False
0.610052 0.169215 -0.389679 False
0.610743 0.169400 -0.389190 False
0.610448 0.169237 -0.389567 False
0.610845 0.169229 -0.389427 False
0.611885 0.169390 -0.389402 False
0.611186 0.169283 -0.389631 False
0.609640 0.169584 -0.391549 False
0.610122 0.170835 -0.389923 False
0.609862 0.170050 -0.389624 False
0.610076 0.169583 -0.390328 False
0.611716 0.169384 -0.392805 False
0.609865 0.170005 -0.389741 False
0.609724 0.171078 -0.386818 False
0.609589 0.170623 -0.384373 False
0.610234 0.172521 -0.385091 False
0.609300 0.170575 -0.386654 False
0.610879 0.170390 -0.387960 False
0.610249 0.170204 -0.389382 False
0.611147 0.173172 -0.389229 False
0.611001 0.173828 -0.389105 False
0.610482 0.173199 -0.389320 False
0.609930 0.170246 -0.390397 False
0.608696 0.170032 -0.393107 False
0.608740 0.170581 -0.394154 False
0.608876 0.169477 -0.394529 False
0.609201 0.169208 -0.394160 False
0.609309 0.169359 -0.394494 False
0.609960 0.169377 -0.393703 False
0.611441 0.171146 -0.390098 False
0.611589 0.169607 -0.389392 False
0.611562 0.169594 -0.388966 False
0.612329 0.171641 -0.386840 False
0.611785 0.172979 -0.379414 False
0.605728 0.174308 -0.377075 False
0.593411 0.183206 -0.377298 False
0.555483 0.222356 -0.338316 False
0.529139 0.235703 -0.326206 False
0.556014 0.192634 -0.397791 False
0.587833 0.140639 -0.477559 False
0.587305 0.117912 -0.504670 False
0.574966 0.105391 -0.512526 False
0.552974 0.101612 -0.504198 False
0.523486 0.105105 -0.482754 False
0.488662 0.114405 -0.451265 False
0.450658 0.128043 -0.412799 False
0.411634 0.144554 -0.370428 False
0.373746 0.162469 -0.327220 False
0.339153 0.180322 -0.286245 False
0.310013 0.196646 -0.250573 False
0.288484 0.209974 -0.223273 False
0.280955 0.219040 -0.213976 False
0.281224 0.217012 -0.209430 False
0.285050 0.213238 -0.210706 False
0.285115 0.220972 -0.219634 False
0.287523 0.217750 -0.223802 False
0.289929 0.212790 -0.226857 False
0.290292 0.210162 -0.226812 False
0.290271 0.207829 -0.226392 False
0.289720 0.206757 -0.228982 False
0.290464 0.204249 -0.231204 False
0.293701 0.198733 -0.231857 False
0.302942 0.186850 -0.228293 False
0.314422 0.171058 -0.222358 False
0.326691 0.152031 -0.214454 False
0.338296 0.130438 -0.204979 False
0.347788 0.106952 -0.194334 False
0.348809 0.086018 -0.183786 False
0.356185 0.041630 -0.166997 False
0.359855 0.030166 -0.156666 False
0.360048 0.021068 -0.155762 False
0.360224 0.027828 -0.155763 False
0.360900 0.032229 -0.154628 False
0.360160 0.027694 -0.153214 False
0.359442 0.023627 -0.149705 False
0.361521 0.030647 -0.156966 False
0.373784 0.046608 -0.195645 False
0.407487 0.126949 -0.303438 False
0.373867 0.046641 -0.193651 False
0.362188 0.028193 -0.153529 False
0.363684 0.022305 -0.151847 False
0.360064 0.026777 -0.152902 False
0.357924 0.025775 -0.152642 False
0.354600 0.022107 -0.142907 False
0.358715 0.020158 -0.141362 False
0.360695 0.021396 -0.151235 False
0.360097 0.022955 -0.148877 False
0.359456 0.027467 -0.145055 False
0.357610 0.023659 -0.140548 False
0.356149 0.027116 -0.141838 False
0.352564 0.027466 -0.142290 False
0.355484 0.027470 -0.138312 False
0.355724 0.025258 -0.140695 False
0.355267 0.021682 -0.144545 False
0.363268 0.023159 -0.158789 False
0.382078 0.049728 -0.173435 False
0.473904 0.130870 -0.248021 False
0.435262 0.090233 -0.218694 False
0.378723 0.033088 -0.174590 False
0.363379 0.018879 -0.162076 False
0.359035 0.022644 -0.156579 False
0.362193 0.029624 -0.156088 False
0.378185 0.031909 -0.160476 False
0.422692 0.080426 -0.155778 False
0.374888 0.045884 -0.154834 False
0.356324 0.040612 -0.152310 False
0.346912 0.054403 -0.172402 False
0.329914 0.060744 -0.179499 False
0.311040 0.067003 -0.184042 False
0.290822 0.073203 -0.186378 False
0.269796 0.079364 -0.186854 False
0.248493 0.085509 -0.185818 False
0.227449 0.091659 -0.183618 False
0.207195 0.097834 -0.180601 False
0.188267 0.104057 -0.177116 False
0.171197 0.110350 -0.173508 False
0.156519 0.116733 -0.170127 False
0.144767 0.123227 -0.167320 False
0.136474 0.129855 -0.165433 False
0.132173 0.136638 -0.164816 False
0.132399 0.143598 -0.165815 False
0.137684 0.150755 -0.168778 False
0.148563 0.158131 -0.174053 False
0.165568 0.165748 -0.181987 False
0.189234 0.173627 -0.192928 False
0.220094 0.181790 -0.207224 False
0.258681 0.190257 -0.225221 False
0.309106 0.199779 -0.249072 False
0.364225 0.208736 -0.275324 False
0.420469 0.216238 -0.302327 False
0.474271 0.221395 -0.328432 False
0.522062 0.223317 -0.351991 False
0.560275 0.221112 -0.371353 False
0.578088 0.209250 -0.382549 False
0.587445 0.201387 -0.386243 False
0.595733 0.196069 -0.392241 False
0.604154 0.175323 -0.400996 False
0.611685 0.171589 -0.396504 False
0.614096 0.171743 -0.390665 False
0.618332 0.172255 -0.393557 False
0.617931 0.172419 -0.389373 False
0.614642 0.172862 -0.388520 False
0.605719 0.172764 -0.389300 False
0.610868 0.172023 -0.395372 False
0.612525 0.172445 -0.395613 False
0.612864 0.172350 -0.390556 False
0.612523 0.172239 -0.391774 False
0.615296 0.171980 -0.392624 False
0.614564 0.172822 -0.388541 False
0.615978 0.172994 -0.387819 False
0.616514 0.172832 -0.389731 False
0.616294 0.172102 -0.397306 False
0.612995 0.172566 -0.391242 False
0.616615 0.171922 -0.393606 False
0.616878 0.172072 -0.390089 False
0.617232 0.171970 -0.392019 False
0.616004 0.172862 -0.389331 False
0.614199 0.172841 -0.389885 False
0.616950 0.172187 -0.395786 False
0.611190 0.172834 -0.387136 False
0.614628 0.173012 -0.390212 False
0.612171 0.172998 -0.388051 False
0.613760 0.172767 -0.389347 False
0.615121 0.172472 -0.390833 False
0.612037 0.172424 -0.388184 False
0.613944 0.172338 -0.390317 False
0.608459 0.170423 -0.400093 False
0.604013 0.170214 -0.400802 False
0.603045 0.171306 -0.392273 False
0.601736 0.170898 -0.395230 False
0.600402 0.170444 -0.394532 False
0.600915 0.171724 -0.388768 False
0.602133 0.170496 -0.394779 False
0.602459 0.170011 -0.396275 False
0.605007 0.170219 -0.396535 False
0.605395 0.170241 -0.395178 False
0.605720 0.171439 -0.390647 False
0.602469 0.170094 -0.395850 False
0.601845 0.169817 -0.397188 False
0.602710 0.170180 -0.397707 False
0.603216 0.170863 -0.395952 False
0.602631 0.172593 -0.389454 False
0.605883 0.171776 -0.389610 False
0.602758 0.170138 -0.394988 False
0.602297 0.169713 -0.397178 False
0.603909 0.169718 -0.397897 False
0.602621 0.169949 -0.397207 False
0.601870 0.169781 -0.396454 False
0.602454 0.170080 -0.394968 False
0.605004 0.171593 -0.388713 False
0.608657 0.172392 -0.387795 False
0.608856 0.171962 -0.389539 False
0.605024 0.171532 -0.395516 False
0.603874 0.170911 -0.396970 False
0.602113 0.170353 -0.396275 False
0.607052 0.171227 -0.394301 False
0.602935 0.170368 -0.395824 False
0.602500 0.171032 -0.395841 False
0.600606 0.169996 -0.394520 False
0.599827 0.169810 -0.389835 False
0.601842 0.170019 -0.394784 False
0.602223 0.169994 -0.396468 False
0.603775 0.170647 -0.396699 False
0.603274 0.170689 -0.396822 False
0.603681 0.170158 -0.396890 False
0.601949 0.169753 -0.397413 False
0.601412 0.169621 -0.399657 False
0.604653 0.169466 -0.402002 False
0.605643 0.169735 -0.401329 False
0.603529 0.169246 -0.405213 False
0.603656 0.169593 -0.405477 False
0.604368 0.169653 -0.404899 False
0.604327 0.169718 -0.405207 False
0.604252 0.169708 -0.405464 False
0.604062 0.169598 -0.405609 False
0.604111 0.169225 -0.405851 False
0.604222 0.169665 -0.405328 False
0.605006 0.169840 -0.403714 False
0.606043 0.170316 -0.399393 False
0.604175 0.170361 -0.398313 False
0.605071 0.170895 -0.401167 False
0.605080 0.171497 -0.398392 False
0.606570 0.171298 -0.398270 False
0.606796 0.170226 -0.398915 False
0.606662 0.170200 -0.398700 False
0.606763 0.170646 -0.398655 False
0.607037 0.170699 -0.398194 False
0.607271 0.170382 -0.398100 False
0.607225 0.170622 -0.398245 False
0.607198 0.170455 -0.398432 False
0.607069 0.171298 -0.399189 False
0.606511 0.171275 -0.400519 False
0.604739 0.170368 -0.403736 False
0.605844 0.171037 -0.400766 False
0.603245 0.170363 -0.401856 False
0.602398 0.170839 -0.399045 False
0.601576 0.169372 -0.400358 False
0.603072 0.169042 -0.404693 False
0.603703 0.169048 -0.404132 False
0.604130 0.170848 -0.394162 False
0.601894 0.169438 -0.399331 False
0.602357 0.169202 -0.399536 False
0.606603 0.169679 -0.397528 False
0.604133 0.171713 -0.392601 False
0.601002 0.170314 -0.395884 False
0.600469 0.169968 -0.396535 False
0.602397 0.170390 -0.395478 False
0.607666 0.172251 -0.391618 False
0.605440 0.171093 -0.395792 False
0.604761 0.172861 -0.389446 False
0.602175 0.172856 -0.387705 False
0.600286 0.171079 -0.386877 False
0.603001 0.172243 -0.389640 False
0.601181 0.170447 -0.395596 False
0.601763 0.170393 -0.396915 False
0.605754 0.171890 -0.396614 False
0.604259 0.170391 -0.402114 False
0.602357 0.170256 -0.398020 False
0.603650 0.170135 -0.397290 False
0.604601 0.170963 -0.397905 False
0.604987 0.172021 -0.398222 False
0.605285 0.171128 -0.398233 False
0.605891 0.170780 -0.398625 False
0.606221 0.170425 -0.398581 False
0.605602 0.170827 -0.398571 False
0.606311 0.171133 -0.399556 False
0.604907 0.170175 -0.402658 False
0.605583 0.170023 -0.401008 False
0.604804 0.169905 -0.402827 False
0.605486 0.170160 -0.400455 False
0.605065 0.170503 -0.399755 False
0.604784 0.170750 -0.402505 False
0.604866 0.171407 -0.400162 False
0.604623 0.171437 -0.398841 False
0.604915 0.170923 -0.398352 False
0.606068 0.170646 -0.398192 False
0.609024 0.170910 -0.397840 False
0.605772 0.171221 -0.398770 False
0.602697 0.170273 -0.400029 False
0.604371 0.170436 -0.399113 False
0.604693 0.170648 -0.398683 False
0.604998 0.170482 -0.398088 False
0.605441 0.171277 -0.398395 False
0.605141 0.170912 -0.399244 False
0.603573 0.170681 -0.401115 False
0.604123 0.170612 -0.400545 False
0.603808 0.170018 -0.403553 False
0.603785 0.169994 -0.402841 False
0.603873 0.170502 -0.398196 False
0.603724 0.170429 -0.394908 False
0.602754 0.171752 -0.389040 False
0.603514 0.171106 -0.392872 False
0.602926 0.171120 -0.393317 False
0.603373 0.172021 -0.389702 False
0.605746 0.172378 -0.389571 False
0.605582 0.171603 -0.393358 False
0.603438 0.170813 -0.394523 False
0.604017 0.170755 -0.394733 False
0.605715 0.170647 -0.395177 False
0.603818 0.170328 -0.395071 False
0.606241 0.170708 -0.392956 False
0.606170 0.170908 -0.388059 False
0.603267 0.170382 -0.392290 False
0.602045 0.170682 -0.394404 False
0.602116 0.170690 -0.395284 False
0.602933 0.170390 -0.394802 False
0.605294 0.170467 -0.394828 False
0.606602 0.170414 -0.394474 False
0.606168 0.170846 -0.394592 False
0.603629 0.171337 -0.394148 False
0.605034 0.170952 -0.393256 False
0.605596 0.170839 -0.390422 False
0.603378 0.170659 -0.393934 False
0.602798 0.170721 -0.394869 False
0.602799 0.170350 -0.395547 False
0.603227 0.170543 -0.394424 False
0.603568 0.170828 -0.394174 False
0.602901 0.171673 -0.391696 False
0.603795 0.170636 -0.398638 False
0.603418 0.170830 -0.396964 False
0.602015 0.171726 -0.388685 False
0.604044 0.171351 -0.396419 False
0.604258 0.172092 -0.391811 False
0.604720 0.170999 -0.397865 False
0.604647 0.170218 -0.399152 False
0.604125 0.169884 -0.402845 False
0.604961 0.170085 -0.403332 False
0.607409 0.171161 -0.399606 False
0.606800 0.171266 -0.397137 False
0.608247 0.172272 -0.392183 False
0.606500 0.171154 -0.397079 False
0.606022 0.171299 -0.398518 False
0.606580 0.170896 -0.398915 False
0.605238 0.171270 -0.399888 False
0.604368 0.170938 -0.401186 False
0.605723 0.170956 -0.399400 False
0.605913 0.171255 -0.398987 False
0.606449 0.170728 -0.399790 False
0.604045 0.170618 -0.401096 False
0.605208 0.170674 -0.399755 False
0.605548 0.170579 -0.399417 False
0.605010 0.171559 -0.400410 False
0.603327 0.171560 -0.402504 False
0.603325 0.171293 -0.403947 False
0.602792 0.170367 -0.403035 False
0.605092 0.170919 -0.402332 False
0.607519 0.171172 -0.399496 False
0.609921 0.171501 -0.396929 False
0.611815 0.171909 -0.395756 False
0.612837 0.172787 -0.397700 False
0.612256 0.173258 -0.402639 False
0.607295 0.171680 -0.427082 False
0.599955 0.170406 -0.409720 False
0.603079 0.170923 -0.401316 False
0.603902 0.170329 -0.404225 False
0.604122 0.171394 -0.401298 False
0.607522 0.174427 -0.394217 False
0.604828 0.172279 -0.390587 False
0.605008 0.171530 -0.394423 False
0.603690 0.173250 -0.394531 False
0.604790 0.171346 -0.396413 False
0.605463 0.171346 -0.397024 False
0.605082 0.172055 -0.397020 False
0.604390 0.171914 -0.396651 False
0.603873 0.171686 -0.396415 False
0.604485 0.171551 -0.396310 False
0.604044 0.171227 -0.396235 False
0.604879 0.171277 -0.396472 False
0.605059 0.170695 -0.396399 False
0.604817 0.170849 -0.396401 False
0.604656 0.170999 -0.396399 False
0.604819 0.170978 -0.396252 False
0.604509 0.172014 -0.395623 False
0.603258 0.171963 -0.392831 False
0.604374 0.170806 -0.400546 False
0.607334 0.172328 -0.395184 False
0.607526 0.173539 -0.394427 False
0.604760 0.171358 -0.395949 False
0.603565 0.170776 -0.394901 False
0.602445 0.172592 -0.388988 False
0.603245 0.173332 -0.387783 False
0.605705 0.174430 -0.388215 False
0.602869 0.174709 -0.390182 False
0.600787 0.174871 -0.384615 False
0.601738 0.175436 -0.383097 False
0.602215 0.173889 -0.384483 False
0.602154 0.174813 -0.385663 False
0.602173 0.175986 -0.386691 False
0.603018 0.176277 -0.386099 False
0.603712 0.176274 -0.385344 False
0.602363 0.176036 -0.382842 False
0.603028 0.175190 -0.383201 False
0.604964 0.175852 -0.391579 False
0.603008 0.175459 -0.424578 False
0.604343 0.175089 -0.431923 False
0.605657 0.174856 -0.430646 False
0.604715 0.175271 -0.416293 False
0.603532 0.175749 -0.400673 False
0.602771 0.176041 -0.390365 False
0.604336 0.175472 -0.405293 False
0.606228 0.174758 -0.423905 False
0.607156 0.174166 -0.429436 False
0.607169 0.174600 -0.433200 False
0.606826 0.175094 -0.433368 False
0.606598 0.174639 -0.429561 False
0.606320 0.174145 -0.423175 False
0.604302 0.175229 -0.395826 False
0.605819 0.175296 -0.391028 False
0.603829 0.174137 -0.386504 False
0.606064 0.171561 -0.395209 False
0.606872 0.171437 -0.396686 False
0.607070 0.173909 -0.394031 False
0.607349 0.172296 -0.391950 False
0.607638 0.172360 -0.391797 False
0.607910 0.174597 -0.393555 False
0.607907 0.172187 -0.395357 False
0.608359 0.171016 -0.394187 False
0.607080 0.171382 -0.394315 False
0.603940 0.171593 -0.393295 False
0.603290 0.171783 -0.391838 False
0.603592 0.171804 -0.386830 False
0.607308 0.172278 -0.391309 False
0.607267 0.172365 -0.386161 False
0.603398 0.172261 -0.388731 False
0.605484 0.172283 -0.392940 False
0.607128 0.172220 -0.394380 False
0.608081 0.173615 -0.393850 False
0.609729 0.172109 -0.395487 False
0.609504 0.173721 -0.394488 False
0.608884 0.175115 -0.393233 False
0.608722 0.173037 -0.393073 False
0.608247 0.172346 -0.393650 False
0.608600 0.171805 -0.394750 False
0.608527 0.171903 -0.394640 False
0.608131 0.171684 -0.394345 False
0.608300 0.171676 -0.394489 False
0.608490 0.171829 -0.394806 False
0.608220 0.171668 -0.394754 False
0.608104 0.171645 -0.394338 False
0.607942 0.171763 -0.394793 False
0.608199 0.172241 -0.393791 False
0.608136 0.172268 -0.393750 False
0.607585 0.171900 -0.393696 False
0.607623 0.172115 -0.392603 False
0.607623 0.171504 -0.392993 False
0.604212 0.170831 -0.395680 False
0.608143 0.171418 -0.396548 False
0.607682 0.171606 -0.397121 False
0.605932 0.171821 -0.395791 False
0.605181 0.171759 -0.395036 False
0.603627 0.171054 -0.392278 False
0.606172 0.171307 -0.392207 False
0.605051 0.170894 -0.394684 False
0.605932 0.171382 -0.396108 False
0.605651 0.171517 -0.396338 False
0.605262 0.171455 -0.396834 False
0.604706 0.171134 -0.394990 False
0.603482 0.171472 -0.387694 False
0.607664 0.171704 -0.392991 False
0.603389 0.172032 -0.390551 False
0.604056 0.171426 -0.395406 False
0.601395 0.171640 -0.394792 False
0.600476 0.172130 -0.389062 False
0.606666 0.171974 -0.388769 False
0.612423 0.170428 -0.395286 False
0.613334 0.170816 -0.398543 False
0.610513 0.174438 -0.404597 False
0.604705 0.192056 -0.426376 False
0.599257 0.253337 -0.412137 False
0.605447 0.192919 -0.392467 False
0.608541 0.175654 -0.389813 False
0.613715 0.171321 -0.395241 False
0.610565 0.171282 -0.395488 False
0.612617 0.171238 -0.396779 False
0.609256 0.172582 -0.394393 False
0.608111 0.172799 -0.389358 False
0.607599 0.172280 -0.388948 False
0.607617 0.172962 -0.390808 False
0.607199 0.175048 -0.390973 False
0.607637 0.173540 -0.389883 False
0.608694 0.172685 -0.392764 False
0.611997 0.171098 -0.395563 False
0.609247 0.172349 -0.392691 False
0.608553 0.174326 -0.393287 False
0.608929 0.172387 -0.390692 False
0.612052 0.171100 -0.395138 False
0.609861 0.172280 -0.393914 False
0.611699 0.171383 -0.395584 False
0.613527 0.170419 -0.397223 False
0.613384 0.170333 -0.397453 False
0.611786 0.170753 -0.396802 False
0.611535 0.171179 -0.394924 False
0.606427 0.172821 -0.389392 False
0.605318 0.173638 -0.397027 False
0.605441 0.172700 -0.431311 False
0.583648 0.174090 -0.438749 False
0.489869 0.185778 -0.439167 False
0.398583 0.196821 -0.437885 False
0.395886 0.194303 -0.449145 False
0.389074 0.196325 -0.439305 False
0.389506 0.192778 -0.442977 False
0.382508 0.186285 -0.463500 False
0.311822 0.166624 -0.498284 False
0.373539 0.179421 -0.476114 False
0.341677 0.171228 -0.479088 False
0.504293 0.165220 -0.380511 False
0.593356 0.125676 -0.407594 False
0.591118 0.137255 -0.444443 False
0.540339 0.161042 -0.358990 False
0.529340 0.169677 -0.334153 False
0.524559 0.170701 -0.332349 False
0.527739 0.172248 -0.332480 False
0.541803 0.171456 -0.342431 False
0.593109 0.171112 -0.381693 False
0.593725 0.170946 -0.380090 False
0.546226 0.169201 -0.334335 False
0.543732 0.169441 -0.330472 False
0.576473 0.169649 -0.363451 False
0.543423 0.166171 -0.320953 False
0.538152 0.163136 -0.311693 False
0.544540 0.162532 -0.331361 False
0.562489 0.170475 -0.420433 False
0.464897 0.174734 -0.444511 False
0.451932 0.172986 -0.441089 False
0.522978 0.159800 -0.361082 False
0.576143 0.145628 -0.423537 False
0.539111 0.165540 -0.332145 False
0.502036 0.185187 -0.342870 False
0.454207 0.207212 -0.367948 False
0.401095 0.228532 -0.392063 False
0.348169 0.246065 -0.399901 False
0.304360 0.261826 -0.337297 False
0.259301 0.246266 -0.284476 False
0.232545 0.223664 -0.240293 False
0.250655 0.210886 -0.232437 False
0.291676 0.200188 -0.241531 False
0.349073 0.191387 -0.263348 False
0.416308 0.184301 -0.293657 False
0.486847 0.178748 -0.328231 False
0.554155 0.174545 -0.362842 False
0.611694 0.171511 -0.393261 False
0.645158 0.169431 -0.410309 False
0.664694 0.168194 -0.420188 False
0.672676 0.167657 -0.424148 False
0.671481 0.167676 -0.423439 False
0.663484 0.168110 -0.419313 False
0.651059 0.168814 -0.413020 False
0.636582 0.169645 -0.405811 False
0.622429 0.170461 -0.398937 False
0.613298 0.170989 -0.394948 False
0.606576 0.171378 -0.392356 False
0.601972 0.171645 -0.390972 False
0.599195 0.171810 -0.390607 False
0.597955 0.171890 -0.391074 False
0.597961 0.171905 -0.392182 False
0.598924 0.171873 -0.393744 False
0.600552 0.171812 -0.395570 False
0.602556 0.171742 -0.397473 False
0.604646 0.171681 -0.399263 False
0.606530 0.171648 -0.400753 False
0.607918 0.171661 -0.401752 False
0.608520 0.171739 -0.402073 False
0.607271 0.171976 -0.401044 False
0.605543 0.172220 -0.399494 False
0.603937 0.172393 -0.397770 False
0.603050 0.172419 -0.396220 False
0.604868 0.172231 -0.394842 False
0.607345 0.171452 -0.396964 False
0.607438 0.170409 -0.396971 False
0.606034 0.170271 -0.396238 False
0.604638 0.170481 -0.395284 False
0.606162 0.171135 -0.393345 False
0.605272 0.171515 -0.395840 False
0.605293 0.171744 -0.396128 False
0.604759 0.172041 -0.396383 False
0.604747 0.171271 -0.396780 False
0.605005 0.170965 -0.397182 False
0.605273 0.170637 -0.398084 False
0.604432 0.170011 -0.402934 False
0.605107 0.169956 -0.400145 False
0.605090 0.169552 -0.401866 False
0.605581 0.170376 -0.398171 False
0.604879 0.170281 -0.398196 False
0.605102 0.170516 -0.397541 False
0.605387 0.171189 -0.396355 False
0.605831 0.170553 -0.396606 False
0.605553 0.171136 -0.396412 False
0.605791 0.170779 -0.397513 False
0.605645 0.171859 -0.396573 False
0.605316 0.171473 -0.396669 False
0.605558 0.170632 -0.396905 False
0.605821 0.171188 -0.396497 False
0.605958 0.171162 -0.396762 False
0.607467 0.173469 -0.394454 False
0.606221 0.172072 -0.395739 False
0.605221 0.171607 -0.396835 False
0.603890 0.171361 -0.396636 False
0.603211 0.170733 -0.394898 False
0.601718 0.171161 -0.389492 False
0.601485 0.170898 -0.389134 False
0.601534 0.170323 -0.393009 False
0.603908 0.170400 -0.394650 False
0.607331 0.171878 -0.395023 False
0.604333 0.171942 -0.391428 False
0.603389 0.171610 -0.385065 False
0.603952 0.172369 -0.386390 False
0.603414 0.172420 -0.389007 False
0.603612 0.174500 -0.397346 False
0.604977 0.173665 -0.417752 False
0.606416 0.172639 -0.437590 False
0.606757 0.174310 -0.442919 False
0.606979 0.172722 -0.444962 False
0.607566 0.171804 -0.442193 False
0.607272 0.171551 -0.434594 False
0.607398 0.171565 -0.434803 False
0.607574 0.171525 -0.442273 False
0.607491 0.171510 -0.444163 False
0.607433 0.171517 -0.444039 False
0.607611 0.171513 -0.441177 False
0.607906 0.171526 -0.435965 False
0.609287 0.171566 -0.413390 False
0.607394 0.171719 -0.436607 False
0.607147 0.172008 -0.441677 False
0.607435 0.171290 -0.436267 False
0.608248 0.171520 -0.429942 False
0.609238 0.171482 -0.410769 False
0.607384 0.171027 -0.426779 False
0.605079 0.170902 -0.404357 False
0.605268 0.170858 -0.399079 False
0.606189 0.170885 -0.396729 False
0.607492 0.170967 -0.396307 False
0.608831 0.171089 -0.396812 False
0.609808 0.171328 -0.396560 False
0.610178 0.171463 -0.395985 False
0.609432 0.171188 -0.394637 False
0.605327 0.170543 -0.388694 False
0.606368 0.170613 -0.389968 False
0.608063 0.170722 -0.395642 False
0.608172 0.170271 -0.404948 False
0.607792 0.170103 -0.436957 False
0.607667 0.170298 -0.446077 False
0.607540 0.170610 -0.448668 False
0.607422 0.170944 -0.446160 False
0.607325 0.171204 -0.439986 False
0.607243 0.170521 -0.435664 False
0.607191 0.171404 -0.408138 False
0.607403 0.173447 -0.417304 False
0.607672 0.174940 -0.426440 False
0.607568 0.172393 -0.396605 False
0.608524 0.171699 -0.392330 False
0.609255 0.171661 -0.395175 False
0.608238 0.173892 -0.402763 False
0.607419 0.173835 -0.433580 False
0.605797 0.175029 -0.441737 False
0.607645 0.174203 -0.442519 False
0.608068 0.171402 -0.438611 False
0.607178 0.170435 -0.417447 False
0.605776 0.170784 -0.427082 False
0.607896 0.171310 -0.406358 False
0.607548 0.171086 -0.402703 False
0.606586 0.171452 -0.429252 False
0.604743 0.171501 -0.440677 False
0.606213 0.170907 -0.445117 False
0.604115 0.170339 -0.444318 False
0.606631 0.170388 -0.442569 False
0.607768 0.171099 -0.435907 False
0.608672 0.170736 -0.406562 False
0.606551 0.171061 -0.405255 False
0.607866 0.172066 -0.426753 False
0.608968 0.174168 -0.403695 False
0.606291 0.172321 -0.398406 False
0.606081 0.172124 -0.404711 False
0.606359 0.172108 -0.415110 False
0.606949 0.172193 -0.426717 False
0.607674 0.172302 -0.436648 False
0.608358 0.172355 -0.442018 False
0.608471 0.172230 -0.435354 False
0.609442 0.171673 -0.411957 False
0.608115 0.171551 -0.427042 False
0.608385 0.171629 -0.402603 False
0.608090 0.171922 -0.417208 False
0.607972 0.172080 -0.430898 False
0.608696 0.171268 -0.405533 False
0.609997 0.171299 -0.397699 False
0.609626 0.170612 -0.397229 False
0.608432 0.171046 -0.399372 False
0.605897 0.170345 -0.402944 False
0.609669 0.171067 -0.398261 False
0.613524 0.170684 -0.396060 False
0.608778 0.172541 -0.390383 False
0.607469 0.172793 -0.391995 False
0.606015 0.171945 -0.401204 False
0.606391 0.172009 -0.398794 False
0.607281 0.172148 -0.394457 False
0.608251 0.172227 -0.390222 False
0.608477 0.171829 -0.391296 False
0.608547 0.171827 -0.390281 False
0.608073 0.171607 -0.391415 False
0.605483 0.169505 -0.403687 False
0.604812 0.170728 -0.406666 False
0.605186 0.170208 -0.406794 False
0.605109 0.170802 -0.404247 False
0.603185 0.171565 -0.394142 False
0.601499 0.172187 -0.385206 False
0.601818 0.172023 -0.386636 False
0.604377 0.171517 -0.399766 False
0.605270 0.170905 -0.401065 False
0.605848 0.171580 -0.393374 False
0.605698 0.170252 -0.400749 False
0.605373 0.170159 -0.400627 False
0.602464 0.171532 -0.393132 False
0.605202 0.170512 -0.401619 False
0.605851 0.169572 -0.404060 False
0.605363 0.168780 -0.406324 False
0.605357 0.169559 -0.406377 False
0.605761 0.169781 -0.405786 False
0.605984 0.169737 -0.405775 False
0.606216 0.169328 -0.404845 False
0.605662 0.168378 -0.405942 False
0.606128 0.169803 -0.404338 False
0.605612 0.169734 -0.405004 False
0.605171 0.169182 -0.406315 False
0.605654 0.168870 -0.405329 False
0.604925 0.168239 -0.406790 False
0.605377 0.167969 -0.406053 False
0.606171 0.169486 -0.400568 False
0.606793 0.172335 -0.387199 False
0.606694 0.172341 -0.387563 False
0.606026 0.169479 -0.400664 False
0.604863 0.167800 -0.406205 False
0.604727 0.167439 -0.407695 False
0.604738 0.167446 -0.407826 False
0.604874 0.167664 -0.407566 False
0.606011 0.168406 -0.406807 False
0.604889 0.167826 -0.407046 False
0.605325 0.168303 -0.404744 False
0.606987 0.170664 -0.397549 False
0.605624 0.168317 -0.404882 False
0.605459 0.167953 -0.406411 False
0.605735 0.168999 -0.405538 False
0.605011 0.168086 -0.406654 False
0.605792 0.168730 -0.404758 False
0.605794 0.168921 -0.404618 False
0.605344 0.169030 -0.405737 False
0.608009 0.169176 -0.403379 False
0.614719 0.169933 -0.399315 False
0.611278 0.170021 -0.399309 False
0.606249 0.169904 -0.402481 False
0.606583 0.172010 -0.394377 False
0.606850 0.172270 -0.392448 False
0.607635 0.171633 -0.391882 False
0.606781 0.169218 -0.401606 False
0.607548 0.171554 -0.395478 False
0.607511 0.172040 -0.393926 False
0.607382 0.172160 -0.393447 False
0.607263 0.171881 -0.394612 False
0.606950 0.170249 -0.403724 False
0.607945 0.170085 -0.404406 False
0.611916 0.171223 -0.397504 False
0.605171 0.173297 -0.390988 False
0.603685 0.172345 -0.392078 False
0.603399 0.174710 -0.388432 False
0.603287 0.174360 -0.387766 False
0.603250 0.173233 -0.388970 False
0.603115 0.172028 -0.393523 False
0.603546 0.171889 -0.394909 False
0.603867 0.170719 -0.395010 False
0.603183 0.171058 -0.395041 False
0.601633 0.170506 -0.395457 False
0.602726 0.171630 -0.395990 False
0.601926 0.170876 -0.397742 False
0.600743 0.170929 -0.396812 False
0.602097 0.171499 -0.396533 False
0.604226 0.172034 -0.395961 False
0.607817 0.171607 -0.394593 False
0.608461 0.172002 -0.393730 False
0.607431 0.171753 -0.391963 False
0.604987 0.171996 -0.388405 False
0.603117 0.172228 -0.385849 False
0.606503 0.172025 -0.390868 False
0.607189 0.172152 -0.388228 False
0.607005 0.172158 -0.386411 False
0.603977 0.171476 -0.394340 False
0.602911 0.170584 -0.397203 False
0.603951 0.171845 -0.396572 False
0.605469 0.171822 -0.396271 False
0.605337 0.172026 -0.396155 False
0.607600 0.171174 -0.396240 False
0.604136 0.171182 -0.397127 False
0.601558 0.170112 -0.399732 False
0.600039 0.169947 -0.392491 False
0.602200 0.170350 -0.399075 False
0.604509 0.170383 -0.397574 False
0.607432 0.171211 -0.397396 False
0.603369 0.170891 -0.399934 False
0.601896 0.171099 -0.396972 False
0.599912 0.170200 -0.394807 False
0.599622 0.170359 -0.390192 False
0.601044 0.170700 -0.398701 False
0.600468 0.170879 -0.398077 False
0.601812 0.171249 -0.400213 False
0.599295 0.170890 -0.396369 False
0.601879 0.171840 -0.395904 False
0.601043 0.171549 -0.394944 False
0.604723 0.173000 -0.392272 False
0.602557 0.172044 -0.400351 False
0.605619 0.172089 -0.416670 False
0.604097 0.171654 -0.402295 False
0.602692 0.171580 -0.398089 False
0.601939 0.171763 -0.394144 False
0.605750 0.172635 -0.386341 False
0.605981 0.173902 -0.389062 False
0.604588 0.172582 -0.394870 False
0.603695 0.171510 -0.397800 False
0.602358 0.170693 -0.402112 False
0.602694 0.172408 -0.414987 False
0.601785 0.172315 -0.390231 False
0.601748 0.171879 -0.383029 False
0.603919 0.172088 -0.381328 False
0.605779 0.172303 -0.383003 False
0.603265 0.172208 -0.387942 False
0.603982 0.171630 -0.395851 False
0.603297 0.171404 -0.396375 False
0.601856 0.173182 -0.392108 False
0.602803 0.170884 -0.399346 False
0.602559 0.171188 -0.401450 False
0.603447 0.170964 -0.400447 False
0.603038 0.171796 -0.395848 False
0.600444 0.171190 -0.390262 False
0.602664 0.171596 -0.393780 False
0.601567 0.172075 -0.388462 False
0.602136 0.171649 -0.397630 False
0.602431 0.171387 -0.395332 False
0.599976 0.170960 -0.389850 False
0.603012 0.173319 -0.393322 False
0.603670 0.171713 -0.396989 False
0.601387 0.170211 -0.397621 False
0.601927 0.170095 -0.400282 False
0.602841 0.171158 -0.399805 False
0.600995 0.171358 -0.394290 False
0.599299 0.171611 -0.387972 False
0.600259 0.172226 -0.383707 False
0.602678 0.174308 -0.383016 False
0.603182 0.172905 -0.382576 False
0.602678 0.172480 -0.383424 False
0.600675 0.172325 -0.387071 False
0.601138 0.171995 -0.389104 False
0.604057 0.170854 -0.392559 False
0.604522 0.171688 -0.385834 False
0.606433 0.172254 -0.386927 False
0.607495 0.172384 -0.386842 False
0.608177 0.172328 -0.387318 False
0.608507 0.172009 -0.385995 False
0.608316 0.171662 -0.388477 False
0.606840 0.171564 -0.407213 False
0.605385 0.171544 -0.425422 False
0.605734 0.171573 -0.429282 False
0.606108 0.171607 -0.425010 False
0.604119 0.171566 -0.397537 False
0.604495 0.171538 -0.396414 False
0.605021 0.171441 -0.396190 False
0.604666 0.170964 -0.398224 False
0.604088 0.170528 -0.400644 False
0.603396 0.170334 -0.401784 False
0.602249 0.171518 -0.391474 False
0.603152 0.170592 -0.399890 False
0.601967 0.171550 -0.393588 False
0.603197 0.170694 -0.400980 False
0.603130 0.172289 -0.394944 False
0.601464 0.173706 -0.385376 False
0.601592 0.174193 -0.384912 False
0.603599 0.172774 -0.391870 False
0.602730 0.171975 -0.395283 False
0.599885 0.170291 -0.394241 False
0.598463 0.170212 -0.387405 False
0.598090 0.171407 -0.386891 False
0.601080 0.170301 -0.397326 False
0.602203 0.170693 -0.398819 False
0.602508 0.173349 -0.393766 False
0.602535 0.172119 -0.413251 False
0.602404 0.171820 -0.391608 False
0.605072 0.172246 -0.386919 False
0.603108 0.171770 -0.383961 False
0.602827 0.171779 -0.384068 False
0.601956 0.171597 -0.386542 False
0.601387 0.171570 -0.386685 False
0.600194 0.171559 -0.383782 False
0.598633 0.171512 -0.383625 False
0.600285 0.171232 -0.387102 False
0.603387 0.170156 -0.394687 False
0.604601 0.170123 -0.397420 False
0.604483 0.170969 -0.397110 False
0.605925 0.170140 -0.397745 False
0.607997 0.170140 -0.397138 False
0.603489 0.170954 -0.397024 False
0.599166 0.170021 -0.397648 False
0.601470 0.169950 -0.399897 False
0.604244 0.170464 -0.397477 False
0.603775 0.171369 -0.396387 False
0.603868 0.171369 -0.396431 False
0.603033 0.170837 -0.397372 False
0.601331 0.169982 -0.400243 False
0.600301 0.169580 -0.398479 False
0.600972 0.169107 -0.401339 False
0.601157 0.169343 -0.400826 False
0.603065 0.170391 -0.397146 False
0.601788 0.170174 -0.394364 False
0.604864 0.171006 -0.388155 False
0.601482 0.170323 -0.395798 False
0.601024 0.171032 -0.396011 False
0.602611 0.173115 -0.395060 False
0.600894 0.170619 -0.398344 False
0.600177 0.169914 -0.397999 False
0.600066 0.169819 -0.399409 False
0.600150 0.170056 -0.400048 False
0.600700 0.170962 -0.400007 False
0.601316 0.170377 -0.399752 False
0.602405 0.171155 -0.399125 False
0.604802 0.171070 -0.397347 False
0.605941 0.171640 -0.395100 False
0.606196 0.171994 -0.388987 False
0.603812 0.171187 -0.385358 False
0.605223 0.171186 -0.386672 False
0.601444 0.170439 -0.395591 False
0.602095 0.171412 -0.390207 False
0.601523 0.171812 -0.392995 False
0.599613 0.170716 -0.396208 False
0.597934 0.171839 -0.390993 False
0.599552 0.171531 -0.396943 False
0.599405 0.170959 -0.397117 False
0.597434 0.170790 -0.393484 False
