0.694852 0.239463 -0.105595 False
0.696426 0.239802 -0.105790 False
0.697870 0.240092 -0.105966 False
0.699004 0.240257 -0.106097 False
0.699470 0.239880 -0.106150 False
0.699521 0.240178 -0.106180 False
0.698645 0.240203 -0.105609 False
0.699711 0.240922 -0.105637 False
0.699692 0.241803 -0.105954 False
0.700137 0.241504 -0.106463 False
0.700309 0.241522 -0.106749 False
0.700376 0.241529 -0.106964 False
0.700349 0.241527 -0.107116 False
0.700244 0.241515 -0.107212 False
0.700073 0.241496 -0.107260 False
0.699850 0.241470 -0.107269 False
0.699589 0.241438 -0.107247 False
0.699304 0.241401 -0.107201 False
0.699008 0.241360 -0.107139 False
0.698715 0.241316 -0.107070 False
0.698438 0.241269 -0.107001 False
0.698191 0.241222 -0.106940 False
0.697989 0.241174 -0.106896 False
0.697844 0.241128 -0.106876 False
0.697769 0.241083 -0.106888 False
0.697780 0.241040 -0.106941 False
0.697889 0.241001 -0.107041 False
0.698111 0.240967 -0.107198 False
0.698878 0.240971 -0.107604 False
0.698190 0.240971 -0.107677 False
0.698499 0.240934 -0.107794 False
0.698735 0.240460 -0.106259 False
0.700226 0.238523 -0.104355 False
0.700285 0.237465 -0.104204 False
0.700266 0.237854 -0.103907 False
0.700303 0.237367 -0.103926 False
0.700503 0.238015 -0.104311 False
0.700365 0.237940 -0.104287 False
0.700076 0.238069 -0.103731 False
0.699945 0.237711 -0.103319 False
0.699937 0.238122 -0.102341 False
0.700044 0.238276 -0.103502 False
0.699269 0.238562 -0.104616 False
0.699832 0.239390 -0.105632 False
0.700126 0.239586 -0.105487 False
0.699933 0.239615 -0.105293 False
0.699855 0.239650 -0.104756 False
0.699702 0.239886 -0.104720 False
0.699172 0.239664 -0.104982 False
0.698994 0.239594 -0.104723 False
0.698959 0.239554 -0.104735 False
0.699659 0.239545 -0.105114 False
0.699773 0.239554 -0.104825 False
0.699579 0.239622 -0.105253 False
0.699607 0.239902 -0.105478 False
0.699842 0.239864 -0.105892 False
0.699833 0.240464 -0.105944 False
0.699695 0.239894 -0.105721 False
0.699422 0.240086 -0.104960 False
0.699205 0.240245 -0.104798 False
0.699451 0.239721 -0.104890 False
0.699668 0.239734 -0.105742 False
0.699456 0.240242 -0.105711 False
0.699487 0.240135 -0.106524 False
0.699811 0.240643 -0.106724 False
0.700104 0.240432 -0.106745 False
0.699984 0.240233 -0.106538 False
0.699214 0.240401 -0.105709 False
0.699020 0.240291 -0.105623 False
0.698879 0.239754 -0.104902 False
0.699088 0.239776 -0.105226 False
0.699577 0.240427 -0.105825 False
0.699638 0.239807 -0.106018 False
0.699311 0.239748 -0.106244 False
0.699579 0.240146 -0.106619 False
0.699288 0.239742 -0.106134 False
0.699457 0.239761 -0.106142 False
0.699545 0.240224 -0.106137 False
0.699448 0.239742 -0.106123 False
0.699412 0.239609 -0.106087 False
0.699467 0.239585 -0.105907 False
0.699442 0.239585 -0.105267 False
0.699366 0.239585 -0.106044 False
0.699267 0.239580 -0.106078 False
0.699387 0.239572 -0.105299 False
0.699355 0.239596 -0.105015 False
0.699057 0.239801 -0.105603 False
0.698643 0.240657 -0.106281 False
0.699012 0.240885 -0.105668 False
0.699140 0.241033 -0.105766 False
0.699060 0.241494 -0.105561 False
0.698780 0.241176 -0.105955 False
0.698763 0.241611 -0.106450 False
0.698836 0.241703 -0.106208 False
0.699126 0.241602 -0.106640 False
0.699347 0.241166 -0.106681 False
0.699017 0.241538 -0.106345 False
0.698500 0.241452 -0.104983 False
0.698681 0.241538 -0.104956 False
0.698763 0.241165 -0.106098 False
0.699032 0.241596 -0.105593 False
0.699035 0.241677 -0.105589 False
0.699051 0.241601 -0.106134 False
0.698888 0.241161 -0.105281 False
0.699187 0.241446 -0.106388 False
0.698810 0.240999 -0.106680 False
0.698714 0.240903 -0.106685 False
0.698723 0.241003 -0.106482 False
0.698818 0.241443 -0.105840 False
0.698881 0.241095 -0.106770 False
0.698632 0.241276 -0.108100 False
0.698187 0.241245 -0.108842 False
0.698254 0.240993 -0.108753 False
0.698213 0.242035 -0.107762 False
0.698106 0.241273 -0.107440 False
0.698339 0.241165 -0.107095 False
0.698726 0.240645 -0.107375 False
0.698956 0.240937 -0.107081 False
0.698538 0.241437 -0.107609 False
0.698670 0.241093 -0.108480 False
0.698770 0.241217 -0.107852 False
0.698689 0.240948 -0.108115 False
0.698408 0.240877 -0.107949 False
0.698141 0.240891 -0.106959 False
0.698533 0.241041 -0.106870 False
0.698770 0.241599 -0.106914 False
0.699041 0.241365 -0.107257 False
0.699242 0.240994 -0.106867 False
0.699377 0.241039 -0.106386 False
0.699331 0.241578 -0.106697 False
0.698734 0.241603 -0.106463 False
0.698458 0.241032 -0.107107 False
0.698619 0.240899 -0.106837 False
0.698451 0.240894 -0.107527 False
0.698275 0.241178 -0.108085 False
0.697991 0.242326 -0.108559 False
0.698010 0.242401 -0.108863 False
0.698105 0.242199 -0.109054 False
0.698208 0.241888 -0.109142 False
0.698249 0.241640 -0.109138 False
0.698016 0.242237 -0.109295 False
0.697653 0.241461 -0.108414 False
0.698190 0.240899 -0.107938 False
0.698463 0.240671 -0.108179 False
0.698197 0.241464 -0.107195 False
0.697286 0.242444 -0.106703 False
0.697801 0.241347 -0.108044 False
0.698247 0.241425 -0.108380 False
0.698489 0.241757 -0.108351 False
0.698938 0.241678 -0.108072 False
0.698761 0.241275 -0.108245 False
0.698531 0.240504 -0.107927 False
0.698774 0.240227 -0.107695 False
0.698095 0.240795 -0.107109 False
0.698025 0.241270 -0.107645 False
0.698589 0.241473 -0.107528 False
0.699136 0.241298 -0.107014 False
0.698498 0.243408 -0.107332 False
0.699015 0.242348 -0.107283 False
0.698313 0.242235 -0.107565 False
0.698784 0.240793 -0.106932 False
0.698641 0.240424 -0.106411 False
0.699070 0.240439 -0.106381 False
0.699384 0.240724 -0.107015 False
0.699147 0.240680 -0.106393 False
0.698909 0.241297 -0.106346 False
0.698979 0.240696 -0.106407 False
0.698697 0.240813 -0.106709 False
0.698440 0.240776 -0.106502 False
0.699326 0.240502 -0.106692 False
0.699570 0.240638 -0.106434 False
0.698937 0.241357 -0.106877 False
0.699250 0.241055 -0.107141 False
0.699175 0.241199 -0.106417 False
0.699319 0.241252 -0.106381 False
0.699028 0.242380 -0.106622 False
0.698323 0.242638 -0.106641 False
0.697624 0.242548 -0.106022 False
0.697448 0.242076 -0.106246 False
0.697271 0.242516 -0.106860 False
0.697720 0.242482 -0.107334 False
0.697717 0.241845 -0.106872 False
0.697844 0.241666 -0.106875 False
0.697775 0.241622 -0.106979 False
0.697610 0.242303 -0.107395 False
0.698172 0.241845 -0.107529 False
0.698320 0.241733 -0.107600 False
0.698344 0.241782 -0.106913 False
0.698319 0.241720 -0.106408 False
0.698185 0.241738 -0.106760 False
0.697701 0.241689 -0.106981 False
0.697900 0.241621 -0.107378 False
0.698198 0.241076 -0.107397 False
0.698420 0.242446 -0.106510 False
0.698153 0.242276 -0.106450 False
0.698254 0.242199 -0.106591 False
0.698368 0.242173 -0.105783 False
0.698663 0.242165 -0.105670 False
0.699017 0.242165 -0.105703 False
0.699271 0.242186 -0.106204 False
0.698941 0.242296 -0.107014 False
0.698436 0.242675 -0.107989 False
0.698715 0.242097 -0.107624 False
0.699388 0.242410 -0.107712 False
0.698928 0.242144 -0.107948 False
0.698958 0.241773 -0.108143 False
0.698752 0.241703 -0.107292 False
0.698664 0.241785 -0.106905 False
0.698501 0.242033 -0.106844 False
0.698236 0.241858 -0.106860 False
0.698715 0.241902 -0.106963 False
0.699274 0.241212 -0.107342 False
0.699278 0.241284 -0.107363 False
0.698848 0.241357 -0.107127 False
0.699028 0.241478 -0.107338 False
0.699225 0.241026 -0.106863 False
0.698879 0.241064 -0.107903 False
0.699022 0.241604 -0.108029 False
0.699208 0.241641 -0.107570 False
0.698797 0.241464 -0.107514 False
0.698960 0.241601 -0.107853 False
0.699028 0.241374 -0.108653 False
0.698974 0.241257 -0.108353 False
0.698683 0.241082 -0.108185 False
0.698669 0.241279 -0.107980 False
0.698641 0.241451 -0.108553 False
0.698568 0.242041 -0.107890 False
0.699189 0.242321 -0.107832 False
0.699124 0.242897 -0.108320 False
0.699056 0.242953 -0.108383 False
0.698802 0.242584 -0.108713 False
0.698781 0.242038 -0.108168 False
0.699219 0.241288 -0.108348 False
0.699069 0.241947 -0.108635 False
0.699024 0.242115 -0.107910 False
0.699018 0.242037 -0.107960 False
0.698910 0.241656 -0.108924 False
0.698629 0.242239 -0.109029 False
0.699200 0.242940 -0.108943 False
0.699133 0.242085 -0.108531 False
0.698969 0.242123 -0.108207 False
0.698692 0.242148 -0.107857 False
0.698643 0.242182 -0.108106 False
0.698735 0.242316 -0.107518 False
0.698968 0.242791 -0.108106 False
0.699074 0.242517 -0.108333 False
0.698979 0.241955 -0.108187 False
0.698800 0.242096 -0.107736 False
0.698920 0.242170 -0.107439 False
0.698870 0.242305 -0.107784 False
0.699227 0.242735 -0.107973 False
0.699020 0.242308 -0.107420 False
0.698695 0.242173 -0.107800 False
0.698386 0.242072 -0.108428 False
0.698383 0.241808 -0.107362 False
0.698769 0.242033 -0.107078 False
0.698820 0.242197 -0.107702 False
0.699317 0.242901 -0.108339 False
0.699234 0.246456 -0.109294 False
0.698000 0.244447 -0.112881 False
0.694773 0.243353 -0.114651 False
0.690021 0.241925 -0.115816 False
0.683825 0.240188 -0.116405 False
0.676267 0.238167 -0.116449 False
0.667429 0.235884 -0.115979 False
0.657394 0.233363 -0.115025 False
0.646243 0.230629 -0.113617 False
0.634057 0.227706 -0.111786 False
0.620920 0.224617 -0.109561 False
0.606913 0.221386 -0.106974 False
0.592117 0.218037 -0.104055 False
0.576616 0.214594 -0.100834 False
0.560490 0.211081 -0.097341 False
0.543822 0.207522 -0.093607 False
0.526693 0.203940 -0.089662 False
0.509187 0.200360 -0.085537 False
0.491384 0.196806 -0.081261 False
0.473366 0.193300 -0.076866 False
0.455216 0.189868 -0.072381 False
0.437016 0.186533 -0.067838 False
0.418847 0.183319 -0.063265 False
0.400791 0.180250 -0.058695 False
0.382931 0.177350 -0.054156 False
0.365348 0.174642 -0.049680 False
0.348124 0.172151 -0.045297 False
0.331342 0.169900 -0.041036 False
0.315082 0.167914 -0.036930 False
0.299428 0.166216 -0.033007 False
0.284461 0.164830 -0.029298 False
0.270262 0.163780 -0.025834 False
0.256915 0.163090 -0.022645 False
0.244501 0.162783 -0.019761 False
0.233101 0.162885 -0.017213 False
0.222799 0.163418 -0.015031 False
0.213675 0.164406 -0.013246 False
0.205812 0.165874 -0.011887 False
0.199291 0.167844 -0.010985 False
0.194195 0.170342 -0.010571 False
0.190606 0.173392 -0.010675 False
0.188606 0.177016 -0.011327 False
0.188275 0.181238 -0.012557 False
0.189698 0.186084 -0.014397 False
0.192954 0.191576 -0.016875 False
0.198128 0.197738 -0.020024 False
0.205299 0.204595 -0.023872 False
0.214551 0.212170 -0.028451 False
0.225964 0.220487 -0.033791 False
0.239622 0.229570 -0.039922 False
0.255607 0.239444 -0.046874 False
0.273999 0.250131 -0.054678 False
0.294306 0.262148 -0.065749 False
0.319082 0.274024 -0.071525 False
0.346684 0.285712 -0.075065 False
0.376505 0.296896 -0.076786 False
0.407938 0.307264 -0.077105 False
0.440376 0.316500 -0.076439 False
0.473212 0.324291 -0.075204 False
0.505839 0.330323 -0.073818 False
0.537650 0.334281 -0.072697 False
0.568037 0.335852 -0.072257 False
0.596394 0.334721 -0.072916 False
0.622114 0.330573 -0.075090 False
0.644589 0.323096 -0.079197 False
0.663213 0.311975 -0.085652 False
0.677378 0.296895 -0.094873 False
0.684024 0.273964 -0.111701 False
0.692780 0.249451 -0.120726 False
0.691773 0.242068 -0.129901 False
0.691601 0.240985 -0.131681 False
0.691617 0.241378 -0.131768 False
0.691951 0.241956 -0.131462 False
0.691663 0.242925 -0.131219 False
0.691677 0.242966 -0.130135 False
0.691415 0.243032 -0.131561 False
0.691239 0.242823 -0.131744 False
0.691578 0.242079 -0.131918 False
0.691182 0.241717 -0.131987 False
0.691661 0.241811 -0.132141 False
0.690689 0.241862 -0.130860 False
0.690824 0.241999 -0.131520 False
0.690909 0.242593 -0.132472 False
0.689571 0.245049 -0.131353 False
0.691118 0.244164 -0.131335 False
0.691974 0.242927 -0.131339 False
0.691643 0.243163 -0.132078 False
0.690862 0.243347 -0.131473 False
0.691083 0.243117 -0.132267 False
0.690371 0.242758 -0.131484 False
0.689577 0.243318 -0.131518 False
0.691484 0.242221 -0.131253 False
0.691682 0.242157 -0.131544 False
0.691003 0.242649 -0.131567 False
0.690991 0.242281 -0.131357 False
0.690754 0.242642 -0.132156 False
0.691722 0.242046 -0.132178 False
0.691326 0.241719 -0.131741 False
0.690706 0.242036 -0.132110 False
0.691259 0.242689 -0.131906 False
0.691390 0.242464 -0.132288 False
0.691580 0.242366 -0.132367 False
0.690915 0.242234 -0.132069 False
0.690880 0.242910 -0.131251 False
0.690843 0.243132 -0.133319 False
0.691284 0.242996 -0.133163 False
0.691344 0.242111 -0.132634 False
0.691000 0.242064 -0.132456 False
0.690688 0.242738 -0.132592 False
0.690714 0.242375 -0.131888 False
0.691021 0.243109 -0.131885 False
0.690245 0.243458 -0.132831 False
0.690638 0.242927 -0.132912 False
0.691258 0.241753 -0.132434 False
0.691414 0.242533 -0.131931 False
0.691425 0.242588 -0.131532 False
0.691211 0.242869 -0.131434 False
0.690480 0.242048 -0.131705 False
0.691034 0.242058 -0.131991 False
0.689653 0.244623 -0.132410 False
0.690257 0.242906 -0.131657 False
0.691451 0.242342 -0.132269 False
0.691658 0.242893 -0.132672 False
0.691293 0.242584 -0.132293 False
0.691842 0.242918 -0.130920 False
0.692048 0.243229 -0.131727 False
0.691664 0.244305 -0.132828 False
0.691096 0.243283 -0.132852 False
0.690776 0.242351 -0.132143 False
0.690792 0.242817 -0.131381 False
0.690346 0.242902 -0.131462 False
0.690902 0.242292 -0.131812 False
0.691094 0.241968 -0.131033 False
0.691224 0.242259 -0.132274 False
0.690871 0.243581 -0.131914 False
0.690300 0.243182 -0.132128 False
0.690925 0.242615 -0.132363 False
0.690681 0.242887 -0.132528 False
0.691390 0.242483 -0.131504 False
0.691099 0.242407 -0.130909 False
0.691810 0.243433 -0.132446 False
0.691048 0.242552 -0.131740 False
0.690035 0.243009 -0.130834 False
0.690761 0.243153 -0.130333 False
0.691540 0.243492 -0.130697 False
0.690295 0.243164 -0.132553 False
0.689701 0.242865 -0.132346 False
0.689684 0.243807 -0.132730 False
0.690297 0.242866 -0.131719 False
0.690986 0.242867 -0.130472 False
0.691520 0.242105 -0.129673 False
0.691147 0.242612 -0.129925 False
0.691070 0.242326 -0.131246 False
0.691137 0.242949 -0.130773 False
0.690420 0.243022 -0.128885 False
0.690038 0.242954 -0.129996 False
0.690262 0.243544 -0.131717 False
0.689896 0.244984 -0.130143 False
0.690289 0.244119 -0.129989 False
0.690863 0.242545 -0.131006 False
0.691036 0.242774 -0.129478 False
0.691703 0.243160 -0.130625 False
0.691738 0.243255 -0.131394 False
0.691225 0.243083 -0.131108 False
0.690988 0.243118 -0.132335 False
0.690753 0.243596 -0.130750 False
0.690827 0.244922 -0.129864 False
0.691274 0.245577 -0.128897 False
0.691062 0.244024 -0.130074 False
0.690784 0.244602 -0.131198 False
0.690444 0.244104 -0.131785 False
0.690159 0.243406 -0.131976 False
0.689331 0.243130 -0.130444 False
0.689579 0.242927 -0.131248 False
0.689964 0.243106 -0.131829 False
0.690311 0.243148 -0.132520 False
0.690340 0.243079 -0.132310 False
0.690517 0.242975 -0.130575 False
0.690243 0.242351 -0.131697 False
0.689771 0.242493 -0.131000 False
0.690565 0.242537 -0.131436 False
0.690928 0.243222 -0.132099 False
0.689941 0.244760 -0.132012 False
0.690498 0.243471 -0.131894 False
0.690621 0.242991 -0.131865 False
0.690531 0.242223 -0.130238 False
0.691044 0.242469 -0.130492 False
0.690529 0.243202 -0.131657 False
0.690333 0.243746 -0.131595 False
0.691262 0.243176 -0.129963 False
0.690616 0.243177 -0.130585 False
0.689587 0.243310 -0.132490 False
0.689869 0.243758 -0.132343 False
0.690391 0.243187 -0.131371 False
0.691182 0.242948 -0.131961 False
0.691772 0.243017 -0.132031 False
0.690660 0.243041 -0.132009 False
0.690129 0.243040 -0.130973 False
0.690575 0.243156 -0.130924 False
0.690668 0.242978 -0.129517 False
0.690369 0.242383 -0.130148 False
0.690911 0.243078 -0.130555 False
0.689986 0.243779 -0.131513 False
0.690612 0.242793 -0.131862 False
0.691016 0.242756 -0.132473 False
0.690493 0.242615 -0.132756 False
0.689393 0.243396 -0.131878 False
0.690436 0.242675 -0.131606 False
0.690705 0.242624 -0.130774 False
0.690812 0.242182 -0.131668 False
0.690247 0.242727 -0.131928 False
0.690299 0.242929 -0.131459 False
0.690436 0.242775 -0.131558 False
0.691002 0.242462 -0.130509 False
0.690583 0.242347 -0.127913 False
0.690891 0.242491 -0.131072 False
0.690525 0.242945 -0.132344 False
0.690696 0.242603 -0.132451 False
0.690586 0.243015 -0.132581 False
0.690240 0.242681 -0.132117 False
0.690660 0.243135 -0.131882 False
0.691125 0.243173 -0.131086 False
0.690197 0.242959 -0.128734 False
0.689170 0.243057 -0.130184 False
0.690300 0.242847 -0.132089 False
0.690521 0.242557 -0.132299 False
0.690227 0.243060 -0.132665 False
0.690775 0.243070 -0.132903 False
0.690584 0.243330 -0.133496 False
0.690851 0.243843 -0.132596 False
0.690787 0.243418 -0.131919 False
0.690928 0.243275 -0.131399 False
0.690851 0.243172 -0.131937 False
0.690144 0.243074 -0.130034 False
0.691010 0.243324 -0.129422 False
0.690561 0.243684 -0.130529 False
0.690055 0.243328 -0.130484 False
0.690197 0.243837 -0.130483 False
0.690361 0.243515 -0.130426 False
0.690059 0.243688 -0.128043 False
0.691321 0.243073 -0.129598 False
0.691337 0.243163 -0.132006 False
0.689907 0.243149 -0.130859 False
0.690002 0.244281 -0.130411 False
0.689785 0.242684 -0.130797 False
0.689404 0.243113 -0.129458 False
0.689804 0.243124 -0.126457 False
0.690239 0.242934 -0.127043 False
0.690684 0.244611 -0.130777 False
0.691024 0.243765 -0.128806 False
0.690422 0.243440 -0.129061 False
0.690140 0.243859 -0.130891 False
0.690689 0.243315 -0.131912 False
0.691229 0.243239 -0.131725 False
0.690814 0.243143 -0.131564 False
0.690633 0.243211 -0.131103 False
0.690416 0.243116 -0.129605 False
0.690738 0.243086 -0.129547 False
0.691254 0.243129 -0.130303 False
0.691277 0.243030 -0.131916 False
0.691106 0.242625 -0.131789 False
0.691131 0.243004 -0.130885 False
0.691347 0.243282 -0.131016 False
0.690625 0.243944 -0.128489 False
0.690842 0.243313 -0.130521 False
0.690673 0.243167 -0.130534 False
0.690443 0.243093 -0.132328 False
0.690982 0.243017 -0.132415 False
0.691216 0.243234 -0.131400 False
0.690702 0.243411 -0.131983 False
0.690322 0.243900 -0.132221 False
0.691045 0.243586 -0.133020 False
0.691600 0.244025 -0.133467 False
0.691303 0.243284 -0.133237 False
0.690522 0.242797 -0.132712 False
0.690443 0.243886 -0.132206 False
0.690913 0.244137 -0.132616 False
0.691128 0.244165 -0.133301 False
0.691283 0.244053 -0.132923 False
0.690896 0.243413 -0.131973 False
0.690867 0.243270 -0.132410 False
0.690458 0.243226 -0.131993 False
0.690505 0.243149 -0.131806 False
0.690438 0.243669 -0.132290 False
0.690805 0.242815 -0.133326 False
0.691415 0.243156 -0.132029 False
0.690739 0.243252 -0.131890 False
0.690170 0.243226 -0.132662 False
0.690430 0.243132 -0.131964 False
0.690929 0.243142 -0.129464 False
0.691206 0.243102 -0.131642 False
0.690862 0.243103 -0.132398 False
0.691114 0.243146 -0.133014 False
0.690674 0.243147 -0.132607 False
0.689971 0.243135 -0.132107 False
0.691490 0.243311 -0.132674 False
0.691277 0.243822 -0.132559 False
0.690537 0.243385 -0.130154 False
0.690526 0.243296 -0.132077 False
0.691317 0.243374 -0.132329 False
0.691079 0.243961 -0.133415 False
0.690844 0.243359 -0.133002 False
0.691123 0.243197 -0.131356 False
0.691726 0.243175 -0.133287 False
0.690925 0.243103 -0.132838 False
0.690702 0.242917 -0.130302 False
0.690671 0.243065 -0.126087 False
0.690749 0.243767 -0.126889 False
0.691119 0.243030 -0.130517 False
0.691514 0.242079 -0.131296 False
0.691063 0.242556 -0.131347 False
0.691580 0.242536 -0.131375 False
0.691461 0.242912 -0.131488 False
0.691409 0.243146 -0.131499 False
0.691346 0.243816 -0.132727 False
0.691078 0.243089 -0.131485 False
0.690813 0.241803 -0.131638 False
0.690227 0.242559 -0.131964 False
0.690749 0.242177 -0.131364 False
0.690954 0.242288 -0.131787 False
0.691184 0.242255 -0.131921 False
0.691806 0.243098 -0.131545 False
0.692327 0.243817 -0.131600 False
0.692214 0.242796 -0.131256 False
0.691938 0.241341 -0.131505 False
0.691625 0.241106 -0.131295 False
0.690889 0.242609 -0.132111 False
0.690449 0.243228 -0.132494 False
0.690827 0.243831 -0.131532 False
0.691661 0.243023 -0.128008 False
0.691200 0.242206 -0.130599 False
0.691131 0.242176 -0.127954 False
0.691321 0.242809 -0.130648 False
0.691372 0.242922 -0.132389 False
0.691875 0.242304 -0.131633 False
0.691438 0.242829 -0.127943 False
0.691199 0.242429 -0.127196 False
0.691591 0.242058 -0.127320 False
0.691553 0.242044 -0.131213 False
0.691245 0.242725 -0.131661 False
0.690534 0.243080 -0.130887 False
0.690698 0.243678 -0.127940 False
0.691071 0.242712 -0.130472 False
0.690537 0.243465 -0.131977 False
0.690599 0.242411 -0.131386 False
0.690560 0.242372 -0.129170 False
0.691305 0.242319 -0.126889 False
0.690649 0.243228 -0.127360 False
0.689085 0.243737 -0.130608 False
0.690209 0.242269 -0.130854 False
0.691687 0.241377 -0.130558 False
0.691675 0.241973 -0.128542 False
0.691271 0.242779 -0.130150 False
0.691616 0.243180 -0.128123 False
0.691606 0.243153 -0.130588 False
0.691202 0.243578 -0.132258 False
0.691261 0.242226 -0.132454 False
0.690992 0.241929 -0.132140 False
0.690853 0.242179 -0.132028 False
0.691273 0.242946 -0.130472 False
0.691391 0.243024 -0.131943 False
0.691445 0.242621 -0.132346 False
0.691565 0.243048 -0.131850 False
0.691350 0.243070 -0.130991 False
0.691721 0.242355 -0.129005 False
0.691079 0.242226 -0.131551 False
0.690684 0.242969 -0.132809 False
0.690641 0.243130 -0.132820 False
0.690816 0.242942 -0.131896 False
0.690692 0.242097 -0.129716 False
0.691258 0.242104 -0.130871 False
0.692111 0.242973 -0.131934 False
0.691320 0.243148 -0.131913 False
0.690301 0.242981 -0.130222 False
0.691127 0.242170 -0.131290 False
0.691420 0.241958 -0.131129 False
0.691843 0.241909 -0.131359 False
0.691143 0.241834 -0.131550 False
0.691712 0.242732 -0.131208 False
0.691251 0.242886 -0.131479 False
0.691330 0.242738 -0.131105 False
0.691217 0.242224 -0.131015 False
0.690786 0.242258 -0.130675 False
0.690896 0.241795 -0.129720 False
0.691612 0.241664 -0.129781 False
0.691870 0.241180 -0.131029 False
0.692061 0.241374 -0.131639 False
0.691689 0.242614 -0.131403 False
0.691195 0.243281 -0.131186 False
0.690531 0.244722 -0.131629 False
0.691191 0.243187 -0.131774 False
0.691250 0.242393 -0.131641 False
0.690669 0.242999 -0.131361 False
0.689253 0.243970 -0.131895 False
0.690714 0.242601 -0.131122 False
0.690531 0.242955 -0.131571 False
0.688975 0.243923 -0.131241 False
0.689730 0.244596 -0.131565 False
0.691001 0.244156 -0.131545 False
0.691402 0.242453 -0.131337 False
0.691718 0.242033 -0.132036 False
0.691712 0.242011 -0.131135 False
0.691565 0.241216 -0.131010 False
0.691669 0.241643 -0.131317 False
0.691424 0.242365 -0.132172 False
0.691067 0.242923 -0.131627 False
0.690835 0.242365 -0.130728 False
0.690334 0.242650 -0.130812 False
0.691342 0.242281 -0.130999 False
0.691572 0.242588 -0.130393 False
0.692132 0.242119 -0.130366 False
0.692307 0.241961 -0.130932 False
0.691749 0.241917 -0.131451 False
0.691050 0.241947 -0.131486 False
0.691013 0.242910 -0.132788 False
0.691003 0.243000 -0.132801 False
0.691000 0.242358 -0.131230 False
0.691000 0.241968 -0.130788 False
0.691147 0.241666 -0.130014 False
0.691578 0.241724 -0.129756 False
0.691366 0.241147 -0.128287 False
0.690944 0.241532 -0.130824 False
0.690478 0.241764 -0.131339 False
0.691591 0.241437 -0.131816 False
0.691273 0.242069 -0.132967 False
0.690709 0.242941 -0.132021 False
0.691382 0.243021 -0.131619 False
0.691838 0.242979 -0.131551 False
0.691568 0.242792 -0.131109 False
0.691637 0.242307 -0.131087 False
0.691348 0.242735 -0.131468 False
0.691349 0.242081 -0.131159 False
0.691637 0.242511 -0.131236 False
0.691595 0.242029 -0.131516 False
0.691899 0.242696 -0.131210 False
0.691618 0.242965 -0.131242 False
0.691839 0.242371 -0.131139 False
0.691448 0.242669 -0.131257 False
0.691252 0.242360 -0.131583 False
0.691827 0.241818 -0.131703 False
0.691456 0.241375 -0.131349 False
0.691670 0.241721 -0.131209 False
0.691532 0.241667 -0.131532 False
0.691767 0.241899 -0.131537 False
0.691942 0.241933 -0.131167 False
0.691636 0.241935 -0.131577 False
0.691797 0.241772 -0.131208 False
0.691712 0.241277 -0.131131 False
0.691245 0.241550 -0.131235 False
0.690540 0.242149 -0.131488 False
0.691689 0.242114 -0.131280 False
0.691442 0.242407 -0.131531 False
0.691469 0.242638 -0.131435 False
0.691718 0.242115 -0.131464 False
0.691975 0.241953 -0.131146 False
0.691596 0.241941 -0.131553 False
0.690888 0.241849 -0.131599 False
0.691540 0.241392 -0.131113 False
0.691579 0.241763 -0.130619 False
0.690857 0.241618 -0.130852 False
0.691674 0.241434 -0.129164 False
0.691226 0.241264 -0.130542 False
0.691069 0.241831 -0.131095 False
0.691156 0.241984 -0.131414 False
0.691611 0.242072 -0.132239 False
0.691418 0.242624 -0.131715 False
0.691157 0.242105 -0.130963 False
0.690835 0.241864 -0.130972 False
0.691022 0.242376 -0.131315 False
0.691246 0.242242 -0.132548 False
0.691046 0.242677 -0.131811 False
0.691061 0.242299 -0.131120 False
0.691369 0.242673 -0.131077 False
0.691585 0.242316 -0.131597 False
0.691463 0.242719 -0.131719 False
0.691479 0.243821 -0.131219 False
0.691588 0.242526 -0.131107 False
0.691242 0.242517 -0.130973 False
0.691630 0.242658 -0.130970 False
0.691648 0.241990 -0.131077 False
0.691352 0.242062 -0.131124 False
0.692040 0.242972 -0.131125 False
0.691543 0.242972 -0.131569 False
0.691760 0.242835 -0.131571 False
0.691944 0.242598 -0.131287 False
0.691650 0.242002 -0.131534 False
0.691652 0.242204 -0.131525 False
0.691293 0.242970 -0.131210 False
0.691642 0.242766 -0.132058 False
0.691630 0.243035 -0.131771 False
0.692193 0.242618 -0.131552 False
0.691616 0.242754 -0.131177 False
0.691780 0.242834 -0.131500 False
0.692076 0.242940 -0.131386 False
0.693241 0.242244 -0.130470 False
0.692830 0.242842 -0.130460 False
0.691912 0.242263 -0.131360 False
0.691593 0.242426 -0.131471 False
0.691102 0.241381 -0.131033 False
0.691636 0.241192 -0.131084 False
0.690735 0.241593 -0.132118 False
0.691761 0.241007 -0.131708 False
0.691548 0.241269 -0.131350 False
0.691567 0.242126 -0.131560 False
0.690984 0.242169 -0.131734 False
0.691612 0.242586 -0.132049 False
0.691901 0.241784 -0.131693 False
0.691300 0.241721 -0.131691 False
0.691517 0.241272 -0.131701 False
0.691287 0.241524 -0.131669 False
0.690831 0.241205 -0.131528 False
0.691181 0.242733 -0.131272 False
0.691984 0.243749 -0.131523 False
0.692121 0.242267 -0.131333 False
0.692059 0.241761 -0.131567 False
0.691515 0.242298 -0.131567 False
0.691291 0.241523 -0.131265 False
0.691002 0.242008 -0.131573 False
0.691901 0.241712 -0.131813 False
0.692042 0.241933 -0.131722 False
0.691453 0.242094 -0.131689 False
0.691037 0.243447 -0.131632 False
0.691662 0.242813 -0.131679 False
0.691605 0.243122 -0.132154 False
0.690772 0.243046 -0.131922 False
0.691422 0.242364 -0.131831 False
0.691586 0.242979 -0.131802 False
0.692326 0.242915 -0.132273 False
0.692185 0.243130 -0.132558 False
0.692109 0.243795 -0.132999 False
0.691917 0.243400 -0.132629 False
0.692157 0.243231 -0.132095 False
0.691499 0.243630 -0.132696 False
0.691379 0.242674 -0.132618 False
0.691545 0.242494 -0.132220 False
0.691364 0.242480 -0.131503 False
0.691380 0.242688 -0.132022 False
0.691649 0.241683 -0.131999 False
0.691788 0.242442 -0.132119 False
0.691666 0.242171 -0.131695 False
0.691526 0.242934 -0.131268 False
0.691816 0.243012 -0.131278 False
0.692123 0.242961 -0.130413 False
0.692067 0.242461 -0.132337 False
0.692455 0.242319 -0.132171 False
0.691442 0.242210 -0.132644 False
0.690613 0.242764 -0.133019 False
0.690936 0.242985 -0.132732 False
0.691454 0.242431 -0.132470 False
0.692265 0.242690 -0.132295 False
0.692299 0.242310 -0.131835 False
0.691875 0.243020 -0.131915 False
0.691893 0.242996 -0.132222 False
0.691519 0.242817 -0.131936 False
0.691568 0.242193 -0.132094 False
0.692187 0.242334 -0.131339 False
0.691525 0.242777 -0.131833 False
0.691174 0.242978 -0.132790 False
0.690661 0.243079 -0.132743 False
0.691015 0.242901 -0.131625 False
0.690435 0.242953 -0.132363 False
0.689684 0.243364 -0.132765 False
0.690919 0.243063 -0.131961 False
0.690226 0.244467 -0.131740 False
0.690909 0.242531 -0.131795 False
0.690400 0.242281 -0.132100 False
0.691191 0.242090 -0.131818 False
0.690490 0.242650 -0.131751 False
0.690860 0.242638 -0.131769 False
0.692095 0.241900 -0.131976 False
0.691706 0.241921 -0.132355 False
0.691133 0.241971 -0.132360 False
0.691003 0.242030 -0.131982 False
0.690910 0.242320 -0.132351 False
0.690937 0.242467 -0.132411 False
0.690891 0.242782 -0.132548 False
0.690918 0.242820 -0.132684 False
0.691385 0.242388 -0.132904 False
0.690924 0.241998 -0.132521 False
0.691353 0.241966 -0.132208 False
0.690880 0.242533 -0.133321 False
0.691135 0.244528 -0.133299 False
0.690808 0.243793 -0.133260 False
0.689102 0.244034 -0.133140 False
0.689054 0.243372 -0.132662 False
0.690269 0.243209 -0.132681 False
0.691196 0.242941 -0.132862 False
0.690711 0.242837 -0.131982 False
0.691392 0.242832 -0.132112 False
0.692245 0.242899 -0.132908 False
0.691944 0.243107 -0.132885 False
0.691110 0.242786 -0.131840 False
0.691946 0.242395 -0.132261 False
0.691196 0.242960 -0.132590 False
0.691033 0.243009 -0.132721 False
0.689936 0.243097 -0.133046 False
0.689980 0.242654 -0.133049 False
0.689758 0.242755 -0.132711 False
0.690216 0.242479 -0.132923 False
0.690620 0.242965 -0.132450 False
0.690835 0.243141 -0.132900 False
0.690566 0.243170 -0.132719 False
0.689993 0.243152 -0.132979 False
0.691769 0.243092 -0.132544 False
0.691251 0.243160 -0.131764 False
0.691167 0.243594 -0.131245 False
0.691587 0.242536 -0.131798 False
0.691470 0.243034 -0.132734 False
0.691429 0.243004 -0.132202 False
0.690821 0.243014 -0.132763 False
0.691697 0.243097 -0.132210 False
0.691534 0.243117 -0.132840 False
0.692453 0.242683 -0.132372 False
0.692585 0.242933 -0.132259 False
0.691498 0.242333 -0.131594 False
0.691409 0.242672 -0.131773 False
0.691207 0.242621 -0.132236 False
0.690522 0.243191 -0.132190 False
0.691027 0.242402 -0.132386 False
0.691369 0.242585 -0.132429 False
0.690638 0.242164 -0.132411 False
0.691060 0.242183 -0.132424 False
0.691684 0.242073 -0.132515 False
0.692326 0.241966 -0.132714 False
0.693046 0.241899 -0.132849 False
0.693820 0.241904 -0.132811 False
0.694974 0.242024 -0.131929 False
0.695254 0.242701 -0.132586 False
0.694515 0.241959 -0.131772 False
0.694494 0.241641 -0.131774 False
0.694500 0.241671 -0.131755 False
0.695055 0.242239 -0.131559 False
0.693868 0.242709 -0.132053 False
0.692496 0.243062 -0.132438 False
0.691939 0.242979 -0.131667 False
0.691960 0.243089 -0.131247 False
0.692413 0.242424 -0.131734 False
0.692380 0.241784 -0.131851 False
0.691838 0.241726 -0.132333 False
0.691534 0.242222 -0.132598 False
0.691860 0.243481 -0.133140 False
0.692114 0.243297 -0.132877 False
0.691207 0.243258 -0.133627 False
0.691727 0.243263 -0.133712 False
0.691176 0.243322 -0.133481 False
0.690089 0.243843 -0.133740 False
0.690663 0.243998 -0.133341 False
0.691594 0.243996 -0.133301 False
0.691893 0.243823 -0.132815 False
0.692125 0.243213 -0.132524 False
0.692152 0.242661 -0.131731 False
0.691967 0.244098 -0.130813 False
0.691590 0.243426 -0.131830 False
0.691856 0.243653 -0.131503 False
0.692714 0.242313 -0.132244 False
0.692951 0.243477 -0.132484 False
0.692711 0.243505 -0.132535 False
0.692507 0.243824 -0.132131 False
0.691847 0.243250 -0.132254 False
0.691155 0.243047 -0.131905 False
0.690017 0.243061 -0.132185 False
0.690269 0.242945 -0.133160 False
0.691483 0.242268 -0.132669 False
0.691995 0.242724 -0.132146 False
0.691868 0.242352 -0.132378 False
0.692006 0.242168 -0.132469 False
0.691675 0.242627 -0.132504 False
0.690299 0.242909 -0.132565 False
0.691245 0.242058 -0.132807 False
0.692035 0.241808 -0.132183 False
0.692157 0.242251 -0.132276 False
0.692141 0.242478 -0.131959 False
0.691971 0.243017 -0.131890 False
0.692257 0.242764 -0.132361 False
0.692732 0.242562 -0.132679 False
0.691686 0.243734 -0.132959 False
0.692428 0.242591 -0.132526 False
0.691542 0.241699 -0.132410 False
0.690930 0.241914 -0.132549 False
0.691872 0.242169 -0.133020 False
0.692133 0.242848 -0.133412 False
0.691162 0.242301 -0.132758 False
0.690832 0.242531 -0.132951 False
0.691592 0.242939 -0.132905 False
0.692244 0.242384 -0.131930 False
0.692692 0.242762 -0.131810 False
0.692090 0.241855 -0.132206 False
0.691228 0.243185 -0.132501 False
0.692705 0.243610 -0.132829 False
0.693503 0.242450 -0.132582 False
0.692538 0.242486 -0.132600 False
0.692441 0.242894 -0.132526 False
0.692190 0.242496 -0.132570 False
0.692079 0.242179 -0.132504 False
0.691683 0.242323 -0.132535 False
0.692189 0.242362 -0.132589 False
0.692838 0.242200 -0.132511 False
0.691945 0.242609 -0.132577 False
0.691390 0.242646 -0.132572 False
0.691126 0.242459 -0.132819 False
0.691273 0.243456 -0.132504 False
0.691514 0.242714 -0.132441 False
0.692113 0.243646 -0.132054 False
0.691791 0.242420 -0.132335 False
0.692674 0.242435 -0.132522 False
0.692939 0.242873 -0.132925 False
0.693005 0.242646 -0.132552 False
0.693019 0.243045 -0.132303 False
0.692156 0.242700 -0.131912 False
0.692356 0.242134 -0.132198 False
0.691993 0.242022 -0.131823 False
0.692153 0.242048 -0.131844 False
0.692310 0.242341 -0.132352 False
0.691757 0.242707 -0.132578 False
0.692223 0.242932 -0.132656 False
0.691626 0.243147 -0.133175 False
0.691538 0.243195 -0.133208 False
0.690918 0.242944 -0.133330 False
0.691199 0.242886 -0.133369 False
0.691014 0.242910 -0.133347 False
0.690763 0.243011 -0.133259 False
0.691043 0.242803 -0.133098 False
0.691256 0.242372 -0.132305 False
0.691275 0.242213 -0.132776 False
0.691836 0.242489 -0.132118 False
0.692558 0.242136 -0.132069 False
0.691920 0.242273 -0.132582 False
0.691675 0.243039 -0.133072 False
0.691356 0.243185 -0.131707 False
0.692083 0.243156 -0.131213 False
0.692551 0.242891 -0.131816 False
0.691770 0.242129 -0.132323 False
0.691737 0.241874 -0.132442 False
0.691562 0.242044 -0.132646 False
0.690693 0.242770 -0.133882 False
0.690938 0.243344 -0.134751 False
0.690853 0.245215 -0.136115 False
0.689793 0.249234 -0.138335 False
0.681571 0.269643 -0.148957 False
0.689194 0.248211 -0.135702 False
0.691055 0.242527 -0.133093 False
0.691502 0.241705 -0.132135 False
0.692475 0.241945 -0.133460 False
0.692897 0.242688 -0.133330 False
0.692718 0.242455 -0.132756 False
0.692765 0.242408 -0.132482 False
0.693177 0.242580 -0.132284 False
0.692929 0.242421 -0.132125 False
0.692363 0.242618 -0.132169 False
0.692498 0.243631 -0.132905 False
0.692773 0.243085 -0.132133 False
0.692688 0.242539 -0.131826 False
0.692731 0.242989 -0.131418 False
0.692340 0.243280 -0.131877 False
0.692512 0.243640 -0.132208 False
0.692646 0.242679 -0.131672 False
0.692171 0.243631 -0.131801 False
0.691800 0.243700 -0.131625 False
0.692877 0.244574 -0.131297 False
0.692784 0.244231 -0.131933 False
0.692214 0.244238 -0.132051 False
0.692301 0.243356 -0.132133 False
0.691906 0.243275 -0.132903 False
0.692018 0.243328 -0.134102 False
0.692478 0.243842 -0.132896 False
0.692768 0.244049 -0.132328 False
0.693335 0.244326 -0.133205 False
0.692856 0.243910 -0.133701 False
0.692089 0.243315 -0.134240 False
0.693127 0.243234 -0.133662 False
0.693387 0.243809 -0.133687 False
0.692514 0.244771 -0.133940 False
0.692700 0.244182 -0.133423 False
0.692379 0.243921 -0.133007 False
0.692707 0.243684 -0.133142 False
0.692452 0.244576 -0.133481 False
0.692884 0.243503 -0.132815 False
0.692150 0.243042 -0.132635 False
0.691545 0.243634 -0.133047 False
0.691558 0.243511 -0.133492 False
0.692325 0.243928 -0.134016 False
0.693492 0.244107 -0.133478 False
0.692576 0.244441 -0.133183 False
0.692481 0.244526 -0.133259 False
0.692257 0.244324 -0.133155 False
0.692414 0.245050 -0.133225 False
0.692282 0.244971 -0.132677 False
0.692776 0.243869 -0.132694 False
0.692721 0.243430 -0.132941 False
0.692893 0.243810 -0.132866 False
0.692708 0.243827 -0.133194 False
0.692907 0.243362 -0.132885 False
0.693005 0.243403 -0.133032 False
0.693038 0.243835 -0.132640 False
0.692386 0.243788 -0.132916 False
0.692578 0.242975 -0.131885 False
0.692019 0.242917 -0.131502 False
0.692071 0.242974 -0.132494 False
0.692426 0.243823 -0.133099 False
0.693528 0.243976 -0.132737 False
0.693098 0.244028 -0.133308 False
0.693006 0.243992 -0.132936 False
0.692922 0.244015 -0.133151 False
0.692651 0.243982 -0.132740 False
0.692640 0.244002 -0.132510 False
0.691751 0.244017 -0.132760 False
0.692040 0.243935 -0.132353 False
0.692198 0.243741 -0.131538 False
0.691336 0.243710 -0.131867 False
0.691907 0.243029 -0.131704 False
0.692782 0.243214 -0.131492 False
0.693100 0.243260 -0.132173 False
0.692680 0.243021 -0.131990 False
0.692742 0.242248 -0.131961 False
0.693450 0.242208 -0.132143 False
0.693450 0.242010 -0.132528 False
0.692779 0.242273 -0.132645 False
0.692733 0.242489 -0.132622 False
0.693493 0.242995 -0.132375 False
0.693883 0.242894 -0.131427 False
0.694524 0.242952 -0.131847 False
0.693942 0.243352 -0.132248 False
0.693683 0.243650 -0.132107 False
0.692467 0.242848 -0.132393 False
0.692126 0.242222 -0.132377 False
0.692929 0.241480 -0.132064 False
0.692849 0.242072 -0.132364 False
0.693455 0.241990 -0.131895 False
0.693227 0.241999 -0.131749 False
0.693411 0.242119 -0.131353 False
0.692951 0.242664 -0.132066 False
0.693541 0.243136 -0.131834 False
0.692745 0.243154 -0.131856 False
0.692500 0.243677 -0.132177 False
0.692191 0.243284 -0.131539 False
0.692901 0.242763 -0.131606 False
0.693300 0.243161 -0.132434 False
0.691484 0.243278 -0.132072 False
0.691827 0.243317 -0.131682 False
0.692562 0.242412 -0.131368 False
0.693982 0.242666 -0.130933 False
0.693526 0.242771 -0.131719 False
0.692194 0.242475 -0.132271 False
0.691550 0.242274 -0.132307 False
0.691449 0.242804 -0.131966 False
0.691460 0.242025 -0.131805 False
0.692098 0.242523 -0.132004 False
0.689723 0.243217 -0.131438 False
0.690882 0.242934 -0.132256 False
0.690396 0.242105 -0.132468 False
0.691377 0.241713 -0.132527 False
0.692264 0.241914 -0.132811 False
0.692775 0.242093 -0.132321 False
0.695190 0.241292 -0.131390 False
0.697292 0.240446 -0.130642 False
0.696960 0.240285 -0.131009 False
0.695749 0.240404 -0.131698 False
0.694163 0.240722 -0.132405 False
0.692706 0.241159 -0.132831 False
0.692690 0.241747 -0.132056 False
0.691345 0.241721 -0.131696 False
0.692938 0.242228 -0.131411 False
0.692722 0.242307 -0.131626 False
0.692646 0.243206 -0.131261 False
0.692805 0.242878 -0.131461 False
0.692535 0.242631 -0.132711 False
0.691780 0.243293 -0.132463 False
0.690920 0.242930 -0.131911 False
0.691216 0.243315 -0.131805 False
0.691583 0.243252 -0.131753 False
0.692328 0.243136 -0.131961 False
0.692166 0.243767 -0.131856 False
0.691910 0.243247 -0.131548 False
0.691814 0.242791 -0.131160 False
0.691852 0.242386 -0.131502 False
0.692187 0.243088 -0.131136 False
0.692788 0.242441 -0.131601 False
0.694002 0.242788 -0.132059 False
0.693651 0.242914 -0.131354 False
0.692884 0.242337 -0.131279 False
0.692803 0.242928 -0.131976 False
0.692311 0.242562 -0.133035 False
0.691718 0.242386 -0.133551 False
0.692971 0.241993 -0.133364 False
0.692422 0.241879 -0.133351 False
0.693424 0.242651 -0.132257 False
0.692507 0.243048 -0.132249 False
0.692544 0.242924 -0.131888 False
0.692900 0.243033 -0.131731 False
0.693122 0.243317 -0.131848 False
0.692629 0.243773 -0.132027 False
0.692507 0.243000 -0.132877 False
0.693763 0.242923 -0.132696 False
0.693986 0.242929 -0.132387 False
0.693778 0.243144 -0.131476 False
0.693548 0.243026 -0.131645 False
0.692715 0.243214 -0.132014 False
0.692297 0.243220 -0.132974 False
0.692471 0.243207 -0.132478 False
0.693280 0.243054 -0.131137 False
0.692818 0.242603 -0.130163 False
0.693070 0.243076 -0.131980 False
0.692750 0.243480 -0.132379 False
0.693979 0.244635 -0.130345 False
0.693849 0.245357 -0.131228 False
0.693832 0.243208 -0.131065 False
0.693146 0.243101 -0.132012 False
0.692925 0.243519 -0.131586 False
0.692745 0.243357 -0.130653 False
0.693102 0.243312 -0.131508 False
0.693698 0.243412 -0.131786 False
0.693146 0.243723 -0.130342 False
0.693007 0.242970 -0.131527 False
0.692900 0.243982 -0.132344 False
0.692494 0.243529 -0.132532 False
0.691806 0.243496 -0.132271 False
0.691598 0.242608 -0.133009 False
0.692317 0.242438 -0.133195 False
0.692538 0.242613 -0.133143 False
0.693511 0.242388 -0.132832 False
0.692750 0.243080 -0.131589 False
0.692337 0.243250 -0.132809 False
0.692528 0.243312 -0.132932 False
0.692522 0.243249 -0.132112 False
0.691606 0.242952 -0.131866 False
0.693407 0.242891 -0.131738 False
0.693641 0.242962 -0.131330 False
0.692586 0.242221 -0.131440 False
0.692420 0.242347 -0.131153 False
0.692307 0.242870 -0.131039 False
0.692571 0.243575 -0.131235 False
0.692949 0.243973 -0.131730 False
0.693375 0.243602 -0.131697 False
0.693024 0.242916 -0.131118 False
0.692915 0.242545 -0.130541 False
0.692858 0.242900 -0.130927 False
0.692804 0.242208 -0.131089 False
0.692515 0.242220 -0.131641 False
0.692282 0.242988 -0.131814 False
0.693459 0.242994 -0.131611 False
0.692949 0.243483 -0.131353 False
0.692489 0.242451 -0.131495 False
0.692160 0.242706 -0.132334 False
0.692839 0.243124 -0.132383 False
0.691373 0.244012 -0.132300 False
0.692425 0.242522 -0.131981 False
0.693423 0.242591 -0.132233 False
0.692593 0.242166 -0.131897 False
0.692995 0.242419 -0.132051 False
0.692616 0.241606 -0.131250 False
0.692345 0.241248 -0.130814 False
0.692067 0.241004 -0.130454 False
0.691810 0.240869 -0.130173 False
0.691600 0.240836 -0.129976 False
0.691465 0.240899 -0.129867 False
0.691431 0.241053 -0.129850 False
0.691526 0.241292 -0.129931 False
0.691776 0.241609 -0.130112 False
0.692209 0.241998 -0.130400 False
0.693580 0.242381 -0.130951 False
0.692821 0.243636 -0.131085 False
0.692691 0.243182 -0.131542 False
0.692088 0.242214 -0.132276 False
0.692310 0.242151 -0.132180 False
0.692223 0.242819 -0.131382 False
0.692574 0.242309 -0.131284 False
0.692082 0.242717 -0.131639 False
0.692794 0.242877 -0.131787 False
0.693432 0.243053 -0.132014 False
0.693962 0.242562 -0.132168 False
0.692753 0.242737 -0.131779 False
0.692309 0.242642 -0.131756 False
0.692348 0.242093 -0.131557 False
0.691980 0.242207 -0.131250 False
0.692391 0.243176 -0.131496 False
0.692486 0.243748 -0.132329 False
0.692322 0.243034 -0.132504 False
0.692614 0.242938 -0.132066 False
0.691856 0.243221 -0.131921 False
0.691536 0.243598 -0.130678 False
0.691848 0.244635 -0.131131 False
0.692589 0.243412 -0.132034 False
0.692577 0.243466 -0.131950 False
0.692796 0.243174 -0.132146 False
0.692721 0.242864 -0.131542 False
0.692208 0.242599 -0.130215 False
0.692034 0.242262 -0.131854 False
0.692639 0.242930 -0.132330 False
0.692126 0.242894 -0.132419 False
0.689646 0.243115 -0.132538 False
0.691394 0.242291 -0.132903 False
0.691555 0.242407 -0.132573 False
0.692265 0.242656 -0.130999 False
0.692226 0.242732 -0.132486 False
0.692558 0.242787 -0.133069 False
0.692828 0.242986 -0.133324 False
0.692761 0.242411 -0.133267 False
0.692275 0.242123 -0.133384 False
0.692426 0.242442 -0.132616 False
0.692529 0.243091 -0.132497 False
0.692736 0.242213 -0.132862 False
0.692451 0.242036 -0.132504 False
0.691995 0.242349 -0.132555 False
0.693115 0.243709 -0.132792 False
0.692778 0.242507 -0.132820 False
0.692882 0.242609 -0.132535 False
0.692933 0.242092 -0.132736 False
0.692909 0.241992 -0.132083 False
0.692823 0.242162 -0.132177 False
0.692308 0.242049 -0.131983 False
0.692235 0.242456 -0.132366 False
0.692745 0.242202 -0.132820 False
0.692639 0.242776 -0.132646 False
0.692759 0.242989 -0.132920 False
0.692495 0.242495 -0.132588 False
0.692372 0.241936 -0.132299 False
0.693117 0.241522 -0.131862 False
0.692551 0.242441 -0.131771 False
0.693037 0.242574 -0.131763 False
0.693012 0.242144 -0.131780 False
0.692895 0.242163 -0.131771 False
0.692811 0.241887 -0.131365 False
0.693329 0.242446 -0.131327 False
0.692661 0.243229 -0.132364 False
0.692209 0.243804 -0.131811 False
0.692175 0.243264 -0.132493 False
0.692281 0.243656 -0.132681 False
0.692683 0.242690 -0.131459 False
0.692589 0.242662 -0.131132 False
0.692523 0.242316 -0.131101 False
0.692516 0.242958 -0.131215 False
0.692624 0.242966 -0.131636 False
0.693239 0.243379 -0.132129 False
0.692836 0.243994 -0.131988 False
0.693319 0.243946 -0.132646 False
0.693193 0.243150 -0.131871 False
0.692811 0.242834 -0.131683 False
0.693264 0.242640 -0.131648 False
0.692782 0.243047 -0.131613 False
0.692048 0.243809 -0.131287 False
0.692060 0.242530 -0.131629 False
0.692092 0.242612 -0.131481 False
0.692132 0.242377 -0.132265 False
0.692035 0.243187 -0.132310 False
0.691891 0.242732 -0.131678 False
0.692329 0.242976 -0.131302 False
0.693475 0.242334 -0.131584 False
0.694002 0.242627 -0.131932 False
0.693047 0.242719 -0.131928 False
0.692440 0.242723 -0.132151 False
0.692889 0.242424 -0.131574 False
0.692650 0.242278 -0.132142 False
0.692941 0.243053 -0.132110 False
0.692646 0.243107 -0.131431 False
0.692695 0.242510 -0.132256 False
0.692212 0.242198 -0.132076 False
0.692059 0.242485 -0.131740 False
0.692038 0.242298 -0.131345 False
0.692029 0.243060 -0.131814 False
0.692958 0.243181 -0.132038 False
0.692365 0.242944 -0.131256 False
0.692508 0.243037 -0.131732 False
0.693500 0.243821 -0.131265 False
0.692797 0.242538 -0.131258 False
0.692623 0.242648 -0.131644 False
0.692632 0.242484 -0.131764 False
0.692855 0.242814 -0.131734 False
0.693731 0.243109 -0.131890 False
0.692502 0.242875 -0.131671 False
0.692454 0.242763 -0.131614 False
0.694102 0.241848 -0.131762 False
0.694711 0.241001 -0.132100 False
0.691744 0.243952 -0.133447 False
0.674651 0.259887 -0.140382 False
0.629333 0.311819 -0.146882 False
0.595580 0.346962 -0.152193 False
0.562646 0.379427 -0.157016 False
0.530536 0.409288 -0.161365 False
0.499253 0.436618 -0.165254 False
0.468801 0.461491 -0.168695 False
0.439185 0.483981 -0.171703 False
0.410408 0.504162 -0.174291 False
0.382475 0.522108 -0.176472 False
0.355389 0.537892 -0.178260 False
0.329154 0.551589 -0.179669 False
0.303774 0.563273 -0.180711 False
0.279254 0.573016 -0.181400 False
0.255596 0.580893 -0.181751 False
0.232806 0.586979 -0.181775 False
0.210887 0.591346 -0.181487 False
0.189843 0.594069 -0.180900 False
0.169678 0.595221 -0.180027 False
0.150395 0.594877 -0.178883 False
0.132000 0.593109 -0.177480 False
0.114496 0.589993 -0.175833 False
0.097886 0.585602 -0.173953 False
0.082175 0.580010 -0.171856 False
0.067367 0.573290 -0.169554 False
0.053466 0.565517 -0.167061 False
0.040475 0.556764 -0.164390 False
0.028400 0.547105 -0.161555 False
0.017242 0.536614 -0.158570 False
0.007008 0.525366 -0.155447 False
-0.002300 0.513433 -0.152200 False
-0.010678 0.500889 -0.148843 False
-0.018121 0.487810 -0.145390 False
-0.024625 0.474267 -0.141853 False
-0.030187 0.460336 -0.138246 False
-0.034803 0.446090 -0.134582 False
-0.038468 0.431603 -0.130876 False
-0.041179 0.416949 -0.127140 False
-0.042932 0.402202 -0.123388 False
-0.043722 0.387435 -0.119634 False
-0.043546 0.372722 -0.115891 False
-0.042400 0.358137 -0.112172 False
-0.040280 0.343755 -0.108490 False
-0.037182 0.329649 -0.104861 False
-0.033102 0.315892 -0.101296 False
-0.028035 0.302560 -0.097809 False
-0.021979 0.289724 -0.094414 False
-0.014928 0.277461 -0.091124 False
-0.006880 0.265842 -0.087954 False
0.002170 0.254942 -0.084915 False
0.012227 0.244836 -0.082022 False
0.023293 0.235596 -0.079288 False
0.035372 0.227297 -0.076726 False
0.048470 0.220013 -0.074351 False
0.062589 0.213817 -0.072175 False
0.077734 0.208783 -0.070212 False
0.093909 0.204986 -0.068475 False
0.111117 0.202498 -0.066979 False
0.129363 0.201395 -0.065736 False
0.148651 0.201749 -0.064760 False
0.168984 0.203634 -0.064064 False
0.190367 0.207125 -0.063662 False
0.212803 0.212296 -0.063567 False
0.236384 0.219518 -0.063781 False
0.260895 0.228121 -0.064347 False
0.286209 0.237733 -0.065295 False
0.312198 0.247981 -0.066656 False
0.338735 0.258494 -0.068459 False
0.365692 0.268900 -0.070737 False
0.392942 0.278825 -0.073519 False
0.420358 0.287899 -0.076836 False
0.447812 0.295748 -0.080719 False
0.475176 0.302001 -0.085198 False
0.502324 0.306285 -0.090304 False
0.529128 0.308229 -0.096067 False
0.555461 0.307460 -0.102519 False
0.581195 0.303605 -0.109690 False
0.606665 0.295221 -0.117984 False
0.630589 0.284610 -0.126498 False
0.652145 0.273002 -0.134705 False
0.670515 0.261626 -0.142075 False
0.684877 0.251712 -0.148079 False
0.694412 0.244491 -0.152190 False
0.695555 0.243871 -0.152783 False
0.695413 0.242499 -0.151971 False
0.695398 0.242854 -0.151727 False
0.695381 0.243965 -0.151905 False
0.694995 0.243821 -0.152365 False
0.695707 0.243029 -0.152597 False
0.695567 0.244528 -0.152200 False
0.695298 0.243788 -0.151904 False
0.694928 0.244800 -0.152380 False
0.695306 0.243383 -0.152728 False
0.695486 0.244721 -0.152400 False
0.695618 0.244445 -0.152186 False
0.695108 0.245107 -0.151746 False
0.695426 0.245386 -0.152302 False
0.695573 0.245372 -0.152779 False
0.695660 0.244965 -0.152320 False
0.695444 0.243404 -0.152298 False
0.695032 0.243890 -0.152624 False
0.695036 0.244234 -0.152603 False
0.695418 0.244359 -0.152970 False
0.694964 0.245302 -0.152270 False
0.695293 0.245795 -0.151816 False
0.695736 0.244899 -0.151349 False
0.695249 0.245271 -0.152363 False
0.695438 0.245378 -0.152894 False
0.695586 0.245360 -0.152968 False
0.695589 0.245175 -0.151586 False
0.695220 0.244575 -0.151699 False
0.694911 0.245607 -0.152177 False
0.695005 0.247038 -0.151665 False
0.695402 0.245578 -0.152293 False
0.695456 0.244383 -0.151820 False
0.695166 0.244383 -0.152679 False
0.695356 0.245395 -0.151422 False
0.695295 0.244494 -0.152239 False
0.695466 0.244951 -0.152923 False
0.695458 0.244234 -0.152941 False
0.695220 0.244037 -0.152739 False
0.694953 0.245177 -0.152054 False
0.694993 0.243307 -0.152091 False
0.694378 0.242981 -0.151953 False
0.694875 0.243723 -0.152293 False
0.694898 0.242845 -0.151819 False
0.694879 0.243800 -0.151480 False
0.695086 0.244285 -0.151544 False
0.695486 0.245281 -0.152526 False
0.695408 0.245662 -0.152773 False
0.695106 0.244633 -0.152322 False
0.695164 0.245173 -0.152078 False
0.695368 0.245049 -0.151626 False
0.695283 0.243966 -0.151869 False
0.695203 0.244359 -0.152376 False
0.695186 0.244838 -0.152751 False
0.695632 0.243991 -0.152046 False
0.695056 0.246213 -0.151389 False
0.694901 0.244221 -0.151610 False
0.695401 0.244320 -0.152416 False
0.695466 0.245409 -0.151796 False
0.695426 0.246239 -0.152095 False
0.695118 0.244451 -0.152311 False
0.695303 0.243624 -0.152191 False
0.695770 0.243498 -0.151992 False
0.695729 0.244983 -0.151550 False
0.695828 0.245376 -0.151718 False
0.695445 0.245448 -0.151773 False
0.695593 0.245437 -0.152863 False
0.696088 0.245283 -0.151836 False
0.695725 0.244554 -0.151046 False
0.695583 0.242983 -0.151558 False
0.695381 0.243486 -0.152119 False
0.695504 0.244191 -0.152354 False
0.695471 0.245039 -0.151752 False
0.695123 0.243966 -0.152125 False
0.695546 0.245344 -0.152515 False
0.695604 0.245515 -0.152228 False
0.695767 0.244773 -0.151732 False
0.696065 0.243664 -0.151393 False
0.695743 0.244476 -0.152101 False
0.695645 0.244414 -0.152164 False
0.695648 0.245556 -0.151837 False
0.695922 0.243889 -0.152096 False
0.695734 0.244681 -0.151639 False
0.695906 0.245413 -0.152652 False
0.695674 0.245810 -0.152342 False
0.695904 0.243887 -0.152009 False
0.696106 0.245190 -0.152571 False
0.696291 0.242706 -0.151917 False
0.696781 0.241631 -0.151950 False
0.696410 0.241786 -0.151463 False
0.695906 0.241572 -0.151166 False
0.695780 0.243791 -0.152095 False
0.695139 0.245669 -0.152361 False
0.694874 0.244740 -0.151782 False
0.695746 0.245320 -0.151661 False
0.695868 0.244975 -0.151690 False
0.695635 0.246932 -0.151760 False
0.695437 0.245969 -0.152097 False
0.695712 0.245989 -0.151649 False
0.695991 0.244334 -0.151687 False
0.696146 0.243532 -0.151263 False
0.695692 0.244214 -0.151564 False
0.695377 0.243277 -0.151611 False
0.695479 0.243417 -0.152316 False
0.695326 0.245526 -0.153096 False
0.695504 0.245333 -0.151598 False
0.695549 0.243683 -0.151715 False
0.695507 0.244505 -0.152046 False
0.695766 0.243518 -0.152022 False
0.695996 0.244450 -0.152316 False
0.695404 0.242903 -0.152601 False
0.695434 0.243252 -0.152188 False
0.696039 0.244097 -0.151625 False
0.695685 0.242625 -0.151182 False
0.695730 0.242740 -0.151363 False
0.696718 0.243062 -0.151648 False
0.697407 0.242376 -0.150333 False
0.696602 0.244115 -0.149742 False
0.695486 0.245302 -0.150666 False
0.695225 0.247011 -0.151108 False
0.695277 0.245590 -0.151537 False
0.695316 0.243624 -0.151254 False
0.695256 0.243771 -0.151255 False
0.695333 0.245110 -0.151693 False
0.695405 0.244789 -0.151666 False
0.695637 0.243973 -0.151191 False
0.695873 0.243681 -0.150268 False
0.695713 0.245281 -0.150766 False
0.695565 0.245538 -0.151547 False
0.695897 0.244949 -0.151963 False
0.696074 0.244832 -0.151683 False
0.695500 0.245822 -0.151525 False
0.695174 0.245159 -0.151224 False
0.695683 0.242549 -0.152001 False
0.695678 0.242209 -0.152306 False
0.695971 0.241144 -0.151640 False
0.695089 0.242268 -0.152271 False
0.695734 0.242451 -0.151898 False
0.695558 0.243522 -0.151775 False
0.695505 0.243027 -0.152010 False
0.695854 0.243247 -0.151725 False
0.695707 0.243938 -0.151282 False
0.695625 0.243404 -0.151647 False
0.695800 0.244051 -0.152252 False
0.695291 0.245063 -0.152691 False
0.695376 0.244925 -0.152408 False
0.695571 0.244787 -0.152042 False
0.695565 0.243146 -0.151312 False
0.695229 0.244297 -0.151385 False
0.694890 0.243969 -0.151004 False
0.695681 0.244604 -0.151464 False
0.695997 0.242009 -0.152117 False
0.695802 0.242051 -0.151846 False
0.695828 0.242291 -0.150752 False
0.695279 0.243199 -0.151889 False
0.695611 0.241609 -0.152291 False
0.695657 0.241578 -0.152552 False
0.695717 0.241517 -0.151762 False
0.695441 0.241980 -0.151424 False
0.695812 0.241942 -0.150871 False
0.695960 0.242664 -0.151896 False
0.695032 0.243614 -0.151708 False
0.694642 0.243147 -0.151193 False
0.695889 0.242956 -0.151932 False
0.696081 0.243729 -0.151338 False
