0.339651 0.012713 -0.494263 False
0.467172 0.060940 -0.426603 False
0.666169 0.132606 -0.322615 False
0.726309 0.150873 -0.294332 False
0.738379 0.152394 -0.289791 False
0.737869 0.151937 -0.290646 False
0.735193 0.150205 -0.291811 False
0.733395 0.149825 -0.292276 False
0.732543 0.149803 -0.292698 False
0.732435 0.149958 -0.292526 False
0.731356 0.150063 -0.292528 False
0.729489 0.149085 -0.292993 False
0.722095 0.141931 -0.295085 False
0.699939 0.119995 -0.300987 False
0.700610 0.122912 -0.302241 False
0.723017 0.143167 -0.295581 False
0.730431 0.148881 -0.293438 False
0.732389 0.149831 -0.292778 False
0.732874 0.149546 -0.293058 False
0.731834 0.150476 -0.293534 False
0.731427 0.151709 -0.293647 False
0.731334 0.153653 -0.293567 False
0.731114 0.151865 -0.293900 False
0.731049 0.151284 -0.293499 False
0.730902 0.151109 -0.293630 False
0.730887 0.150985 -0.293487 False
0.730668 0.150805 -0.293740 False
0.730892 0.153374 -0.293942 False
0.730789 0.151974 -0.294317 False
0.731317 0.151999 -0.294545 False
0.731507 0.153365 -0.294074 False
0.732341 0.150262 -0.293026 False
0.732995 0.148302 -0.291942 False
0.733436 0.147363 -0.291919 False
0.733808 0.147816 -0.292022 False
0.733761 0.147977 -0.292129 False
0.733880 0.148063 -0.292539 False
0.733904 0.148430 -0.292146 False
0.733981 0.151069 -0.292068 False
0.734654 0.149777 -0.292074 False
0.733645 0.151729 -0.292185 False
0.733881 0.149260 -0.293115 False
0.733132 0.149576 -0.293238 False
0.732950 0.150433 -0.293357 False
0.732609 0.153137 -0.293679 False
0.732594 0.151526 -0.293184 False
0.732477 0.154151 -0.292683 False
0.731374 0.155976 -0.292368 False
0.731135 0.154990 -0.292289 False
0.732929 0.151341 -0.292304 False
0.733190 0.153080 -0.292605 False
0.732945 0.150455 -0.292905 False
0.733197 0.149709 -0.292549 False
0.732465 0.149422 -0.292854 False
0.732704 0.148854 -0.292480 False
0.732465 0.148623 -0.292710 False
0.732550 0.149376 -0.293048 False
0.732413 0.149567 -0.292730 False
0.732342 0.149582 -0.292559 False
0.732217 0.149499 -0.292290 False
0.732492 0.149432 -0.292526 False
0.732837 0.151183 -0.292643 False
0.732806 0.153033 -0.293075 False
0.732332 0.153534 -0.293097 False
0.731848 0.153860 -0.293040 False
0.730981 0.154879 -0.292832 False
0.731777 0.155153 -0.292896 False
0.732248 0.156697 -0.292919 False
0.732732 0.155529 -0.293017 False
0.732173 0.154362 -0.292649 False
0.732131 0.151388 -0.292821 False
0.732432 0.152777 -0.293335 False
0.732629 0.152747 -0.292826 False
0.733590 0.151083 -0.292658 False
0.732994 0.152854 -0.292386 False
0.732730 0.153085 -0.292568 False
0.732246 0.152014 -0.292730 False
0.732592 0.152465 -0.293031 False
0.732364 0.150453 -0.292767 False
0.732019 0.149636 -0.292629 False
0.732293 0.150472 -0.292544 False
0.733365 0.153357 -0.292388 False
0.732957 0.151785 -0.292937 False
0.733114 0.154014 -0.292970 False
0.733004 0.151359 -0.292968 False
0.733074 0.152209 -0.292499 False
0.733471 0.150271 -0.292825 False
0.732968 0.150098 -0.293518 False
0.731926 0.151140 -0.293721 False
0.731761 0.152544 -0.293689 False
0.732294 0.156296 -0.293464 False
0.733252 0.152446 -0.293676 False
0.732767 0.150857 -0.293655 False
0.732496 0.150739 -0.293423 False
0.732150 0.150076 -0.293413 False
0.732305 0.150352 -0.293552 False
0.732098 0.150550 -0.293286 False
0.731829 0.151471 -0.293141 False
0.732201 0.153701 -0.293931 False
0.732366 0.152463 -0.293768 False
0.732809 0.153492 -0.293470 False
0.732713 0.150738 -0.293549 False
0.732832 0.150686 -0.293350 False
0.732967 0.150407 -0.293288 False
0.732706 0.150477 -0.293350 False
0.732228 0.151014 -0.293544 False
0.732136 0.151407 -0.293264 False
0.732280 0.153390 -0.292853 False
0.732015 0.151154 -0.292907 False
0.732165 0.150559 -0.293423 False
0.732121 0.150867 -0.293305 False
0.731706 0.152421 -0.293365 False
0.731660 0.151443 -0.293621 False
0.731573 0.152545 -0.293662 False
0.731307 0.151745 -0.293505 False
0.731420 0.151164 -0.293663 False
0.731572 0.150676 -0.293762 False
0.730917 0.151111 -0.293661 False
0.730700 0.151442 -0.293371 False
0.731053 0.152185 -0.293502 False
0.731472 0.151435 -0.293394 False
0.731544 0.151146 -0.293583 False
0.731483 0.150810 -0.293401 False
0.731102 0.150974 -0.293592 False
0.730524 0.150590 -0.293661 False
0.731441 0.150683 -0.293725 False
0.732556 0.150431 -0.293667 False
0.732615 0.150368 -0.293636 False
0.731955 0.150446 -0.293542 False
0.731709 0.150867 -0.293316 False
0.732700 0.152245 -0.293466 False
0.732137 0.150664 -0.293449 False
0.731623 0.151129 -0.294007 False
0.731565 0.151737 -0.293968 False
0.731387 0.151919 -0.294132 False
0.732117 0.152065 -0.293726 False
0.731700 0.152526 -0.293475 False
0.731340 0.152611 -0.293909 False
0.731380 0.152676 -0.294548 False
0.730950 0.155786 -0.294354 False
0.730993 0.152529 -0.294284 False
0.731334 0.151955 -0.293938 False
0.731335 0.151754 -0.293707 False
0.731644 0.151385 -0.293613 False
0.731499 0.151650 -0.293400 False
0.731175 0.151415 -0.293649 False
0.731618 0.151822 -0.293733 False
0.731413 0.152019 -0.293735 False
0.732139 0.152298 -0.293773 False
0.731425 0.151613 -0.293806 False
0.731150 0.151986 -0.294019 False
0.730938 0.152560 -0.293851 False
0.731618 0.152564 -0.293762 False
0.731509 0.152090 -0.293711 False
0.731152 0.151977 -0.293780 False
0.731339 0.152038 -0.294119 False
0.731659 0.152271 -0.294146 False
0.732367 0.151450 -0.294619 False
0.731725 0.151358 -0.294452 False
0.731557 0.151721 -0.294344 False
0.731288 0.151723 -0.294281 False
0.731367 0.151931 -0.294169 False
0.731593 0.153637 -0.293819 False
0.731709 0.151790 -0.293909 False
0.731561 0.151114 -0.294252 False
0.731261 0.150614 -0.294323 False
0.731478 0.151019 -0.294296 False
0.731442 0.151278 -0.294185 False
0.731239 0.151743 -0.293745 False
0.731539 0.151609 -0.293554 False
0.731811 0.151130 -0.294104 False
0.731618 0.150639 -0.294119 False
0.731819 0.150991 -0.293782 False
0.731587 0.151110 -0.293722 False
0.731689 0.151242 -0.293803 False
0.731824 0.151727 -0.294166 False
0.731486 0.153395 -0.294275 False
0.731289 0.153177 -0.294384 False
0.730989 0.152224 -0.294595 False
0.730843 0.151831 -0.294056 False
0.731404 0.151327 -0.293979 False
0.731220 0.151217 -0.294304 False
0.731478 0.151276 -0.294329 False
0.731903 0.151654 -0.294379 False
0.731714 0.151436 -0.294316 False
0.732027 0.151812 -0.294244 False
0.731928 0.151868 -0.293953 False
0.732059 0.151662 -0.294139 False
0.731799 0.151291 -0.294903 False
0.731334 0.151296 -0.294515 False
0.731274 0.151643 -0.294331 False
0.731993 0.151317 -0.294331 False
0.732228 0.151201 -0.294367 False
0.731755 0.151326 -0.294386 False
0.731836 0.151911 -0.294372 False
0.731536 0.152335 -0.294324 False
0.731513 0.151729 -0.294250 False
0.731704 0.151435 -0.294046 False
0.731429 0.151906 -0.294258 False
0.731179 0.152305 -0.294291 False
0.730485 0.151711 -0.294224 False
0.730822 0.151941 -0.293993 False
0.731817 0.152195 -0.294083 False
0.730932 0.151798 -0.294143 False
0.730726 0.151687 -0.294023 False
0.730572 0.151604 -0.294287 False
0.730675 0.151456 -0.294525 False
0.730610 0.151589 -0.294087 False
0.730871 0.151558 -0.294270 False
0.731750 0.151293 -0.294247 False
0.731000 0.151216 -0.293918 False
0.731040 0.151370 -0.293946 False
0.730904 0.151643 -0.294239 False
0.730899 0.151576 -0.294019 False
0.730795 0.152101 -0.294217 False
0.730946 0.152469 -0.294267 False
0.731099 0.153221 -0.294222 False
0.730744 0.151935 -0.294064 False
0.730256 0.151911 -0.294428 False
0.729303 0.151945 -0.295037 False
0.730433 0.151499 -0.294521 False
0.731196 0.151547 -0.294314 False
0.731009 0.152169 -0.294262 False
0.731519 0.152142 -0.294020 False
0.730527 0.152427 -0.294295 False
0.730491 0.151922 -0.294603 False
0.730633 0.151385 -0.294212 False
0.731084 0.151518 -0.294027 False
0.730795 0.152039 -0.294124 False
0.731016 0.151619 -0.293890 False
0.730739 0.151798 -0.294116 False
0.730970 0.151930 -0.293992 False
0.731965 0.151841 -0.294203 False
0.731121 0.151537 -0.294219 False
0.730389 0.151705 -0.294347 False
0.730301 0.151484 -0.294377 False
0.730157 0.152052 -0.294419 False
0.730478 0.152281 -0.294612 False
0.730858 0.151945 -0.294381 False
0.730721 0.151718 -0.294277 False
0.730763 0.152468 -0.294134 False
0.731188 0.152684 -0.293522 False
0.730992 0.152724 -0.293555 False
0.731338 0.152722 -0.293811 False
0.731058 0.152716 -0.294239 False
0.730789 0.152717 -0.294405 False
0.730657 0.152734 -0.294583 False
0.730508 0.152799 -0.294568 False
0.730485 0.152971 -0.294417 False
0.730589 0.152317 -0.294422 False
0.730552 0.152526 -0.294606 False
0.730723 0.152349 -0.294737 False
0.730721 0.152245 -0.294581 False
0.730704 0.151765 -0.294849 False
0.730679 0.152325 -0.294995 False
0.731005 0.152485 -0.295193 False
0.731037 0.151978 -0.294802 False
0.730651 0.151573 -0.294154 False
0.730577 0.151787 -0.294240 False
0.730330 0.151806 -0.294627 False
0.730610 0.151527 -0.294530 False
0.730604 0.152038 -0.295142 False
0.730874 0.151515 -0.295003 False
0.731429 0.151399 -0.294925 False
0.730632 0.151746 -0.294740 False
0.730402 0.151715 -0.294881 False
0.730486 0.151754 -0.294919 False
0.730573 0.151983 -0.294645 False
0.730608 0.151886 -0.294889 False
0.730796 0.153018 -0.295090 False
0.731063 0.152824 -0.295504 False
0.730804 0.152673 -0.294726 False
0.730643 0.152572 -0.294570 False
0.730464 0.152128 -0.294829 False
0.730482 0.151973 -0.294944 False
0.731324 0.152025 -0.294613 False
0.732024 0.152137 -0.294653 False
0.731347 0.152152 -0.294438 False
0.730592 0.152112 -0.294419 False
0.730440 0.152455 -0.294461 False
0.730441 0.152168 -0.294440 False
0.730537 0.152150 -0.294516 False
0.731118 0.152045 -0.294799 False
0.731131 0.151696 -0.294624 False
0.730778 0.152205 -0.294830 False
0.730962 0.152103 -0.294649 False
0.731505 0.152121 -0.294885 False
0.730817 0.152009 -0.294525 False
0.730546 0.152112 -0.294410 False
0.730463 0.152130 -0.294401 False
0.730427 0.152556 -0.294439 False
0.730273 0.152835 -0.294624 False
0.730465 0.152104 -0.294844 False
0.730265 0.152400 -0.294826 False
0.730450 0.152548 -0.294522 False
0.730258 0.152284 -0.294426 False
0.730660 0.152252 -0.294424 False
0.731101 0.152406 -0.294509 False
0.730903 0.152433 -0.294780 False
0.731390 0.152211 -0.294617 False
0.731144 0.152060 -0.294469 False
0.731971 0.152118 -0.294485 False
0.731248 0.152126 -0.294728 False
0.731323 0.152547 -0.294589 False
0.731047 0.152958 -0.294882 False
0.730601 0.151896 -0.294894 False
0.730452 0.152089 -0.294833 False
0.730452 0.152172 -0.294599 False
0.730567 0.152175 -0.294832 False
0.731196 0.151631 -0.294886 False
0.730782 0.151857 -0.294814 False
0.730917 0.152101 -0.294523 False
0.731581 0.153137 -0.294533 False
0.731747 0.151917 -0.294875 False
0.731351 0.151935 -0.295014 False
0.731198 0.152116 -0.295267 False
0.730855 0.152183 -0.294948 False
0.730731 0.152232 -0.295270 False
0.730778 0.152327 -0.294991 False
0.730514 0.152084 -0.294841 False
0.730425 0.151680 -0.294668 False
0.730516 0.152182 -0.295218 False
0.730716 0.152191 -0.296312 False
0.730635 0.152488 -0.295696 False
0.730435 0.153333 -0.295300 False
0.730732 0.156849 -0.295470 False
0.731433 0.157990 -0.294789 False
0.730805 0.153658 -0.294803 False
0.730714 0.153815 -0.294667 False
0.731127 0.153387 -0.294705 False
0.731407 0.155051 -0.294956 False
0.730589 0.152914 -0.294651 False
0.730475 0.152659 -0.294612 False
0.730927 0.152545 -0.294537 False
0.730960 0.154463 -0.294842 False
0.730580 0.158497 -0.294608 False
0.730402 0.158411 -0.294570 False
0.730179 0.154143 -0.294735 False
0.730231 0.152829 -0.294942 False
0.729991 0.154286 -0.294581 False
0.730204 0.155330 -0.294465 False
0.731278 0.152997 -0.294465 False
0.730372 0.152875 -0.294704 False
0.730399 0.152799 -0.294485 False
0.730374 0.152870 -0.294471 False
0.730221 0.153159 -0.294466 False
0.730478 0.153215 -0.294573 False
0.731016 0.153806 -0.294660 False
0.731565 0.152863 -0.294662 False
0.731764 0.153761 -0.294661 False
0.730711 0.153181 -0.294719 False
0.730523 0.152259 -0.294860 False
0.730706 0.152120 -0.294641 False
0.730903 0.152635 -0.294561 False
0.730263 0.152604 -0.294438 False
0.730433 0.152951 -0.294609 False
0.729937 0.153332 -0.294855 False
0.730203 0.153234 -0.294726 False
0.730125 0.153676 -0.294645 False
0.729956 0.152427 -0.294601 False
0.730129 0.152184 -0.294607 False
0.730283 0.152421 -0.294714 False
0.730600 0.152042 -0.294906 False
0.730304 0.153642 -0.294798 False
0.730820 0.153412 -0.294934 False
0.731152 0.152641 -0.294910 False
0.730220 0.152108 -0.294805 False
0.730223 0.152071 -0.294494 False
0.730422 0.152760 -0.294589 False
0.730638 0.153058 -0.294763 False
0.731080 0.152268 -0.294604 False
0.730152 0.152123 -0.294627 False
0.729927 0.152500 -0.294547 False
0.730177 0.152341 -0.294394 False
0.731190 0.152980 -0.294360 False
0.730955 0.154040 -0.294453 False
0.731009 0.154119 -0.294542 False
0.730888 0.153605 -0.294576 False
0.730398 0.153687 -0.294498 False
0.730125 0.157727 -0.294587 False
0.730269 0.156436 -0.294664 False
0.730260 0.154085 -0.294768 False
0.730374 0.154385 -0.295161 False
0.731550 0.153160 -0.294658 False
0.731945 0.152755 -0.294556 False
0.730869 0.152170 -0.294531 False
0.730387 0.152217 -0.294863 False
0.730501 0.151932 -0.294622 False
0.730386 0.152476 -0.294581 False
0.730248 0.152245 -0.294921 False
0.730331 0.152657 -0.295185 False
0.730985 0.152715 -0.294837 False
0.730792 0.152741 -0.295037 False
0.730802 0.152839 -0.295250 False
0.731311 0.152636 -0.294784 False
0.730833 0.153884 -0.294644 False
0.730539 0.152545 -0.294652 False
0.730708 0.152752 -0.294612 False
0.730444 0.155618 -0.294549 False
0.730324 0.154452 -0.294888 False
0.730446 0.156050 -0.294713 False
0.730151 0.152688 -0.294738 False
0.729846 0.153236 -0.294537 False
0.730165 0.155523 -0.294625 False
0.729925 0.158751 -0.294831 False
0.730005 0.158428 -0.294848 False
0.730110 0.154187 -0.294497 False
0.730806 0.153409 -0.294517 False
0.730746 0.154227 -0.294542 False
0.730352 0.153105 -0.294522 False
0.730229 0.152627 -0.294510 False
0.730290 0.152216 -0.294582 False
0.730131 0.152652 -0.294639 False
0.729818 0.152673 -0.294548 False
0.730160 0.152693 -0.294886 False
0.730570 0.152884 -0.295008 False
0.731243 0.153460 -0.294701 False
0.730599 0.157072 -0.294713 False
0.730690 0.153914 -0.295004 False
0.730412 0.152941 -0.294879 False
0.730638 0.152709 -0.295011 False
0.730860 0.153804 -0.294749 False
0.730575 0.157140 -0.294680 False
0.730571 0.153966 -0.294882 False
0.730909 0.153159 -0.294955 False
0.731874 0.154098 -0.294697 False
0.730646 0.158325 -0.294624 False
0.730519 0.158161 -0.294561 False
0.730623 0.153308 -0.294531 False
0.730553 0.152161 -0.294654 False
0.731349 0.153811 -0.294764 False
0.731658 0.154559 -0.295255 False
0.732307 0.155641 -0.295393 False
0.732746 0.154614 -0.296118 False
0.731454 0.157493 -0.295731 False
0.730664 0.155541 -0.295262 False
0.730857 0.160971 -0.295275 False
0.731145 0.156020 -0.295083 False
0.730905 0.154267 -0.295135 False
0.731031 0.154693 -0.295303 False
0.731036 0.154081 -0.295179 False
0.731448 0.152974 -0.295069 False
0.731023 0.152865 -0.294948 False
0.730843 0.153770 -0.295045 False
0.730847 0.155871 -0.295144 False
0.729878 0.159462 -0.294802 False
0.729670 0.158814 -0.294988 False
0.730577 0.154790 -0.294879 False
0.730532 0.154197 -0.294905 False
0.730127 0.157472 -0.294673 False
0.730421 0.155676 -0.294897 False
0.730780 0.160131 -0.295371 False
0.730299 0.158860 -0.295436 False
0.730850 0.154980 -0.295366 False
0.730959 0.157823 -0.295074 False
0.730904 0.154202 -0.295093 False
0.730639 0.154125 -0.295035 False
0.730267 0.155963 -0.294824 False
0.729956 0.154767 -0.295820 False
0.730152 0.157722 -0.296114 False
0.730537 0.155867 -0.295456 False
0.731141 0.159018 -0.295519 False
0.732117 0.157930 -0.295683 False
0.731614 0.158805 -0.296157 False
0.731422 0.154782 -0.295654 False
0.730930 0.153627 -0.295228 False
0.730922 0.153350 -0.295082 False
0.731728 0.153177 -0.294970 False
0.730826 0.154021 -0.295077 False
0.730953 0.154018 -0.295055 False
0.731229 0.153151 -0.294985 False
0.730505 0.153342 -0.295294 False
0.730379 0.153502 -0.295247 False
0.730717 0.155394 -0.295362 False
0.731124 0.154391 -0.295240 False
0.730778 0.155228 -0.295357 False
0.731280 0.156707 -0.295318 False
0.730856 0.154618 -0.295075 False
0.730702 0.156430 -0.295301 False
0.731030 0.154250 -0.295235 False
0.731225 0.155209 -0.295314 False
0.730903 0.153193 -0.295266 False
0.730473 0.154170 -0.295480 False
0.730522 0.153899 -0.295544 False
0.730832 0.154550 -0.295407 False
0.731025 0.155459 -0.295198 False
0.730993 0.153595 -0.295206 False
0.731914 0.153994 -0.295392 False
0.732689 0.157135 -0.295376 False
0.732017 0.157310 -0.295238 False
0.730927 0.154931 -0.295298 False
0.730718 0.154838 -0.295160 False
0.730725 0.157932 -0.295239 False
0.730838 0.156657 -0.295468 False
0.730945 0.155442 -0.295655 False
0.730766 0.158671 -0.295636 False
0.730773 0.158706 -0.295374 False
0.731339 0.153810 -0.295033 False
0.731453 0.153664 -0.295074 False
0.730890 0.157893 -0.295153 False
0.731085 0.155484 -0.295379 False
0.731239 0.153482 -0.295353 False
0.731236 0.153495 -0.295176 False
0.731063 0.153815 -0.295161 False
0.730802 0.153196 -0.295262 False
0.730779 0.153995 -0.295649 False
0.730874 0.157203 -0.295284 False
0.730915 0.154032 -0.295451 False
0.731237 0.153467 -0.295492 False
0.730854 0.153345 -0.295216 False
0.730966 0.154861 -0.295369 False
0.730762 0.155579 -0.295462 False
0.730649 0.153473 -0.295438 False
0.730866 0.152846 -0.295432 False
0.730630 0.152816 -0.295427 False
0.730755 0.153514 -0.295223 False
0.730967 0.155905 -0.295090 False
0.731195 0.156134 -0.295008 False
0.730695 0.154550 -0.294986 False
0.730707 0.153255 -0.295102 False
0.731207 0.153368 -0.295328 False
0.732293 0.153346 -0.295474 False
0.731115 0.153018 -0.295812 False
0.730828 0.153304 -0.295712 False
0.731182 0.153190 -0.295510 False
0.730842 0.153837 -0.295472 False
0.731103 0.153189 -0.295366 False
0.731162 0.153210 -0.295163 False
0.731425 0.152361 -0.295124 False
0.731226 0.152492 -0.295013 False
0.730445 0.152217 -0.294817 False
0.730865 0.152609 -0.295114 False
0.730736 0.152717 -0.294884 False
0.730763 0.152601 -0.295391 False
0.731427 0.152868 -0.296368 False
0.731938 0.153229 -0.295699 False
0.731199 0.152878 -0.295352 False
0.730880 0.152886 -0.295501 False
0.731357 0.153093 -0.294744 False
0.731127 0.154086 -0.294993 False
0.731766 0.154847 -0.295059 False
0.731172 0.158711 -0.295067 False
0.731001 0.155985 -0.295043 False
0.730983 0.154628 -0.294924 False
0.730827 0.154485 -0.295053 False
0.730872 0.158109 -0.295078 False
0.731112 0.153969 -0.295048 False
0.730825 0.152968 -0.294945 False
0.730417 0.153674 -0.295134 False
0.730419 0.153169 -0.295425 False
0.730117 0.153800 -0.295232 False
0.730172 0.153439 -0.295108 False
0.730315 0.154718 -0.295048 False
0.730896 0.156592 -0.295029 False
0.730580 0.154458 -0.295104 False
0.730068 0.154948 -0.295290 False
0.730340 0.155950 -0.295573 False
0.730625 0.155554 -0.295652 False
0.731635 0.157583 -0.295224 False
0.731601 0.154809 -0.295134 False
0.730984 0.156915 -0.295175 False
0.730721 0.159868 -0.295358 False
0.730248 0.158820 -0.294893 False
0.730023 0.155482 -0.295091 False
0.730365 0.159418 -0.295361 False
0.730809 0.158905 -0.295017 False
0.731353 0.156040 -0.295056 False
0.730574 0.155947 -0.295025 False
0.730442 0.160062 -0.294882 False
0.730832 0.160804 -0.294873 False
0.730695 0.156415 -0.295006 False
0.730904 0.159039 -0.295076 False
0.731996 0.157212 -0.295053 False
0.731800 0.160100 -0.294940 False
0.730989 0.160042 -0.295055 False
0.731127 0.159723 -0.295078 False
0.731701 0.157231 -0.295142 False
0.731156 0.155900 -0.295108 False
0.731014 0.153467 -0.295083 False
0.730948 0.153704 -0.295095 False
0.730509 0.156917 -0.295084 False
0.730725 0.157443 -0.295023 False
0.731199 0.159128 -0.294839 False
0.731317 0.158371 -0.294825 False
0.731566 0.154074 -0.294907 False
0.730685 0.153701 -0.295025 False
0.730084 0.158372 -0.295184 False
0.730017 0.159544 -0.295461 False
0.730203 0.158684 -0.295213 False
0.730403 0.154429 -0.295116 False
0.730975 0.152343 -0.295058 False
0.731122 0.152046 -0.294907 False
0.730669 0.152490 -0.294961 False
0.730222 0.152624 -0.295216 False
0.730122 0.152425 -0.295143 False
0.730018 0.153569 -0.295100 False
0.730125 0.155080 -0.295080 False
0.730212 0.157603 -0.295052 False
0.730152 0.154477 -0.295061 False
0.730781 0.153377 -0.295098 False
0.731183 0.154258 -0.295147 False
0.731823 0.155443 -0.295089 False
0.731018 0.158363 -0.294984 False
0.730781 0.154066 -0.294720 False
0.731039 0.154437 -0.294873 False
0.731213 0.154821 -0.295197 False
0.731488 0.158553 -0.295715 False
0.731056 0.155667 -0.295584 False
0.731015 0.155439 -0.295449 False
0.732323 0.157395 -0.295149 False
0.731707 0.153735 -0.294927 False
0.730976 0.153919 -0.294983 False
0.730416 0.153507 -0.294964 False
0.730357 0.153317 -0.295034 False
0.730290 0.152900 -0.295042 False
0.730090 0.153180 -0.295401 False
0.730501 0.154737 -0.295160 False
0.731022 0.156812 -0.295086 False
0.730448 0.155032 -0.295543 False
0.730561 0.152858 -0.295112 False
0.731147 0.153515 -0.295045 False
0.730998 0.155219 -0.294878 False
0.731238 0.159090 -0.294881 False
0.730598 0.160590 -0.295073 False
0.730857 0.158902 -0.295297 False
0.730591 0.154444 -0.295894 False
0.730553 0.152670 -0.295316 False
0.730529 0.153777 -0.295132 False
0.731149 0.158017 -0.295077 False
0.731108 0.154304 -0.295015 False
0.731894 0.153692 -0.294901 False
0.731274 0.154043 -0.295017 False
0.731200 0.154239 -0.295056 False
0.731062 0.154779 -0.295089 False
0.730814 0.158424 -0.295198 False
0.730784 0.158713 -0.295536 False
0.730879 0.156762 -0.295956 False
0.730356 0.162430 -0.295235 False
0.729885 0.164417 -0.295277 False
0.730204 0.159500 -0.295678 False
0.730296 0.160362 -0.295220 False
0.730680 0.158669 -0.294982 False
0.730935 0.154099 -0.295090 False
0.732562 0.152587 -0.295157 False
0.731773 0.152083 -0.294705 False
0.731754 0.152247 -0.294896 False
0.730955 0.151566 -0.294877 False
0.730622 0.151921 -0.295019 False
0.730566 0.152464 -0.295088 False
0.730785 0.153861 -0.295177 False
0.730802 0.152245 -0.295372 False
0.730830 0.152416 -0.295046 False
0.731137 0.152017 -0.295100 False
0.731806 0.151914 -0.295210 False
0.731180 0.152698 -0.294956 False
0.731351 0.153700 -0.295077 False
0.730996 0.155125 -0.295147 False
0.730102 0.157554 -0.294615 False
0.730381 0.154090 -0.295361 False
0.730739 0.152870 -0.295475 False
0.730827 0.152261 -0.295100 False
0.731464 0.152656 -0.295308 False
0.730957 0.152752 -0.295417 False
0.731252 0.152926 -0.295052 False
0.731738 0.153276 -0.295074 False
0.731646 0.153103 -0.295072 False
0.731111 0.153509 -0.295093 False
0.730646 0.154020 -0.295073 False
0.730364 0.155392 -0.294944 False
0.730761 0.153604 -0.295034 False
0.731295 0.153900 -0.295070 False
0.730774 0.153553 -0.295088 False
0.730795 0.155330 -0.295168 False
0.730889 0.154291 -0.295401 False
0.731676 0.155188 -0.295203 False
0.730856 0.157792 -0.295096 False
0.730816 0.155497 -0.295037 False
0.731387 0.155504 -0.294904 False
0.731023 0.153787 -0.294965 False
0.730655 0.157488 -0.294901 False
0.729985 0.158164 -0.295016 False
0.728498 0.165424 -0.295045 False
0.722522 0.193971 -0.295585 False
0.728749 0.164885 -0.295673 False
0.730245 0.156603 -0.295512 False
0.730669 0.160255 -0.295466 False
0.730668 0.157980 -0.295406 False
0.730418 0.157463 -0.294549 False
0.730511 0.159427 -0.294593 False
0.730640 0.156466 -0.295745 False
0.730095 0.161994 -0.300407 False
0.729400 0.177943 -0.314693 False
0.729082 0.160681 -0.301044 False
0.729569 0.158945 -0.296307 False
0.730564 0.156987 -0.296042 False
0.731848 0.156452 -0.295490 False
0.730769 0.157316 -0.295297 False
0.730219 0.154249 -0.295162 False
0.729940 0.155559 -0.295355 False
0.730051 0.155332 -0.295494 False
0.729925 0.156558 -0.295773 False
0.730456 0.162931 -0.296197 False
0.731807 0.163152 -0.295781 False
0.730471 0.162387 -0.294993 False
0.729587 0.159509 -0.295488 False
0.729660 0.156962 -0.294983 False
0.730504 0.153948 -0.295186 False
0.730367 0.156153 -0.295111 False
0.730605 0.154155 -0.295979 False
0.730879 0.156065 -0.295563 False
0.730365 0.158545 -0.295181 False
0.730836 0.159352 -0.295363 False
0.731370 0.155296 -0.295481 False
0.731977 0.158539 -0.295710 False
0.731401 0.155620 -0.295636 False
0.731176 0.155457 -0.295916 False
0.730593 0.156216 -0.295841 False
0.730941 0.155719 -0.295298 False
0.730568 0.153022 -0.295109 False
0.730136 0.153144 -0.294945 False
0.730393 0.154254 -0.294736 False
0.730601 0.153239 -0.294733 False
0.730652 0.152939 -0.295012 False
0.730715 0.152906 -0.295050 False
0.730488 0.153021 -0.295368 False
0.730133 0.153306 -0.295489 False
0.730792 0.152972 -0.295532 False
0.731191 0.151999 -0.295136 False
0.731049 0.152346 -0.294822 False
0.730994 0.152283 -0.295083 False
0.731165 0.153345 -0.295341 False
0.731880 0.155698 -0.295337 False
0.731170 0.153957 -0.295074 False
0.730759 0.154966 -0.295099 False
0.730982 0.160555 -0.295583 False
0.731070 0.154771 -0.295923 False
0.730989 0.154948 -0.296033 False
0.732021 0.155707 -0.295886 False
0.731128 0.156555 -0.295598 False
0.731263 0.160190 -0.295605 False
0.730507 0.155345 -0.295399 False
0.730406 0.156583 -0.295704 False
0.730732 0.157599 -0.295803 False
0.731172 0.153501 -0.295413 False
0.732284 0.153263 -0.295031 False
0.731375 0.154256 -0.295049 False
0.730622 0.154510 -0.295641 False
0.730885 0.161231 -0.295609 False
0.731092 0.161009 -0.295835 False
0.730680 0.155381 -0.295509 False
0.730619 0.155655 -0.295020 False
0.731136 0.156374 -0.294768 False
0.731747 0.158318 -0.295227 False
0.732108 0.157066 -0.295049 False
0.732039 0.158568 -0.295061 False
0.731968 0.162072 -0.295329 False
0.730880 0.157654 -0.295396 False
0.730544 0.157012 -0.295373 False
0.730585 0.159177 -0.295270 False
0.731105 0.156690 -0.295532 False
0.731154 0.157867 -0.295969 False
0.730792 0.159825 -0.295671 False
0.731043 0.156312 -0.295671 False
0.731560 0.158811 -0.294911 False
0.730965 0.155929 -0.294815 False
0.730726 0.156635 -0.294587 False
0.730837 0.156095 -0.294848 False
0.730479 0.159359 -0.294895 False
0.730295 0.157618 -0.294770 False
0.730943 0.155617 -0.294339 False
0.731349 0.154933 -0.294424 False
0.730523 0.155652 -0.295142 False
0.730465 0.154137 -0.295229 False
0.730532 0.153959 -0.294756 False
0.730408 0.153309 -0.294507 False
0.730596 0.154379 -0.294554 False
0.730952 0.155614 -0.294627 False
0.731022 0.156152 -0.294760 False
0.731433 0.157085 -0.295192 False
0.731394 0.158540 -0.295026 False
0.731283 0.156589 -0.295175 False
0.730559 0.154399 -0.295381 False
0.730520 0.153958 -0.295428 False
0.730275 0.158489 -0.295380 False
0.730332 0.157819 -0.295099 False
0.730707 0.156937 -0.295092 False
0.730789 0.154651 -0.295321 False
0.730667 0.154976 -0.295333 False
0.730455 0.153668 -0.295136 False
0.730706 0.155390 -0.295353 False
0.730568 0.154520 -0.295413 False
0.730496 0.155709 -0.295414 False
0.730554 0.154775 -0.295358 False
0.730557 0.154733 -0.295160 False
0.730735 0.155550 -0.295385 False
0.730974 0.153928 -0.295508 False
0.730912 0.154623 -0.295144 False
0.730542 0.154861 -0.295156 False
0.730756 0.154381 -0.295314 False
0.731553 0.154260 -0.295148 False
0.732089 0.154104 -0.295334 False
0.731484 0.153726 -0.295311 False
0.731515 0.155795 -0.295040 False
0.731493 0.155977 -0.294995 False
0.732229 0.156587 -0.295133 False
0.730967 0.156443 -0.295626 False
0.730702 0.153688 -0.295237 False
0.730989 0.153178 -0.295317 False
0.731180 0.154500 -0.295088 False
0.730810 0.156588 -0.294996 False
0.730331 0.156490 -0.295040 False
0.730422 0.157262 -0.295266 False
0.730455 0.157156 -0.295149 False
0.730833 0.156286 -0.295332 False
0.731081 0.154503 -0.295128 False
0.730716 0.153508 -0.294952 False
0.730357 0.154917 -0.295067 False
0.730356 0.157478 -0.295106 False
0.730299 0.154264 -0.295087 False
0.730862 0.153840 -0.295197 False
0.730378 0.153218 -0.295386 False
0.730509 0.153875 -0.295076 False
0.731065 0.153363 -0.293005 False
0.734450 0.153963 -0.284491 False
0.741624 0.153791 -0.258309 False
0.733942 0.155272 -0.284320 False
0.731281 0.153346 -0.292785 False
0.730659 0.152293 -0.294939 False
0.730418 0.152481 -0.295280 False
0.730503 0.154019 -0.295253 False
0.730949 0.153160 -0.295208 False
0.730407 0.152612 -0.295115 False
0.730605 0.152016 -0.294962 False
0.730690 0.153420 -0.294878 False
0.730209 0.153372 -0.294904 False
0.730540 0.152854 -0.295028 False
0.731082 0.152704 -0.294997 False
0.731136 0.153074 -0.295107 False
0.730724 0.154231 -0.295054 False
0.730388 0.157357 -0.295127 False
0.730199 0.154598 -0.294927 False
0.730772 0.156013 -0.294944 False
0.730746 0.155698 -0.295179 False
0.730465 0.152869 -0.295010 False
0.730515 0.152012 -0.295130 False
0.730421 0.151895 -0.295232 False
0.730661 0.152198 -0.294933 False
0.731394 0.153341 -0.294818 False
0.731182 0.155248 -0.294908 False
0.731042 0.153697 -0.294975 False
0.730818 0.154064 -0.294941 False
0.730497 0.153919 -0.295089 False
0.730440 0.155051 -0.295189 False
0.730626 0.152633 -0.295248 False
0.730006 0.153275 -0.295008 False
0.730030 0.155778 -0.294935 False
0.730343 0.155912 -0.295240 False
0.730675 0.153754 -0.295089 False
0.730889 0.153668 -0.295219 False
0.730743 0.155470 -0.294945 False
0.730494 0.154464 -0.294714 False
0.730507 0.153521 -0.294962 False
0.730449 0.153452 -0.295118 False
0.730927 0.155131 -0.295096 False
0.731928 0.153619 -0.294953 False
0.730772 0.155864 -0.294859 False
0.730485 0.156099 -0.294825 False
0.730376 0.154520 -0.294905 False
0.730372 0.153156 -0.294909 False
0.730436 0.152702 -0.294865 False
0.730503 0.154025 -0.294913 False
0.730480 0.152882 -0.295006 False
0.730119 0.152226 -0.295116 False
0.730353 0.152147 -0.295420 False
0.730446 0.152554 -0.295178 False
0.730524 0.152491 -0.295016 False
0.730651 0.151774 -0.295057 False
0.730282 0.152524 -0.294936 False
0.729957 0.152786 -0.295139 False
0.730325 0.154736 -0.294845 False
0.730121 0.152659 -0.295670 False
0.728216 0.153384 -0.298832 False
0.720886 0.155790 -0.306371 False
0.714827 0.172339 -0.315285 False
0.713356 0.178418 -0.318628 False
0.713616 0.183250 -0.323288 False
0.713791 0.178891 -0.324113 False
0.713980 0.178441 -0.323615 False
0.711317 0.184610 -0.320891 False
0.696737 0.201356 -0.318134 False
0.651035 0.237993 -0.310723 False
0.599943 0.253361 -0.319837 False
0.640086 0.185875 -0.422142 False
0.590285 0.166216 -0.413168 False
0.379027 0.163132 -0.274303 False
0.485479 0.169508 -0.356897 False
0.271124 0.191634 -0.222739 False
0.213337 0.193067 -0.185405 False
0.198394 0.157362 -0.170044 False
0.196920 0.147383 -0.168601 False
0.198318 0.147704 -0.169330 False
0.200224 0.145447 -0.169001 False
0.201906 0.145371 -0.169305 False
0.202512 0.146513 -0.170090 False
0.202077 0.146402 -0.170227 False
0.201633 0.145762 -0.170318 False
0.201543 0.146422 -0.170505 False
0.201536 0.145522 -0.170220 False
0.200718 0.145318 -0.169897 False
0.200141 0.145348 -0.169416 False
0.199494 0.146172 -0.168206 False
0.198424 0.147088 -0.167670 False
0.200287 0.148244 -0.168359 False
0.218361 0.152499 -0.178253 False
0.286483 0.148225 -0.221353 False
0.500919 0.147488 -0.361054 False
0.399579 0.115356 -0.283841 False
0.515290 0.158774 -0.367190 False
0.348890 0.182234 -0.247961 False
0.477531 0.180651 -0.339412 False
0.278766 0.193598 -0.190186 False
0.282210 0.190238 -0.187597 False
0.497546 0.158279 -0.349698 False
0.417595 0.114610 -0.291123 False
0.588225 0.153679 -0.415050 False
0.566987 0.179738 -0.403812 False
0.325113 0.236437 -0.236747 False
0.286975 0.260705 -0.197506 False
0.318350 0.223485 -0.202182 False
0.353677 0.177646 -0.197188 False
0.414731 0.129911 -0.218963 False
0.517630 0.147313 -0.348770 False
0.317593 0.142735 -0.225927 False
0.226132 0.165249 -0.187095 False
0.214231 0.186091 -0.211452 False
0.251301 0.205503 -0.263941 False
0.302291 0.186063 -0.327415 False
0.387727 0.095277 -0.418460 False
0.414585 0.070658 -0.447462 False
0.422320 0.066460 -0.467026 False
0.423061 0.066245 -0.477653 False
0.422533 0.069127 -0.482255 False
0.424698 0.083973 -0.484519 False
0.425634 0.133709 -0.493478 False
0.427209 0.140699 -0.495146 False
0.428723 0.162069 -0.494436 False
0.431882 0.142583 -0.490344 False
0.429820 0.159796 -0.492984 False
0.430959 0.140120 -0.491772 False
0.428604 0.152447 -0.496220 False
0.425780 0.152366 -0.496178 False
0.426542 0.151350 -0.495152 False
0.424781 0.150905 -0.496126 False
0.424274 0.150229 -0.496301 False
0.425204 0.149297 -0.495717 False
0.425570 0.148076 -0.495759 False
0.426479 0.143645 -0.495603 False
0.425462 0.144850 -0.494019 False
0.424579 0.152993 -0.485869 False
0.423934 0.171595 -0.459613 False
0.423898 0.160232 -0.478192 False
0.422530 0.175061 -0.472482 False
0.414604 0.188977 -0.455298 False
0.388027 0.195058 -0.428304 False
0.302743 0.222968 -0.363835 False
0.251893 0.223048 -0.313315 False
0.233238 0.210117 -0.275525 False
0.216838 0.181458 -0.236456 False
0.223988 0.154646 -0.207136 False
0.186687 0.145173 -0.166283 False
0.162938 0.138600 -0.137585 False
0.158195 0.135221 -0.128945 False
0.183417 0.136682 -0.143160 False
0.282847 0.142045 -0.208186 False
0.561325 0.154807 -0.399969 False
0.587820 0.147920 -0.407428 False
0.397542 0.119259 -0.241832 False
0.323867 0.186113 -0.161256 False
0.236522 0.218409 -0.120843 False
0.244101 0.199579 -0.100144 False
0.190615 0.174565 -0.138818 False
0.179386 0.176089 -0.160290 False
0.201649 0.182707 -0.196290 False
0.216477 0.131506 -0.174540 False
0.219909 0.116796 -0.164547 False
0.221349 0.116213 -0.161877 False
0.231964 0.112132 -0.170997 False
0.279054 0.103165 -0.228272 False
0.431981 0.063583 -0.419409 False
0.544118 0.033842 -0.480008 False
0.572762 0.053073 -0.473495 False
0.567255 0.158401 -0.399298 False
0.559683 0.256086 -0.319060 False
0.640187 0.223424 -0.322160 False
0.668905 0.198284 -0.329898 False
0.685339 0.192760 -0.339475 False
0.674664 0.177140 -0.340573 False
0.670098 0.179330 -0.338513 False
0.677574 0.201519 -0.329379 False
0.682609 0.214047 -0.316440 False
0.689908 0.169238 -0.309166 False
0.692618 0.157974 -0.306690 False
0.692560 0.154045 -0.306827 False
0.691003 0.155470 -0.306784 False
0.690251 0.160654 -0.305981 False
0.691050 0.159811 -0.307063 False
0.691562 0.158101 -0.306488 False
0.691917 0.165311 -0.306390 False
0.691371 0.158168 -0.307682 False
0.691428 0.156375 -0.307835 False
0.690697 0.155937 -0.307014 False
0.690779 0.155945 -0.307544 False
0.691292 0.160896 -0.306880 False
0.690843 0.159443 -0.307431 False
0.690879 0.155336 -0.307124 False
0.691266 0.156499 -0.307385 False
0.691348 0.155080 -0.307424 False
0.691067 0.154926 -0.306981 False
0.690096 0.154113 -0.307362 False
0.690186 0.154289 -0.306839 False
0.691047 0.154608 -0.307372 False
0.691110 0.157789 -0.306917 False
0.689803 0.165314 -0.306689 False
0.688701 0.157515 -0.307240 False
0.691005 0.155116 -0.307372 False
0.691712 0.154746 -0.307224 False
0.691615 0.155393 -0.306499 False
0.691753 0.154152 -0.307351 False
0.691796 0.154871 -0.307550 False
0.691240 0.160743 -0.306966 False
0.691099 0.166624 -0.307631 False
0.690253 0.159708 -0.307581 False
0.690031 0.156096 -0.307801 False
0.689891 0.156477 -0.307515 False
0.689988 0.154749 -0.307318 False
0.690337 0.155651 -0.306849 False
0.690829 0.157300 -0.306415 False
0.691049 0.156011 -0.306349 False
0.690555 0.156380 -0.306422 False
0.690023 0.159113 -0.306772 False
0.690566 0.156222 -0.306856 False
0.690408 0.160799 -0.306539 False
0.690173 0.165633 -0.306655 False
0.689809 0.155893 -0.306460 False
0.689756 0.153931 -0.306804 False
0.690084 0.153523 -0.307096 False
0.689945 0.153737 -0.306831 False
0.689892 0.156522 -0.307587 False
0.690130 0.158743 -0.307442 False
0.690068 0.165292 -0.307200 False
0.690567 0.156950 -0.306556 False
0.690417 0.156741 -0.306472 False
0.690769 0.156860 -0.306510 False
0.690616 0.157051 -0.307141 False
0.690727 0.157149 -0.307343 False
0.690491 0.155791 -0.308354 False
0.690419 0.155450 -0.307523 False
0.690168 0.155670 -0.307286 False
0.690485 0.158275 -0.307040 False
0.690254 0.156324 -0.307714 False
0.690531 0.156210 -0.307008 False
0.690684 0.156455 -0.307747 False
0.690367 0.157399 -0.307947 False
0.689950 0.157305 -0.307557 False
0.689972 0.155998 -0.306925 False
0.689978 0.156213 -0.307674 False
0.690747 0.156928 -0.307621 False
0.690974 0.159222 -0.308037 False
0.691066 0.157240 -0.308752 False
0.690529 0.158861 -0.308258 False
0.690326 0.155608 -0.308126 False
0.690639 0.155121 -0.307913 False
0.690619 0.159462 -0.307808 False
0.691318 0.154712 -0.307599 False
0.691554 0.155387 -0.307383 False
0.691721 0.154850 -0.307589 False
0.691555 0.154987 -0.307673 False
0.691705 0.154428 -0.307688 False
0.691853 0.155122 -0.307656 False
0.691922 0.153437 -0.307447 False
0.691946 0.153145 -0.306932 False
0.691945 0.153986 -0.307577 False
0.692308 0.155954 -0.307128 False
0.692084 0.159067 -0.307020 False
0.692345 0.157399 -0.307126 False
0.692108 0.157934 -0.307536 False
0.692495 0.157063 -0.307638 False
0.692423 0.156667 -0.307578 False
0.692455 0.157664 -0.307775 False
0.692198 0.158396 -0.307608 False
0.691603 0.158238 -0.307522 False
0.691292 0.155397 -0.306921 False
0.690667 0.156407 -0.306319 False
0.690020 0.155051 -0.305989 False
0.689839 0.158366 -0.306414 False
0.689879 0.157621 -0.307087 False
0.690281 0.159232 -0.306424 False
0.691100 0.154950 -0.307037 False
0.691203 0.155534 -0.305994 False
0.691453 0.157215 -0.306768 False
0.692101 0.157734 -0.307316 False
0.692114 0.157906 -0.307418 False
0.691991 0.158023 -0.306231 False
0.692281 0.156668 -0.306562 False
0.692722 0.156262 -0.306569 False
0.693152 0.155858 -0.305782 False
0.693762 0.154312 -0.305275 False
0.691793 0.151858 -0.306053 False
0.680903 0.150375 -0.311670 False
0.641706 0.143393 -0.333139 False
0.527117 0.120199 -0.403359 False
0.580614 0.226841 -0.382906 False
0.615557 0.243875 -0.363484 False
0.626247 0.238076 -0.375559 False
0.631024 0.164699 -0.443137 False
0.658215 0.280767 -0.377299 False
0.683344 0.198449 -0.322403 False
0.689676 0.168143 -0.308018 False
0.691515 0.166241 -0.305054 False
0.691248 0.159864 -0.305373 False
0.690647 0.159275 -0.305483 False
0.690430 0.158454 -0.305837 False
0.690647 0.156652 -0.306874 False
0.691072 0.159753 -0.307084 False
0.691076 0.158326 -0.307674 False
0.690251 0.157910 -0.306828 False
0.690309 0.157803 -0.307067 False
0.690926 0.157798 -0.306929 False
0.691615 0.157693 -0.307480 False
0.691640 0.157349 -0.307184 False
0.691606 0.156235 -0.306855 False
0.690781 0.157340 -0.306907 False
0.691479 0.157389 -0.306265 False
0.691516 0.156566 -0.306856 False
0.691083 0.156922 -0.307196 False
0.691122 0.157484 -0.307148 False
0.690671 0.159027 -0.307497 False
0.689900 0.156365 -0.306871 False
0.690217 0.159369 -0.307450 False
0.691309 0.157486 -0.307250 False
0.691660 0.161631 -0.307581 False
0.691811 0.156864 -0.307904 False
0.692050 0.159681 -0.307444 False
0.692703 0.166556 -0.307474 False
0.692777 0.159676 -0.306686 False
0.692456 0.158128 -0.307184 False
0.692191 0.157171 -0.307950 False
0.689090 0.160223 -0.311573 False
0.683248 0.167321 -0.323089 False
0.688037 0.168048 -0.311635 False
0.690687 0.160311 -0.308218 False
0.691697 0.161233 -0.307935 False
0.693171 0.169212 -0.307205 False
0.692681 0.168883 -0.307210 False
0.692556 0.159259 -0.307034 False
0.692647 0.155331 -0.307096 False
0.691157 0.157143 -0.307131 False
0.692080 0.159165 -0.307807 False
0.691110 0.161489 -0.308099 False
0.690527 0.167826 -0.308356 False
0.690447 0.163107 -0.308043 False
0.692362 0.158921 -0.307249 False
0.691100 0.158759 -0.307042 False
0.689747 0.164897 -0.307428 False
0.689843 0.160550 -0.307893 False
0.690398 0.166402 -0.307632 False
0.690125 0.157311 -0.307656 False
0.690745 0.157864 -0.307920 False
0.690883 0.158150 -0.307407 False
0.690712 0.159163 -0.306787 False
0.691173 0.156346 -0.307230 False
0.692856 0.158639 -0.307164 False
0.692711 0.157774 -0.306379 False
0.691587 0.158450 -0.306306 False
0.691832 0.156788 -0.306426 False
0.691714 0.155203 -0.306334 False
0.691554 0.157762 -0.306585 False
0.691480 0.158014 -0.307949 False
0.690344 0.165788 -0.307724 False
0.690083 0.162480 -0.307844 False
0.690686 0.167692 -0.307107 False
0.691090 0.159668 -0.306946 False
0.691414 0.155155 -0.307157 False
0.690260 0.153308 -0.307409 False
0.690922 0.153675 -0.308208 False
0.690983 0.156521 -0.307652 False
0.690644 0.158184 -0.306245 False
0.690451 0.159659 -0.306871 False
0.690398 0.155630 -0.307253 False
0.690450 0.155605 -0.307226 False
0.691761 0.155249 -0.307744 False
0.690715 0.157051 -0.306535 False
0.690738 0.157639 -0.306297 False
0.691036 0.158414 -0.306070 False
0.690340 0.166859 -0.306758 False
0.690016 0.158728 -0.306926 False
0.690724 0.156079 -0.308108 False
0.689879 0.157844 -0.307406 False
0.689628 0.169646 -0.307193 False
0.689897 0.170507 -0.307666 False
0.689912 0.162234 -0.306755 False
0.690337 0.166737 -0.307379 False
0.691437 0.161249 -0.308047 False
0.691084 0.161486 -0.307943 False
0.690579 0.157313 -0.307559 False
0.690826 0.157756 -0.307007 False
0.691150 0.166567 -0.307456 False
0.686808 0.175485 -0.312509 False
0.672098 0.239220 -0.327607 False
0.658322 0.295642 -0.341112 False
0.661692 0.284261 -0.340854 False
0.662702 0.249029 -0.332265 False
0.662165 0.171136 -0.315450 False
0.659096 0.152087 -0.313698 False
0.656743 0.156262 -0.316887 False
0.655060 0.184560 -0.324995 False
0.661027 0.272962 -0.357341 False
0.683189 0.185714 -0.321265 False
0.690123 0.161792 -0.310399 False
0.690635 0.162670 -0.307857 False
0.690329 0.167558 -0.306980 False
0.690584 0.159690 -0.307344 False
0.690440 0.158015 -0.307900 False
0.689934 0.157887 -0.307693 False
0.690238 0.155425 -0.307003 False
0.690758 0.155967 -0.307238 False
0.689832 0.159120 -0.307299 False
0.690070 0.166195 -0.306830 False
0.690446 0.158727 -0.306991 False
0.691095 0.159787 -0.307454 False
0.690891 0.158748 -0.306903 False
0.691107 0.157002 -0.307481 False
0.691009 0.159807 -0.307040 False
0.691103 0.165060 -0.307032 False
0.691134 0.157668 -0.307468 False
0.690439 0.159673 -0.307202 False
0.690775 0.166946 -0.307592 False
0.690686 0.164406 -0.307461 False
0.690884 0.170165 -0.307405 False
0.691564 0.168044 -0.307518 False
0.691552 0.159150 -0.306933 False
0.690912 0.157730 -0.307538 False
0.690944 0.159237 -0.307296 False
0.691664 0.157349 -0.307719 False
0.692142 0.156755 -0.307301 False
0.691443 0.158179 -0.307796 False
0.691568 0.157911 -0.307916 False
0.691918 0.166142 -0.307998 False
0.691755 0.160005 -0.307682 False
0.691704 0.158129 -0.307972 False
0.691224 0.159598 -0.307926 False
0.690639 0.158750 -0.307924 False
0.690692 0.161767 -0.307784 False
0.691110 0.159197 -0.307749 False
0.691180 0.158247 -0.308148 False
0.691339 0.158413 -0.307705 False
0.691665 0.168234 -0.307699 False
0.692414 0.170240 -0.307488 False
0.692037 0.165090 -0.307636 False
0.691678 0.169077 -0.307635 False
0.691373 0.167091 -0.308239 False
0.691577 0.171595 -0.308427 False
0.691728 0.172265 -0.307915 False
0.691230 0.169206 -0.307814 False
0.691285 0.158850 -0.307974 False
0.691713 0.157476 -0.307829 False
0.691743 0.157699 -0.307999 False
0.691759 0.157860 -0.308388 False
0.691432 0.163131 -0.308243 False
0.691658 0.169276 -0.308702 False
0.691468 0.168218 -0.309077 False
0.691660 0.158476 -0.308606 False
0.692147 0.156574 -0.307929 False
0.692129 0.158053 -0.308170 False
0.691550 0.162131 -0.308361 False
0.691699 0.168957 -0.308382 False
0.691716 0.168926 -0.308250 False
0.691621 0.162828 -0.308581 False
0.691183 0.168351 -0.308007 False
0.690859 0.167653 -0.307553 False
0.690253 0.168449 -0.308203 False
0.690884 0.164099 -0.309218 False
0.690699 0.167340 -0.308659 False
0.690992 0.157589 -0.307944 False
0.691134 0.154665 -0.308405 False
0.691404 0.155190 -0.308532 False
0.691333 0.153268 -0.308530 False
0.691412 0.155308 -0.308653 False
0.691158 0.162381 -0.308605 False
0.690958 0.168420 -0.308373 False
0.690575 0.163462 -0.308651 False
0.690904 0.170439 -0.308991 False
0.690941 0.170582 -0.309167 False
0.690639 0.163452 -0.308659 False
0.691025 0.158210 -0.308477 False
0.691275 0.157307 -0.308358 False
0.690979 0.158589 -0.308056 False
0.690960 0.157509 -0.307936 False
0.690789 0.165348 -0.308001 False
0.691295 0.157295 -0.308120 False
0.691677 0.157026 -0.308140 False
0.691370 0.158632 -0.308115 False
0.691456 0.161597 -0.307723 False
0.691532 0.167652 -0.307999 False
0.691466 0.164919 -0.308039 False
0.691108 0.169417 -0.308355 False
0.690783 0.163268 -0.308044 False
0.690868 0.161395 -0.307785 False
0.691024 0.157454 -0.307712 False
0.691380 0.155701 -0.307823 False
0.690597 0.157560 -0.307624 False
0.690520 0.157614 -0.308091 False
0.690486 0.158812 -0.307572 False
0.691075 0.156763 -0.307465 False
0.691678 0.156142 -0.307778 False
0.691415 0.154929 -0.307747 False
0.691117 0.159583 -0.308263 False
0.691305 0.168252 -0.308349 False
0.692105 0.167593 -0.308056 False
0.691592 0.159797 -0.307359 False
0.691215 0.156602 -0.307010 False
0.691235 0.157350 -0.308319 False
0.691001 0.156369 -0.308772 False
0.690905 0.157741 -0.308418 False
0.690807 0.157515 -0.307586 False
0.690682 0.158599 -0.307375 False
0.691023 0.158259 -0.307077 False
0.690779 0.159646 -0.307983 False
0.690943 0.163652 -0.308297 False
0.691025 0.166892 -0.308543 False
0.691713 0.158675 -0.308583 False
0.692022 0.157581 -0.310266 False
0.692133 0.155650 -0.308449 False
0.691929 0.159144 -0.308034 False
0.692132 0.156586 -0.307808 False
0.691844 0.155511 -0.307582 False
0.691872 0.155074 -0.307873 False
0.691807 0.155192 -0.308314 False
0.691905 0.155042 -0.308562 False
0.691764 0.154991 -0.308492 False
0.691706 0.154952 -0.308175 False
0.691791 0.155041 -0.309401 False
0.691361 0.155329 -0.311192 False
0.691620 0.156216 -0.310930 False
0.691675 0.155502 -0.309148 False
0.691592 0.157378 -0.308215 False
0.691787 0.156324 -0.308051 False
0.691984 0.155307 -0.308513 False
0.691903 0.155038 -0.308386 False
0.691950 0.154972 -0.308265 False
0.691722 0.154857 -0.308808 False
0.691564 0.154454 -0.308529 False
0.691109 0.154818 -0.308785 False
0.691314 0.154906 -0.308656 False
0.691585 0.154791 -0.308131 False
0.691577 0.154299 -0.308129 False
0.691426 0.154267 -0.309067 False
0.691385 0.154675 -0.308670 False
0.691579 0.155128 -0.308612 False
0.691548 0.155000 -0.308809 False
0.691706 0.155669 -0.308250 False
0.691866 0.154999 -0.308382 False
0.691921 0.154321 -0.308912 False
0.691976 0.154140 -0.308807 False
0.692033 0.154121 -0.308350 False
0.691887 0.154220 -0.308734 False
0.691438 0.154645 -0.308415 False
0.691808 0.155992 -0.308830 False
0.691754 0.154716 -0.308370 False
0.691841 0.153605 -0.307934 False
0.691706 0.154073 -0.307645 False
0.691340 0.153637 -0.307895 False
0.691292 0.153821 -0.308252 False
0.691511 0.154265 -0.309126 False
0.691864 0.155052 -0.308166 False
0.691753 0.155164 -0.308269 False
0.691671 0.155136 -0.308061 False
0.691646 0.156397 -0.307796 False
0.691647 0.161379 -0.307769 False
0.691883 0.165818 -0.307809 False
0.692093 0.157763 -0.307979 False
0.691636 0.155394 -0.308582 False
0.691576 0.154877 -0.308894 False
0.691647 0.154724 -0.308469 False
0.691623 0.154455 -0.308233 False
0.691464 0.154864 -0.307834 False
0.691388 0.155231 -0.307431 False
0.691621 0.155269 -0.307637 False
0.691691 0.156746 -0.307666 False
0.691732 0.155732 -0.307708 False
0.691900 0.155369 -0.307952 False
0.691944 0.155887 -0.307873 False
0.691701 0.155752 -0.307715 False
0.691649 0.155461 -0.307924 False
0.691601 0.155305 -0.307935 False
0.691382 0.155041 -0.308090 False
0.691222 0.154926 -0.308165 False
0.691395 0.154844 -0.307832 False
0.691411 0.156344 -0.307551 False
0.691459 0.155444 -0.307807 False
0.691863 0.155460 -0.308109 False
0.692038 0.156485 -0.308539 False
0.692063 0.155507 -0.308649 False
0.691991 0.155745 -0.308248 False
0.691957 0.156984 -0.308419 False
0.691888 0.157168 -0.307741 False
0.691700 0.155963 -0.307710 False
0.691474 0.157030 -0.308043 False
0.691626 0.157494 -0.308084 False
0.691627 0.158021 -0.307919 False
0.691430 0.157761 -0.308220 False
0.691246 0.156975 -0.308003 False
0.690846 0.154539 -0.308071 False
0.690869 0.155777 -0.308503 False
0.690861 0.154504 -0.308043 False
0.690728 0.153336 -0.307938 False
0.690670 0.153671 -0.307961 False
0.690918 0.156912 -0.308207 False
0.690571 0.155169 -0.307957 False
0.690801 0.158628 -0.307871 False
0.690884 0.164811 -0.307848 False
0.691197 0.156456 -0.307745 False
0.690775 0.153552 -0.307876 False
0.690473 0.153269 -0.308006 False
0.690239 0.154778 -0.307815 False
0.690613 0.156883 -0.307840 False
0.690884 0.155091 -0.307766 False
0.691044 0.154811 -0.307540 False
0.690655 0.158151 -0.307641 False
0.690957 0.158684 -0.307668 False
0.691079 0.158701 -0.307621 False
0.690837 0.156671 -0.307585 False
0.690467 0.154131 -0.307627 False
0.690306 0.154856 -0.307520 False
0.691066 0.155804 -0.307652 False
0.690978 0.155991 -0.307727 False
0.691265 0.155712 -0.307829 False
0.690894 0.154757 -0.307751 False
0.690957 0.156558 -0.307782 False
0.691081 0.157826 -0.307581 False
0.690709 0.158955 -0.307700 False
0.690840 0.158880 -0.307842 False
0.690885 0.157771 -0.307856 False
0.690829 0.158836 -0.307749 False
0.691030 0.159301 -0.307817 False
0.691161 0.160229 -0.307740 False
0.690874 0.165995 -0.307750 False
0.690896 0.160278 -0.307861 False
0.690667 0.156161 -0.307765 False
0.691222 0.156941 -0.307800 False
0.691141 0.158659 -0.308013 False
0.690945 0.158876 -0.307781 False
0.690734 0.157914 -0.307717 False
0.690707 0.157622 -0.307758 False
0.691277 0.160511 -0.307840 False
0.691304 0.156806 -0.307758 False
0.691076 0.156631 -0.307752 False
0.691427 0.157092 -0.307727 False
0.691368 0.164957 -0.307729 False
0.690887 0.160918 -0.307694 False
0.691044 0.157307 -0.307706 False
0.690675 0.155080 -0.307743 False
0.690676 0.156626 -0.307836 False
0.690783 0.156003 -0.307748 False
0.691502 0.155132 -0.307834 False
0.691008 0.155389 -0.308058 False
0.691419 0.154176 -0.307793 False
0.691048 0.155787 -0.307720 False
0.690789 0.154858 -0.307731 False
0.690898 0.154598 -0.307803 False
0.690792 0.154690 -0.308073 False
0.690524 0.155452 -0.307888 False
0.690754 0.156513 -0.308038 False
0.691034 0.156763 -0.307936 False
0.691377 0.157108 -0.308131 False
0.691082 0.162789 -0.307846 False
0.690809 0.159066 -0.307735 False
0.690756 0.155752 -0.307697 False
0.690508 0.157238 -0.307795 False
0.690605 0.156219 -0.308084 False
0.690937 0.155297 -0.307809 False
0.691075 0.156198 -0.307712 False
0.690747 0.155717 -0.307696 False
0.690481 0.156836 -0.307712 False
0.690676 0.156016 -0.307791 False
0.690655 0.156602 -0.308064 False
0.690720 0.156710 -0.307830 False
0.690868 0.157908 -0.307916 False
0.690933 0.155904 -0.308297 False
0.690931 0.156947 -0.308607 False
0.690946 0.157884 -0.308524 False
0.690993 0.155335 -0.308825 False
0.690871 0.156308 -0.307916 False
0.691011 0.156264 -0.307313 False
0.690694 0.158241 -0.306207 False
0.690942 0.157686 -0.307584 False
0.691102 0.158421 -0.308005 False
0.691443 0.158568 -0.307933 False
0.691207 0.156707 -0.308296 False
0.690835 0.157710 -0.308913 False
0.690909 0.155149 -0.308958 False
0.691005 0.157487 -0.308471 False
0.691003 0.157303 -0.308456 False
0.690877 0.155628 -0.308606 False
0.690660 0.156055 -0.309073 False
0.690408 0.154547 -0.308441 False
0.690447 0.154228 -0.308112 False
0.690902 0.156940 -0.308238 False
0.690787 0.164122 -0.307836 False
0.691126 0.157295 -0.307740 False
0.691004 0.154961 -0.307850 False
0.691000 0.156044 -0.307848 False
0.691125 0.157119 -0.307736 False
0.691012 0.156457 -0.307729 False
0.691047 0.156043 -0.307819 False
0.691099 0.155195 -0.308029 False
0.690875 0.155551 -0.308470 False
0.690977 0.154377 -0.308251 False
0.691090 0.154336 -0.308135 False
0.690692 0.153768 -0.307958 False
0.690534 0.154350 -0.307910 False
0.690944 0.153600 -0.307909 False
0.691396 0.154018 -0.307942 False
0.691214 0.153419 -0.308063 False
0.690693 0.156256 -0.307976 False
0.690262 0.155292 -0.307986 False
0.690594 0.154723 -0.307548 False
0.691078 0.154472 -0.307567 False
0.691567 0.155119 -0.307804 False
0.691559 0.153389 -0.307821 False
0.691123 0.155448 -0.307583 False
0.690906 0.153952 -0.306724 False
0.690709 0.153746 -0.307994 False
0.690637 0.154677 -0.307939 False
0.691017 0.155650 -0.308019 False
0.690493 0.155079 -0.307845 False
0.690834 0.155260 -0.307900 False
0.691104 0.154944 -0.307913 False
0.691405 0.154654 -0.307966 False
0.691101 0.154542 -0.308159 False
0.691069 0.155248 -0.308167 False
0.691190 0.155577 -0.308105 False
0.691158 0.156147 -0.307974 False
0.690857 0.156346 -0.307962 False
0.690541 0.156472 -0.307936 False
0.690940 0.155114 -0.307988 False
0.691727 0.154298 -0.307813 False
0.691957 0.156419 -0.307894 False
0.691285 0.155268 -0.307928 False
0.691482 0.154593 -0.307931 False
0.690874 0.154870 -0.307953 False
0.691097 0.155625 -0.307900 False
0.690896 0.154812 -0.307865 False
0.691040 0.154216 -0.307896 False
0.690683 0.153203 -0.308370 False
0.690895 0.154301 -0.308488 False
0.690805 0.156787 -0.308404 False
0.690861 0.156843 -0.308033 False
0.690633 0.157915 -0.307919 False
0.690438 0.158747 -0.307863 False
0.690463 0.157303 -0.307878 False
0.690678 0.154406 -0.307908 False
0.690872 0.154753 -0.307933 False
0.690734 0.153966 -0.308026 False
0.690225 0.154440 -0.307855 False
0.690202 0.152847 -0.307986 False
0.690603 0.152839 -0.308261 False
0.691407 0.154603 -0.307993 False
0.691573 0.152702 -0.307932 False
0.690957 0.153232 -0.307919 False
0.690873 0.153960 -0.307906 False
0.690548 0.156763 -0.307908 False
0.690268 0.155015 -0.307916 False
0.690435 0.155514 -0.308009 False
0.690244 0.154593 -0.308235 False
0.690738 0.154268 -0.307865 False
0.691220 0.157149 -0.307804 False
0.690806 0.161281 -0.307865 False
