0.174848 0.173359 -0.002987
0.178170 0.183607 -0.016677
0.181731 0.193844 -0.030076
0.185449 0.204018 -0.043214
0.189244 0.214079 -0.056120
0.193034 0.223976 -0.068823
0.196738 0.233658 -0.081355
0.200273 0.243074 -0.093743
0.203559 0.252172 -0.106017
0.206513 0.260903 -0.118208
0.209056 0.269215 -0.130345
0.211104 0.277056 -0.142457
0.212577 0.284377 -0.154574
0.213393 0.291126 -0.166726
0.213470 0.297252 -0.178942
0.212728 0.302704 -0.191251
0.211084 0.307432 -0.203685
0.208457 0.311384 -0.216271
0.204766 0.314509 -0.229039
0.199929 0.316757 -0.242020
0.193865 0.318076 -0.255243
0.186493 0.318416 -0.268737
0.177730 0.317726 -0.282533
0.167495 0.315953 -0.296658
0.155707 0.313049 -0.311144
0.142284 0.308961 -0.326020
0.127146 0.303639 -0.341316
0.110209 0.297032 -0.357060
0.091394 0.289089 -0.373283
0.070618 0.279758 -0.390014
0.047800 0.268990 -0.407283
-0.005529 0.238560 -0.483106
-0.012527 0.249955 -0.478216
0.027261 0.322585 -0.381493
0.044368 0.216660 -0.204843
0.112946 0.134919 -0.201269
0.125701 0.095717 -0.210670
0.125656 0.080230 -0.210646
0.121650 0.082391 -0.191938
0.115292 0.086991 -0.122169
0.157512 0.146649 -0.068822
0.160804 0.181855 -0.049192
0.156005 0.215526 -0.040108
0.145204 0.245828 -0.038827
0.130486 0.270926 -0.042604
0.113941 0.288985 -0.048697
0.088507 0.291723 -0.043343
0.087199 0.288771 -0.051151
0.093456 0.282101 -0.060663
0.105129 0.274130 -0.070007
0.120066 0.267276 -0.077315
0.134757 0.269866 -0.075320
0.149508 0.274223 -0.070852
0.163266 0.278578 -0.065344
0.174976 0.281163 -0.060230
0.205579 0.282967 -0.061383
0.169189 0.265031 -0.061553
0.128499 0.244948 -0.061911
0.132004 0.218505 -0.063295
0.128306 0.236740 -0.052583
0.144870 0.265584 -0.052476
0.180574 0.259540 -0.069625
0.169714 0.263084 -0.075715
0.151629 0.260920 -0.084865
0.140757 0.231706 -0.094824
0.128464 0.221046 -0.131389
0.138171 0.193427 -0.210102
0.135235 0.179695 -0.214611
0.141750 0.186407 -0.179944
0.143747 0.199689 -0.140205
0.113186 0.215657 -0.144752
0.101460 0.222451 -0.146481
0.095219 0.232719 -0.147839
0.089908 0.254824 -0.152080
0.092616 0.264502 -0.152772
0.096118 0.267365 -0.148086
0.095888 0.275291 -0.128665
0.092566 0.272171 -0.129641
0.089689 0.279243 -0.122725
0.087341 0.286927 -0.116549
0.086460 0.292906 -0.113309
0.087300 0.297444 -0.112128
0.090359 0.299851 -0.113304
0.096133 0.299436 -0.117138
0.105121 0.295510 -0.123928
0.121266 0.282512 -0.140113
0.133735 0.272106 -0.155933
0.174612 0.253476 -0.171186
0.157584 0.244084 -0.135930
0.159859 0.233576 -0.164207
0.164857 0.230427 -0.182041
0.186168 0.264742 -0.197658
0.185493 0.270108 -0.188774
0.167158 0.265594 -0.133698
0.169986 0.264480 -0.150224
0.173912 0.270807 -0.145542
0.180437 0.256567 -0.183857
0.154507 0.224939 -0.137502
0.156183 0.203538 -0.177754
0.157129 0.166570 -0.200694
0.157272 0.139264 -0.202155
0.150108 0.143074 -0.169185
0.107233 0.103968 -0.136369
0.014679 0.084086 -0.068346
-0.053209 0.080191 -0.064061
-0.088862 0.085639 -0.088372
-0.074213 0.056441 -0.100888
-0.046436 0.110173 -0.097206
0.045979 0.171339 -0.092680
0.074151 0.175438 -0.069683
0.061282 0.145659 -0.074223
0.041602 0.084657 -0.118553
0.083222 0.090331 -0.173295
0.158949 0.139898 -0.230004
0.151537 0.240962 -0.247290
0.152650 0.288243 -0.210555
0.115844 0.339781 -0.196052
0.108595 0.330739 -0.158117
0.106128 0.306328 -0.119845
0.107598 0.277447 -0.089035
0.117550 0.274369 -0.109579
0.125409 0.274895 -0.131088
0.107934 0.272936 -0.087498
0.104745 0.269812 -0.076542
0.103158 0.267428 -0.069550
0.103371 0.268383 -0.071048
0.101709 0.267497 -0.067802
0.100900 0.268363 -0.062999
0.102000 0.268187 -0.063882
0.100833 0.269045 -0.066650
0.105003 0.276864 -0.088485
0.124677 0.278981 -0.137604
0.131246 0.277238 -0.151539
0.130428 0.274314 -0.150608
0.124195 0.265329 -0.134780
0.107132 0.256558 -0.097248
0.089925 0.248576 -0.059313
0.086179 0.245954 -0.050005
0.085130 0.244714 -0.047057
0.081950 0.242732 -0.045384
0.079523 0.241410 -0.046313
0.077708 0.240942 -0.044290
0.076267 0.240879 -0.043759
0.077145 0.241917 -0.048831
0.083909 0.248744 -0.070054
0.093118 0.254186 -0.097063
0.103827 0.255446 -0.127500
0.113980 0.250504 -0.158714
0.124643 0.235242 -0.188814
0.142634 0.175574 -0.229265
0.163314 0.140385 -0.245801
0.154438 0.122376 -0.236384
0.098865 0.108118 -0.190934
0.048343 0.081280 -0.136922
0.048887 0.138725 -0.109288
0.060696 0.198145 -0.091364
0.079985 0.219781 -0.082063
0.146210 0.239157 -0.084608
0.155363 0.223787 -0.081086
0.131037 0.193073 -0.087275
0.037041 0.129027 -0.082594
-0.048904 0.066603 -0.098558
-0.068857 0.039173 -0.104477
-0.071869 0.026928 -0.104717
-0.069949 0.036910 -0.101377
-0.054698 0.079073 -0.093520
-0.012161 0.112660 -0.074511
0.015113 0.141515 -0.085793
0.093043 0.240312 -0.201672
0.010612 0.124883 -0.146083
-0.021839 0.184665 -0.399955
-0.034436 0.179136 -0.438939
-0.048350 0.093975 -0.329034
-0.101624 0.091378 -0.264865
-0.165126 0.102461 -0.193006
-0.232295 0.121479 -0.122052
-0.296574 0.142688 -0.060595
-0.345845 0.151407 -0.037093
-0.383582 0.157165 -0.028115
-0.407699 0.160552 -0.030094
-0.416114 0.162160 -0.039463
-0.406742 0.162580 -0.052654
-0.377499 0.162402 -0.066100
-0.326303 0.162217 -0.076233
-0.251068 0.162617 -0.079486
-0.096911 0.166367 -0.051058
0.019218 0.163195 -0.025486
0.067331 0.177477 -0.018604
0.084415 0.190922 -0.017096
0.081573 0.187588 -0.017951
0.051861 0.180690 -0.024260
-0.005234 0.172680 -0.036777
-0.143620 0.168607 -0.074779
-0.213575 0.167764 -0.091553
-0.269774 0.168576 -0.104895
-0.313072 0.170747 -0.114995
-0.344323 0.173981 -0.122045
-0.364382 0.177981 -0.126236
-0.374103 0.182452 -0.127760
-0.374341 0.187097 -0.126808
-0.365950 0.191621 -0.123572
-0.349786 0.195728 -0.118242
-0.326701 0.199122 -0.111010
-0.297552 0.201506 -0.102068
-0.263193 0.202585 -0.091607
-0.224478 0.202062 -0.079818
-0.182261 0.199642 -0.066893
-0.135719 0.194322 -0.049705
-0.088737 0.187013 -0.033795
-0.043522 0.177921 -0.021385
-0.002282 0.167252 -0.014700
0.032776 0.155211 -0.015962
0.060025 0.130759 -0.026879
0.077461 0.130269 -0.050128
0.065913 0.124286 -0.099620
0.062737 0.150222 -0.220074
0.009947 0.119102 -0.226331
0.007773 0.097084 -0.236437
0.014128 0.110279 -0.225191
0.036665 0.180365 -0.183149
0.072877 0.220747 -0.156983
0.119244 0.250389 -0.149037
0.127165 0.249740 -0.147845
0.120733 0.241119 -0.148820
0.064032 0.197000 -0.150774
0.022020 0.189830 -0.205989
0.013251 0.162927 -0.259576
0.011830 0.132738 -0.274924
0.007396 0.122079 -0.276132
0.023271 0.133052 -0.267861
0.098469 0.177764 -0.255625
0.251064 0.176633 -0.313091
0.291854 0.155794 -0.340353
0.285051 0.165554 -0.322852
0.212039 0.180251 -0.271239
0.154990 0.166805 -0.241404
0.153940 0.176498 -0.253293
0.158120 0.176714 -0.255748
0.158984 0.175410 -0.256375
0.156714 0.165908 -0.252904
0.141941 0.134367 -0.240734
0.105475 0.175713 -0.246091
0.025535 0.136532 -0.269361
0.022839 0.116767 -0.281078
0.060821 0.146487 -0.267592
0.189682 0.204459 -0.230114
0.223555 0.217468 -0.208816
0.221840 0.211159 -0.163911
0.143855 0.224836 -0.083726
0.109393 0.276409 -0.132005
0.116677 0.323611 -0.155089
0.120286 0.334735 -0.160308
0.127760 0.336602 -0.163012
0.134373 0.337000 -0.163212
0.141549 0.334038 -0.162157
0.148516 0.329399 -0.160623
0.153377 0.324780 -0.160423
0.156346 0.323959 -0.161174
0.160610 0.330916 -0.161277
0.167288 0.328883 -0.163119
0.168951 0.320787 -0.165685
0.174462 0.325787 -0.167969
0.171162 0.326963 -0.168084
0.173490 0.326356 -0.168741
0.175177 0.320485 -0.169296
0.174945 0.308745 -0.170585
0.177076 0.304653 -0.171096
0.178869 0.306192 -0.171470
0.175771 0.314494 -0.170587
0.170173 0.311356 -0.168445
0.141131 0.301389 -0.155047
0.115812 0.263861 -0.131670
0.103784 0.235468 -0.131447
0.085742 0.218276 -0.157695
0.081151 0.205838 -0.173779
0.040791 0.159930 -0.179498
0.031957 0.120912 -0.129198
0.027018 0.112658 -0.100949
0.027257 0.103157 -0.105580
0.023475 0.100683 -0.157781
0.017653 0.117108 -0.238534
0.013323 0.116345 -0.278867
0.002329 0.135383 -0.284526
-0.008094 0.149569 -0.280061
-0.012071 0.154095 -0.274773
-0.014353 0.155003 -0.275725
-0.012859 0.152392 -0.277648
-0.011871 0.150590 -0.280173
-0.012408 0.150416 -0.282265
-0.012506 0.150640 -0.282727
-0.012236 0.150383 -0.283248
-0.010928 0.150254 -0.284686
-0.010074 0.149905 -0.285064
-0.005968 0.148858 -0.281862
0.008090 0.144859 -0.265314
0.050944 0.140232 -0.211734
0.119524 0.105391 -0.168485
0.219502 0.149659 -0.256310
0.289341 0.173520 -0.327911
0.301571 0.172288 -0.341850
0.293437 0.174052 -0.334228
0.291392 0.174811 -0.333160
0.291461 0.173341 -0.333636
0.291007 0.171145 -0.333858
0.293816 0.172031 -0.335338
0.295209 0.172866 -0.336272
0.298314 0.175192 -0.336819
0.298540 0.174250 -0.335912
0.296784 0.174531 -0.326879
0.274794 0.169529 -0.290861
0.195895 0.145999 -0.144097
-0.002221 0.150127 -0.098116
-0.186133 0.160103 -0.069833
-0.223646 0.189669 -0.069013
-0.143116 0.178080 -0.056291
-0.033555 0.163401 -0.048346
0.029375 0.165887 -0.043815
0.043288 0.179090 -0.055559
0.039139 0.175877 -0.054228
0.021525 0.172459 -0.060673
0.006934 0.170128 -0.067519
-0.003904 0.171146 -0.072463
-0.008048 0.167324 -0.073105
-0.011824 0.163387 -0.071787
-0.012599 0.158405 -0.065164
-0.006434 0.154622 -0.058510
-0.002909 0.147621 -0.052834
-0.003757 0.151051 -0.056397
-0.015211 0.151105 -0.056081
-0.042382 0.142069 -0.056199
-0.127490 0.133530 -0.080351
-0.162576 0.061795 -0.083774
-0.164514 0.065324 -0.079885
-0.128577 0.132532 -0.077881
-0.031675 0.166627 -0.071237
0.060824 0.186340 -0.070338
0.060257 0.145034 -0.106853
0.037724 0.104085 -0.114222
0.039408 0.069232 -0.127211
0.031723 0.071381 -0.156316
-0.028350 0.112913 -0.229601
-0.001953 0.137283 -0.284955
-0.033912 0.122061 -0.280696
-0.028121 0.134501 -0.290458
-0.028231 0.134568 -0.283718
0.004462 0.177661 -0.307202
0.007877 0.181526 -0.310991
-0.015717 0.141702 -0.290442
0.000269 0.164238 -0.304339
-0.016874 0.120068 -0.295617
-0.027887 0.100566 -0.287692
-0.048326 0.086150 -0.287347
-0.051352 0.079432 -0.290952
-0.040872 0.088959 -0.283317
-0.006466 0.133997 -0.254282
0.038970 0.135300 -0.291473
0.074458 0.166652 -0.301199
0.072989 0.170435 -0.300645
0.063724 0.158448 -0.296674
0.045247 0.113279 -0.272935
0.069849 0.156948 -0.298321
0.075694 0.162795 -0.305643
0.053542 0.112641 -0.295582
0.050203 0.104242 -0.294181
0.061762 0.118315 -0.295151
0.070138 0.126928 -0.283463
0.032867 0.104772 -0.223964
-0.018624 0.090078 -0.235746
-0.035217 0.078588 -0.255903
-0.029704 0.087981 -0.219311
0.050819 0.083134 -0.157998
0.102088 0.079939 -0.145028
0.122714 0.160696 -0.135274
0.138843 0.248949 -0.152602
0.082158 0.214940 -0.123077
0.020569 0.109084 -0.063822
-0.012589 0.082430 -0.052890
-0.014164 0.107126 -0.098300
0.004184 0.261586 -0.286247
-0.005556 0.283046 -0.339463
-0.007250 0.282441 -0.350568
-0.007365 0.281835 -0.350986
-0.008461 0.282238 -0.349591
-0.009060 0.283718 -0.348424
-0.007773 0.284155 -0.345428
-0.005914 0.289097 -0.331348
-0.003117 0.287012 -0.332986
0.007953 0.260849 -0.285064
0.007259 0.117256 -0.106663
0.020625 0.112171 -0.098082
0.074378 0.227819 -0.237064
0.036744 0.144191 -0.140552
0.068617 0.226453 -0.240659
0.020643 0.103377 -0.090801
0.007422 0.070264 -0.045492
0.005504 0.061770 -0.035354
0.007281 0.060803 -0.041379
0.012182 0.074399 -0.075422
0.005968 0.162835 -0.195320
-0.000794 0.252095 -0.315434
-0.002903 0.262513 -0.346859
-0.002415 0.264103 -0.352012
-0.001174 0.269294 -0.350298
0.003257 0.282670 -0.340041
0.017958 0.314863 -0.295947
0.014300 0.209484 -0.182544
0.008326 0.095236 -0.070647
0.007325 0.065725 -0.041355
0.006906 0.059997 -0.036758
0.007308 0.059627 -0.037170
0.008742 0.060747 -0.038699
0.011973 0.065576 -0.043567
0.019965 0.089296 -0.062812
0.012650 0.184748 -0.127272
-0.055089 0.188860 -0.128391
-0.155415 0.119275 -0.099637
-0.162120 0.082724 -0.108326
-0.138191 0.090545 -0.153800
-0.065397 0.105205 -0.266839
0.012138 0.147758 -0.316814
0.025460 0.159093 -0.328448
0.022865 0.155754 -0.323349
-0.000027 0.112104 -0.312841
0.027036 0.150695 -0.323242
0.032625 0.161594 -0.326636
0.032967 0.164147 -0.328810
0.033667 0.165530 -0.332026
0.036956 0.166441 -0.334288
0.040038 0.169110 -0.337120
0.036591 0.168431 -0.336760
0.020531 0.155778 -0.329005
-0.016010 0.096416 -0.310258
-0.022681 0.081755 -0.303745
-0.029633 0.078158 -0.298084
-0.038740 0.084913 -0.297182
-0.039944 0.103255 -0.281730
-0.023942 0.114546 -0.273887
0.031753 0.137595 -0.288087
0.072080 0.167449 -0.305573
0.064074 0.143340 -0.302821
0.087273 0.173960 -0.313418
0.092685 0.184214 -0.313001
0.093153 0.181611 -0.309860
0.087325 0.171195 -0.293391
0.057672 0.133367 -0.222204
0.054714 0.102595 -0.130482
0.041346 0.091318 -0.087196
0.026873 0.086853 -0.054874
0.012064 0.087998 -0.032145
-0.002308 0.093553 -0.017635
-0.015473 0.102316 -0.009970
-0.026657 0.113088 -0.007779
-0.035092 0.124667 -0.009687
-0.040004 0.135851 -0.014322
-0.040623 0.145441 -0.020310
-0.030292 0.149863 -0.024078
-0.018866 0.151970 -0.027801
-0.010315 0.152243 -0.031452
-0.018457 0.151560 -0.033645
-0.029479 0.149720 -0.036546
-0.037697 0.146333 -0.047008
-0.041415 0.142885 -0.050526
-0.044567 0.138151 -0.053000
-0.036213 0.134861 -0.055211
0.012697 0.139345 -0.064114
0.072699 0.141766 -0.063687
0.103615 0.150405 -0.057322
0.102349 0.151205 -0.050778
0.085811 0.146614 -0.049670
0.073745 0.129891 -0.053318
0.059210 0.106678 -0.065690
0.082985 0.084503 -0.134623
0.114067 0.073755 -0.171958
0.137361 0.102373 -0.176483
0.131559 0.080478 -0.170957
0.138911 0.074437 -0.170123
0.128564 0.075809 -0.168888
0.128151 0.087744 -0.169724
0.137340 0.128615 -0.176489
0.133159 0.094680 -0.173484
0.148173 0.103335 -0.180414
0.143785 0.069889 -0.170856
0.129481 0.073039 -0.169030
0.127280 0.081696 -0.170935
0.133949 0.106551 -0.181273
0.131039 0.079022 -0.171492
0.145791 0.062063 -0.170919
0.161687 0.064251 -0.168973
0.154307 0.069261 -0.171022
0.099430 0.090191 -0.173759
0.062564 0.097365 -0.188637
0.046911 0.095123 -0.207636
0.042855 0.086715 -0.219733
0.045659 0.097645 -0.234285
0.053239 0.123822 -0.273202
0.080076 0.175466 -0.304239
0.074679 0.170213 -0.317209
0.078815 0.171781 -0.314962
0.060602 0.112159 -0.302672
0.058256 0.096002 -0.300751
0.063790 0.101483 -0.303471
0.085247 0.139697 -0.308585
0.090127 0.145744 -0.282773
0.050897 0.126302 -0.172453
-0.005511 0.110477 -0.092956
-0.095060 0.117719 -0.066453
-0.166822 0.120146 -0.089008
-0.189982 0.107480 -0.109716
-0.225324 0.096735 -0.112465
-0.250645 0.054636 -0.122543
-0.249205 0.068015 -0.104385
-0.178932 0.105756 -0.093255
-0.089583 0.152202 -0.082361
0.002119 0.198973 -0.073220
0.079451 0.237691 -0.067354
0.104317 0.257197 -0.083085
0.075834 0.248097 -0.093324
0.038579 0.162947 -0.052448
0.026886 0.132509 -0.043239
0.019409 0.111709 -0.037997
0.017528 0.108574 -0.034208
0.013328 0.108632 -0.033655
0.010165 0.108806 -0.034654
0.012900 0.113671 -0.041350
0.033783 0.139858 -0.072717
0.113071 0.237984 -0.195813
0.041373 0.145648 -0.114394
0.090411 0.244849 -0.277161
0.100175 0.269010 -0.324820
0.104985 0.283568 -0.356667
0.105425 0.289567 -0.374278
0.102077 0.288050 -0.379229
0.095526 0.280061 -0.373096
0.086353 0.266644 -0.357455
0.075141 0.248842 -0.333881
0.062475 0.227699 -0.303950
0.048936 0.204258 -0.269239
0.035109 0.179564 -0.231322
0.021575 0.154660 -0.191775
0.008918 0.130589 -0.152175
-0.002278 0.108396 -0.114097
-0.011432 0.089124 -0.079116
-0.017959 0.073816 -0.048810
-0.021277 0.063517 -0.024752
-0.020803 0.059269 -0.008520
-0.015953 0.062117 -0.001689
-0.006146 0.073104 -0.005835
0.009203 0.093275 -0.022533
0.036878 0.131427 -0.066812
0.066264 0.175352 -0.118559
0.092949 0.220597 -0.171111
0.112520 0.262709 -0.217808
0.120565 0.297234 -0.251988
0.112670 0.319720 -0.266991
0.071803 0.318227 -0.223510
0.016338 0.301094 -0.167516
-0.047970 0.269172 -0.112336
-0.122554 0.246803 -0.094197
-0.207128 0.104296 -0.092854
-0.233136 0.031361 -0.114046
-0.224268 0.023726 -0.112958
-0.143844 0.026576 -0.107925
0.171489 0.029325 -0.191308
0.192422 0.047489 -0.189467
0.015904 0.112846 -0.099215
0.138653 0.128833 -0.156632
0.170690 0.095948 -0.166285
0.180427 0.092541 -0.170226
0.192189 0.113950 -0.176560
0.179950 0.089529 -0.169723
0.176655 0.082063 -0.168332
0.175894 0.083170 -0.167215
0.178054 0.096656 -0.165683
0.186183 0.145766 -0.160940
0.181926 0.104986 -0.167066
0.185406 0.105170 -0.172186
0.178655 0.080568 -0.173379
0.164065 0.075109 -0.169813
0.125220 0.093338 -0.124823
0.114273 0.101877 -0.089182
0.114833 0.114234 -0.071705
0.101955 0.113352 -0.060570
0.093554 0.112483 -0.054768
0.075118 0.108025 -0.055124
0.049854 0.105182 -0.062465
0.029619 0.104808 -0.065035
0.018905 0.097422 -0.076215
0.040777 0.082504 -0.132865
0.044990 0.102143 -0.224524
0.046609 0.098298 -0.249774
0.050803 0.108070 -0.264710
0.071251 0.145865 -0.299110
0.077563 0.150340 -0.307308
0.067755 0.136164 -0.312243
0.076486 0.148694 -0.311759
0.066831 0.124619 -0.303546
0.083050 0.157379 -0.309763
0.073220 0.146417 -0.319818
0.059133 0.127457 -0.319834
0.060213 0.113394 -0.306667
0.076429 0.145567 -0.310267
0.069287 0.126723 -0.317801
0.083520 0.133990 -0.316126
0.066526 0.119220 -0.302452
0.087487 0.124112 -0.275824
0.067710 0.109225 -0.134091
0.072551 0.105228 -0.063100
0.137996 0.110648 -0.100489
0.140208 0.114077 -0.089583
0.126424 0.118597 -0.080269
0.099392 0.123866 -0.071973
0.061857 0.129543 -0.064123
0.016566 0.135284 -0.056146
-0.069696 0.143441 -0.037443
-0.076206 0.145751 -0.033607
-0.068643 0.144092 -0.035302
-0.061077 0.141588 -0.040947
-0.056047 0.140550 -0.048481
-0.055166 0.137299 -0.050188
-0.052969 0.134491 -0.051724
-0.052127 0.133119 -0.053512
-0.050964 0.131790 -0.052720
-0.048892 0.131961 -0.051543
-0.044664 0.132892 -0.052198
-0.046526 0.136480 -0.054956
-0.043767 0.123159 -0.048609
-0.046476 0.128737 -0.049453
-0.049077 0.124630 -0.034715
-0.058371 0.127172 -0.022558
-0.047191 0.132859 -0.021381
-0.032755 0.132835 -0.029639
-0.016179 0.122093 -0.039319
0.003160 0.116113 -0.067123
0.035299 0.126533 -0.151507
0.098112 0.170684 -0.208147
0.113223 0.179159 -0.221261
0.098864 0.141378 -0.209623
0.093441 0.132022 -0.207820
0.082501 0.166156 -0.215219
0.093114 0.140675 -0.207680
0.108771 0.171937 -0.208744
0.104466 0.122106 -0.206310
0.114138 0.107532 -0.209518
0.119190 0.099534 -0.207268
0.109935 0.102623 -0.203927
0.053514 0.109223 -0.186335
-0.104449 0.134026 -0.212119
-0.209093 0.116277 -0.319905
-0.233252 0.080900 -0.382327
-0.234307 0.073265 -0.409535
-0.227269 0.076617 -0.408941
-0.207650 0.096681 -0.387890
-0.159538 0.071905 -0.358097
-0.148772 0.065125 -0.359815
-0.146850 0.058871 -0.356922
-0.135583 0.069237 -0.336292
-0.086366 0.113212 -0.253549
-0.037169 0.148900 -0.169028
-0.029132 0.071667 -0.133106
-0.033850 0.067911 -0.118047
0.012724 0.145647 -0.109741
0.051674 0.168089 -0.132480
0.092429 0.138084 -0.158514
0.107328 0.108868 -0.184450
0.026459 0.125493 -0.128134
-0.076979 0.191019 -0.207748
-0.167157 0.255973 -0.297079
-0.120799 0.266421 -0.327327
-0.131480 0.250008 -0.347428
-0.140864 0.232158 -0.375020
-0.175849 0.216791 -0.405966
-0.149486 0.204730 -0.397824
-0.171851 0.195297 -0.400108
-0.156679 0.186122 -0.397814
-0.120286 0.150598 -0.383781
-0.110004 0.143772 -0.396545
-0.107780 0.145364 -0.398923
-0.103033 0.171268 -0.395027
-0.109991 0.226831 -0.380735
-0.137615 0.213116 -0.393388
-0.143661 0.197234 -0.399074
-0.142438 0.195790 -0.396703
-0.142940 0.191796 -0.392136
-0.156610 0.185338 -0.381198
-0.170263 0.182758 -0.393453
-0.116048 0.173301 -0.388102
-0.117747 0.160653 -0.394994
-0.124871 0.158974 -0.398644
-0.121231 0.160801 -0.399226
-0.101283 0.171857 -0.386239
-0.067527 0.215672 -0.339212
-0.005063 0.201449 -0.297955
0.055662 0.177510 -0.255208
0.100940 0.151293 -0.213977
0.098184 0.129591 -0.191453
0.041940 0.167798 -0.127368
-0.015607 0.147284 -0.114800
-0.057436 0.110743 -0.124689
-0.040600 0.101366 -0.142374
0.023673 0.154895 -0.176889
0.093146 0.126985 -0.209117
0.118548 0.126196 -0.212559
0.120357 0.134814 -0.214738
0.125666 0.177009 -0.224871
0.116078 0.141176 -0.211814
0.110046 0.149516 -0.206162
0.116289 0.170266 -0.213766
0.130131 0.184987 -0.218409
0.131934 0.189830 -0.218532
0.139938 0.193960 -0.219111
0.140832 0.186039 -0.222015
0.136557 0.173676 -0.226970
0.138657 0.185759 -0.221304
0.130798 0.178868 -0.206347
0.091565 0.128523 -0.163338
0.063845 0.117951 -0.109927
0.046140 0.135840 -0.067719
0.039175 0.154033 -0.059403
0.079290 0.176843 -0.121632
0.229970 0.257103 -0.356840
0.152043 0.276460 -0.235672
0.018342 0.187460 -0.099097
-0.015812 0.154816 -0.062621
-0.027180 0.148121 -0.060658
-0.013334 0.142296 -0.085747
0.018041 0.141588 -0.147337
0.035130 0.138660 -0.248758
0.058948 0.143379 -0.293189
0.063762 0.157284 -0.289737
0.079288 0.174825 -0.313645
0.077312 0.172104 -0.322498
0.059609 0.148058 -0.321717
0.063371 0.175893 -0.326469
0.083997 0.213240 -0.320233
0.081098 0.250013 -0.294203
0.067627 0.321896 -0.217700
0.024214 0.295284 -0.143603
0.008409 0.257773 -0.105301
-0.016378 0.254836 -0.082319
-0.044127 0.245825 -0.084256
-0.085558 0.226351 -0.139989
-0.129371 0.160411 -0.379017
-0.142963 0.136008 -0.416384
-0.127569 0.126166 -0.381895
-0.106213 0.197315 -0.151026
-0.075919 0.211658 -0.129607
-0.003870 0.263121 -0.200210
0.022986 0.326113 -0.189254
0.024789 0.332204 -0.156123
0.046695 0.288014 -0.130825
0.052752 0.288188 -0.132425
0.058708 0.331699 -0.144880
0.060145 0.335073 -0.146037
0.059216 0.302653 -0.138846
0.086930 0.320597 -0.141174
0.066745 0.299732 -0.137032
0.084414 0.321635 -0.140447
0.051181 0.292296 -0.132733
0.038478 0.291415 -0.133235
0.031380 0.317235 -0.145435
-0.059625 0.254565 -0.162857
-0.105475 0.195186 -0.331381
-0.130825 0.119466 -0.426574
-0.135256 0.104987 -0.441196
-0.127519 0.167010 -0.370266
-0.089700 0.210310 -0.146630
-0.031368 0.209277 -0.103723
0.003530 0.201117 -0.116000
0.037156 0.209545 -0.123901
0.082673 0.267760 -0.144757
0.096329 0.294882 -0.168087
0.094445 0.317632 -0.190603
0.083608 0.302399 -0.194471
0.037255 0.247101 -0.182098
0.077267 0.259527 -0.204669
0.076248 0.229989 -0.224719
0.021736 0.129736 -0.136888
-0.007310 0.105630 -0.091571
-0.005241 0.103459 -0.075442
-0.008179 0.108510 -0.074309
-0.002563 0.108469 -0.071812
0.000440 0.110000 -0.068902
0.011249 0.110343 -0.069996
0.027700 0.113360 -0.083809
0.119453 0.121010 -0.147194
0.103163 0.126577 -0.130218
0.067802 0.131481 -0.099778
0.027559 0.135183 -0.064050
-0.003378 0.137144 -0.031210
0.025458 0.134119 -0.030380
0.062746 0.130197 -0.035964
0.076011 0.128928 -0.036550
0.081691 0.127992 -0.038393
0.078789 0.127234 -0.040986
0.058478 0.126716 -0.042729
0.033901 0.125915 -0.044871
0.010371 0.124524 -0.047573
0.003943 0.123754 -0.052142
-0.004013 0.113851 -0.057123
-0.006257 0.110752 -0.060807
-0.011401 0.106602 -0.062817
-0.005961 0.107043 -0.065606
-0.002085 0.105462 -0.067151
-0.000454 0.103303 -0.067496
-0.002410 0.100724 -0.065509
-0.006558 0.097691 -0.063813
-0.006309 0.097862 -0.064036
-0.003276 0.099620 -0.069548
0.025797 0.096066 -0.097805
0.090132 0.085725 -0.167606
0.104903 0.082024 -0.175866
0.105587 0.077980 -0.175730
0.088232 0.057490 -0.168159
0.105751 0.052349 -0.167729
0.093389 0.064202 -0.176136
0.063300 0.108624 -0.214524
0.067870 0.123173 -0.297067
0.051607 0.105345 -0.297240
0.068335 0.128714 -0.321565
0.053313 0.107560 -0.302503
0.073006 0.138214 -0.332018
0.053708 0.121954 -0.323230
0.067708 0.151350 -0.338002
0.053866 0.136502 -0.337018
0.044735 0.123998 -0.318333
0.043779 0.183969 -0.279769
0.053332 0.248601 -0.214184
0.025782 0.208279 -0.151850
0.017170 0.188817 -0.135356
0.003852 0.182253 -0.127470
0.002741 0.175747 -0.124666
-0.006666 0.181371 -0.110318
-0.020782 0.187664 -0.087772
-0.063321 0.166359 -0.096090
-0.181510 0.076647 -0.175565
-0.192226 0.058331 -0.192957
-0.184658 0.105110 -0.180139
-0.175783 0.165903 -0.148886
-0.124595 0.199279 -0.123566
-0.064066 0.224478 -0.099205
-0.006063 0.238635 -0.079611
0.023094 0.227362 -0.083198
0.028801 0.208254 -0.083375
0.029366 0.184595 -0.085981
0.029927 0.167044 -0.088601
0.031849 0.158736 -0.093596
0.032635 0.147446 -0.099509
0.039715 0.136258 -0.106862
0.052120 0.130738 -0.120422
0.055992 0.128562 -0.129768
0.053668 0.137416 -0.132298
0.052120 0.144911 -0.136696
0.051217 0.145738 -0.139414
0.052340 0.142564 -0.142216
0.051801 0.129463 -0.145959
0.049518 0.122690 -0.144986
0.049536 0.119998 -0.140615
0.049957 0.118713 -0.139309
0.051299 0.118484 -0.138633
0.054798 0.118098 -0.134875
0.058366 0.117292 -0.128897
0.061807 0.125274 -0.125940
0.061393 0.129595 -0.125564
0.062262 0.132027 -0.124332
0.060112 0.135178 -0.121564
0.045259 0.132684 -0.118812
-0.008967 0.138649 -0.113911
-0.095128 0.149382 -0.151136
-0.177976 0.150507 -0.186446
-0.223712 0.103595 -0.156473
-0.203149 0.039434 -0.186396
-0.212705 0.034210 -0.171891
-0.216711 0.030258 -0.124742
-0.150560 0.092667 -0.108710
-0.067944 0.163214 -0.105627
0.033088 0.207908 -0.167838
0.044498 0.188234 -0.162451
0.089549 0.227532 -0.191724
0.102566 0.239564 -0.201085
0.097595 0.234390 -0.202966
0.057927 0.213918 -0.197443
0.088783 0.229666 -0.211155
0.088897 0.222753 -0.212926
0.044229 0.190414 -0.203737
0.025855 0.119104 -0.134607
0.003629 0.102074 -0.070923
-0.005710 0.106529 -0.047188
0.021209 0.079944 -0.085114
0.067269 0.054904 -0.142917
0.099761 0.059395 -0.159513
0.123321 0.068635 -0.168819
0.127516 0.069740 -0.169439
0.121101 0.077263 -0.167479
0.068293 0.082549 -0.147411
0.034113 0.102545 -0.126499
0.038678 0.113534 -0.174710
0.083708 0.115473 -0.434571
0.099922 0.102533 -0.498870
0.096421 0.096489 -0.471678
0.067455 0.105873 -0.311683
0.006444 0.143774 -0.106710
-0.018198 0.153436 -0.026909
-0.034869 0.157804 0.026531
-0.044631 0.157923 0.057281
-0.048541 0.154836 0.069010
-0.047661 0.149587 0.065389
-0.043050 0.143218 0.050088
-0.035767 0.136774 0.026778
-0.026872 0.131297 -0.000873
-0.017424 0.127832 -0.029192
-0.007359 0.133417 -0.045555
-0.005081 0.138362 -0.055100
-0.005572 0.128688 -0.059233
-0.002981 0.131486 -0.092246
0.047415 0.121140 -0.232583
0.007344 0.132419 -0.148750
0.068606 0.148800 -0.298248
0.078976 0.178875 -0.332202
0.073193 0.213001 -0.297430
0.025837 0.236825 -0.170890
0.035824 0.248551 -0.134915
0.047161 0.263244 -0.125615
0.045183 0.268654 -0.126829
0.041169 0.274811 -0.129277
0.045833 0.257425 -0.121998
0.048367 0.249158 -0.127178
0.073680 0.246071 -0.136136
0.080361 0.237857 -0.129353
0.084617 0.234831 -0.125483
0.083541 0.231807 -0.125519
0.092407 0.240145 -0.128882
0.087482 0.245964 -0.127537
0.097515 0.253798 -0.129287
0.092307 0.243239 -0.130636
0.094916 0.244183 -0.124652
0.053289 0.199475 -0.110201
0.025799 0.191909 -0.103298
0.021492 0.187702 -0.099404
0.040281 0.190601 -0.097735
0.044687 0.186466 -0.098280
0.051159 0.189538 -0.103001
0.056179 0.189119 -0.104549
0.056705 0.186765 -0.105836
0.058183 0.185694 -0.106226
0.058570 0.184900 -0.105380
0.055872 0.183934 -0.103929
0.052498 0.182011 -0.105086
0.067471 0.193481 -0.109126
0.065309 0.213280 -0.109146
0.049645 0.223739 -0.102892
0.044073 0.246562 -0.106202
0.049907 0.305737 -0.120151
0.058249 0.308195 -0.124977
0.068862 0.297059 -0.128889
0.080444 0.276780 -0.132209
0.091695 0.251807 -0.135256
0.100813 0.222848 -0.141451
0.105349 0.210366 -0.142907
0.106385 0.212856 -0.141933
0.110457 0.212076 -0.143286
0.116830 0.208442 -0.143339
0.119916 0.207238 -0.143817
0.120519 0.205007 -0.145667
0.123267 0.204140 -0.148707
0.125757 0.202734 -0.150922
0.125469 0.204468 -0.152248
0.123714 0.213437 -0.149637
0.118448 0.236525 -0.141329
0.103740 0.249789 -0.137466
0.260844 0.249481 -0.242793
0.320876 0.232044 -0.283641
0.289817 0.231610 -0.256926
0.119028 0.253511 -0.129879
0.066096 0.247320 -0.095440
0.045649 0.241773 -0.081542
0.032803 0.238312 -0.076751
0.034257 0.238339 -0.075014
0.034845 0.236950 -0.073083
0.032291 0.236071 -0.072671
0.032427 0.237917 -0.074311
0.032046 0.238341 -0.075889
0.032809 0.235463 -0.078894
0.024154 0.224029 -0.085406
0.014574 0.213602 -0.091732
0.009885 0.201783 -0.096694
0.012403 0.204773 -0.099090
0.020419 0.213366 -0.107229
0.052486 0.242217 -0.122335
0.070987 0.248214 -0.128610
0.074698 0.244253 -0.135132
0.059587 0.226864 -0.140610
0.018022 0.175959 -0.140051
-0.014740 0.128410 -0.096304
-0.025514 0.129140 -0.086859
-0.001932 0.144251 -0.096880
0.074662 0.184934 -0.156495
0.023432 0.170289 -0.108140
-0.042040 0.150081 -0.050867
-0.071550 0.146678 -0.032853
-0.085992 0.145349 -0.023116
-0.069120 0.143483 -0.023287
-0.033709 0.146771 -0.029627
0.007811 0.148400 -0.038972
0.042759 0.138861 -0.045638
0.070614 0.126876 -0.052260
0.086523 0.114435 -0.058288
0.085630 0.103530 -0.063174
0.015012 0.098620 -0.054184
-0.001582 0.094348 -0.047929
-0.007308 0.097473 -0.056204
0.002218 0.107409 -0.103157
0.062531 0.142423 -0.273471
0.070472 0.174836 -0.278580
0.027774 0.165827 -0.143929
0.049623 0.256694 -0.168920
0.088766 0.294934 -0.179245
0.091316 0.297874 -0.182324
0.093155 0.308482 -0.177420
0.090614 0.263782 -0.153602
0.057974 0.114161 -0.085004
0.033289 0.088096 -0.066951
0.038138 0.089844 -0.072831
0.052160 0.110575 -0.089572
0.071590 0.143168 -0.112844
0.092659 0.180504 -0.138317
0.111603 0.215461 -0.161663
0.124653 0.240918 -0.178550
0.128044 0.249755 -0.184650
0.118009 0.234852 -0.175632
0.052190 0.108408 -0.085480
0.030838 0.071154 -0.062642
0.019071 0.064830 -0.055274
0.018821 0.065300 -0.064912
0.029668 0.075112 -0.102362
0.067608 0.107390 -0.230789
0.029374 0.075159 -0.102558
0.018940 0.068345 -0.066863
0.015870 0.076146 -0.066737
0.017473 0.116649 -0.088171
0.058951 0.138337 -0.095367
0.073629 0.145326 -0.084745
0.028389 0.106863 -0.064603
0.000476 0.075763 -0.041720
0.013661 0.061981 -0.045672
0.039109 0.052555 -0.056134
0.071387 0.046662 -0.070356
0.105064 0.043479 -0.085585
0.134707 0.042186 -0.099069
0.144128 0.041111 -0.100910
0.147314 0.040883 -0.099876
0.148712 0.041653 -0.099651
0.151329 0.042601 -0.099418
0.154273 0.042728 -0.099589
0.157500 0.042297 -0.097595
0.170647 0.038730 -0.091503
0.177305 0.035917 -0.081583
0.155624 0.036351 -0.058798
0.125066 0.039842 -0.036217
0.090372 0.047189 -0.018447
0.056277 0.059193 -0.010095
0.027521 0.076653 -0.015768
0.018581 0.089090 -0.031090
0.014680 0.126738 -0.077975
0.039714 0.256774 -0.247254
-0.007943 0.241398 -0.437365
-0.023591 0.241458 -0.452569
-0.004579 0.266624 -0.349177
0.030851 0.279550 -0.222989
0.122628 0.247621 -0.160070
0.130035 0.146314 -0.169221
0.117124 0.141016 -0.182703
0.133546 0.142809 -0.179856
0.113993 0.141580 -0.169550
0.103932 0.139371 -0.163329
0.101121 0.138029 -0.161627
0.100653 0.138213 -0.161422
0.100531 0.141542 -0.161556
0.100240 0.153108 -0.161681
0.102389 0.142657 -0.161817
0.103906 0.139209 -0.162605
0.103818 0.140462 -0.162493
0.105816 0.142805 -0.163211
0.104366 0.139779 -0.161766
0.103579 0.137338 -0.161265
0.103236 0.136471 -0.163315
0.098593 0.128204 -0.175453
0.091873 0.122463 -0.197718
0.080432 0.130468 -0.200017
0.068176 0.167080 -0.184683
0.088586 0.252374 -0.151986
0.126534 0.250568 -0.149942
0.169766 0.229581 -0.152662
0.211019 0.197104 -0.157717
0.243026 0.160827 -0.162676
0.258525 0.128441 -0.165108
0.250250 0.107637 -0.162583
0.157824 0.133400 -0.086236
0.085602 0.191842 -0.153153
0.087511 0.158355 -0.190355
0.083383 0.130360 -0.176918
0.110010 0.159111 -0.183147
0.118190 0.166738 -0.186582
0.120791 0.168288 -0.188397
0.123004 0.169607 -0.189468
0.122802 0.169292 -0.190346
0.122315 0.170040 -0.190423
0.124742 0.172181 -0.190290
0.125412 0.172864 -0.190409
0.122902 0.171589 -0.191151
0.119302 0.175695 -0.191094
0.112909 0.191849 -0.191639
0.108759 0.200943 -0.192576
0.111985 0.200082 -0.190502
0.108432 0.183994 -0.194041
0.114253 0.141548 -0.195779
0.105081 0.152551 -0.204000
0.125651 0.175706 -0.215109
0.195975 0.198902 -0.237167
0.269135 0.215389 -0.261955
0.307248 0.191213 -0.301241
0.312750 0.172008 -0.307112
0.303668 0.138281 -0.293957
0.313297 0.166622 -0.308748
0.315968 0.175342 -0.311541
0.313462 0.179380 -0.305930
0.293827 0.187310 -0.276360
0.209750 0.211143 -0.169388
0.085660 0.188320 -0.156386
0.095822 0.133035 -0.179172
0.073985 0.133858 -0.157866
0.074661 0.137164 -0.194232
0.078601 0.159833 -0.204587
0.090481 0.237821 -0.210533
0.096901 0.224856 -0.210213
0.085656 0.140011 -0.206099
0.087243 0.130849 -0.196226
0.093483 0.164096 -0.169761
0.151846 0.240313 -0.191839
0.046974 0.191371 -0.308563
-0.066194 0.128555 -0.408065
-0.097643 0.075984 -0.360783
-0.041788 0.130506 -0.195809
-0.023680 0.127258 -0.129377
-0.004500 0.118785 -0.076495
0.028386 0.095952 -0.047609
0.018349 0.093846 -0.041854
0.008158 0.091572 -0.039871
-0.003854 0.087729 -0.033112
-0.018829 0.084513 -0.028925
-0.035696 0.082043 -0.027144
-0.053384 0.080441 -0.027601
-0.070821 0.079826 -0.030130
-0.086936 0.080319 -0.034561
-0.100658 0.082040 -0.040728
-0.110916 0.085110 -0.048464
-0.116638 0.089648 -0.057600
-0.116754 0.095776 -0.067970
-0.110191 0.103614 -0.079406
-0.115540 0.085156 -0.108048
-0.045094 0.166755 -0.108321
0.014119 0.170144 -0.085320
0.033889 0.192813 -0.078668
0.052383 0.193287 -0.072979
0.064536 0.197720 -0.077291
0.061755 0.188799 -0.097191
0.017918 0.207087 -0.183649
-0.073623 0.197286 -0.368788
-0.082947 0.167837 -0.455616
-0.084729 0.159288 -0.474444
-0.080923 0.158097 -0.475032
-0.084660 0.158236 -0.461926
-0.077849 0.262390 -0.409371
0.013785 0.253189 -0.313335
0.112853 0.228508 -0.219304
0.170283 0.199621 -0.187338
0.190531 0.204599 -0.193075
0.170534 0.207724 -0.192422
0.157654 0.216330 -0.193908
0.134293 0.242723 -0.186040
0.136273 0.240978 -0.182634
0.167789 0.207881 -0.190521
0.171306 0.200297 -0.187655
0.166174 0.175676 -0.162838
0.165318 0.214018 -0.186032
0.166548 0.227887 -0.188519
0.169092 0.233196 -0.188873
0.172678 0.244016 -0.192262
0.176612 0.243237 -0.199335
0.144657 0.270018 -0.185840
0.173765 0.247263 -0.198452
0.161557 0.251493 -0.198036
0.172983 0.235370 -0.193106
0.166504 0.251198 -0.194157
0.169631 0.250986 -0.191379
0.166575 0.255024 -0.193636
0.163899 0.256823 -0.196237
0.164061 0.261085 -0.199709
0.171080 0.252545 -0.199552
0.163696 0.263916 -0.203766
0.145765 0.258189 -0.208463
0.066421 0.161840 -0.203569
0.041493 0.083761 -0.203091
0.048604 0.093698 -0.240224
0.062385 0.136306 -0.313842
0.062400 0.161276 -0.327198
0.052761 0.171369 -0.336674
0.049597 0.178384 -0.344319
0.043850 0.186951 -0.350672
0.039481 0.193323 -0.352081
0.036969 0.200448 -0.352664
0.042999 0.218374 -0.348411
0.041319 0.262603 -0.327750
0.047572 0.278873 -0.280216
0.054010 0.287845 -0.226442
0.058594 0.289910 -0.173370
0.059284 0.285459 -0.127946
0.037891 0.283112 -0.118429
0.038599 0.276238 -0.111476
0.032039 0.226488 -0.121735
0.045583 0.088068 -0.098599
0.058031 0.061199 -0.098220
0.060210 0.098017 -0.112216
0.079358 0.183504 -0.107527
0.081476 0.214969 -0.107131
0.075451 0.228622 -0.099666
0.062242 0.226180 -0.084294
0.055956 0.222462 -0.081787
0.053559 0.231225 -0.084793
0.053517 0.239441 -0.087701
0.053613 0.244656 -0.086856
0.054889 0.246806 -0.084166
0.053330 0.246539 -0.083892
0.051235 0.244874 -0.084067
0.048969 0.242327 -0.084599
0.046896 0.239410 -0.085397
0.045382 0.236640 -0.086368
0.044790 0.234529 -0.087423
0.046208 0.235396 -0.089240
0.050261 0.235792 -0.089546
0.052424 0.237139 -0.088998
0.053074 0.236652 -0.087945
0.053492 0.237040 -0.086852
0.054194 0.237589 -0.085767
0.055002 0.237528 -0.085867
0.055731 0.235928 -0.086010
0.057695 0.234423 -0.086600
0.058715 0.233598 -0.087445
0.059582 0.232370 -0.088447
0.059379 0.231033 -0.089609
0.059434 0.231907 -0.091333
0.062611 0.244862 -0.096103
0.084782 0.279509 -0.106594
0.105057 0.310206 -0.116467
0.106907 0.310561 -0.119503
0.079165 0.274216 -0.111940
0.071112 0.258435 -0.111906
0.071402 0.251848 -0.113752
0.074287 0.252747 -0.117314
0.070068 0.248412 -0.121848
0.059307 0.242589 -0.135125
0.047196 0.242248 -0.168518
0.042983 0.237859 -0.238202
0.051934 0.201463 -0.300025
0.056931 0.165004 -0.325905
0.057681 0.148822 -0.341727
0.066872 0.128233 -0.336227
0.070365 0.139783 -0.306245
0.080329 0.220809 -0.210329
0.089459 0.271043 -0.164690
0.120032 0.297510 -0.176298
0.144566 0.280712 -0.192951
0.149971 0.263765 -0.197595
0.150425 0.250734 -0.197656
0.152229 0.243709 -0.196705
0.153899 0.238547 -0.194819
0.155745 0.238315 -0.195311
0.157827 0.238044 -0.194044
0.158904 0.235868 -0.193096
0.159522 0.233889 -0.192635
0.160159 0.232296 -0.191538
0.160407 0.232352 -0.189690
0.160214 0.232437 -0.187981
0.162373 0.232336 -0.187722
0.164411 0.231892 -0.187366
0.165181 0.231434 -0.187661
0.164300 0.230705 -0.188378
0.163330 0.230823 -0.188274
0.161410 0.229595 -0.187863
0.160966 0.230131 -0.186119
0.160721 0.231618 -0.184486
0.163535 0.234044 -0.184041
0.164172 0.235324 -0.183495
0.160959 0.241161 -0.183870
0.159860 0.249132 -0.182476
0.160264 0.251730 -0.179009
0.151682 0.254174 -0.165049
0.118193 0.257382 -0.116063
0.122204 0.252438 -0.148710
0.100512 0.225559 -0.114792
0.069543 0.256229 -0.085790
-0.026146 0.233970 -0.070411
-0.179653 0.137202 -0.058165
-0.216749 0.077603 -0.064500
-0.228113 0.062897 -0.066477
-0.261109 0.066293 -0.069061
-0.288836 0.064130 -0.048930
-0.291236 0.064858 -0.048500
-0.276466 0.089115 -0.055668
-0.189879 0.170178 -0.071837
-0.070790 0.159086 -0.071781
-0.039810 0.127352 -0.097657
-0.014341 0.116919 -0.106137
0.007523 0.125884 -0.123592
0.100103 0.144314 -0.166336
0.171848 0.162069 -0.187398
0.180276 0.156831 -0.192857
0.177120 0.159573 -0.192050
0.170970 0.168985 -0.189130
0.174193 0.160492 -0.192428
0.172571 0.164594 -0.190886
0.175099 0.174311 -0.190101
0.168521 0.168379 -0.189674
0.168296 0.163807 -0.190619
0.165801 0.167709 -0.189462
0.166292 0.173591 -0.188316
0.162730 0.173641 -0.185640
0.161578 0.174690 -0.190753
0.162074 0.182222 -0.201906
0.117890 0.242594 -0.231455
0.012995 0.328561 -0.339897
-0.049949 0.255477 -0.436493
-0.074866 0.194521 -0.465327
-0.074923 0.184526 -0.451052
-0.008549 0.181384 -0.375315
0.024631 0.134406 -0.367949
0.034336 0.123649 -0.370565
0.034185 0.146152 -0.364625
0.038257 0.166682 -0.340617
0.080525 0.190401 -0.285980
0.132884 0.198253 -0.217571
0.144457 0.190397 -0.202505
0.155484 0.180967 -0.211877
0.157788 0.176795 -0.216034
0.147225 0.169276 -0.217284
0.131412 0.161277 -0.220907
0.109711 0.152626 -0.231551
0.049016 0.112103 -0.254752
0.000518 0.090925 -0.273104
-0.013543 0.077854 -0.288478
-0.006241 0.080325 -0.302154
0.010706 0.099815 -0.300072
-0.001543 0.116037 -0.225286
0.011212 0.099850 -0.102793
0.016027 0.090723 -0.052089
0.016846 0.086659 -0.031928
0.017020 0.084369 -0.027126
0.025690 0.083719 -0.037537
0.016683 0.088605 -0.043327
0.011624 0.094610 -0.044940
0.012185 0.091297 -0.045407
0.006928 0.100073 -0.045740
0.008691 0.098170 -0.045004
0.013375 0.091992 -0.046047
0.012389 0.094822 -0.046975
0.011593 0.097386 -0.048748
0.013446 0.093244 -0.049055
0.017882 0.086878 -0.052004
0.027652 0.078014 -0.057915
0.032520 0.074404 -0.057124
0.031007 0.079340 -0.053746
0.021596 0.086660 -0.043901
0.018034 0.086586 -0.036487
0.019993 0.084856 -0.034328
0.018540 0.086710 -0.034780
0.012483 0.091859 -0.040591
0.002036 0.105108 -0.071506
-0.047841 0.161269 -0.198298
-0.107501 0.189135 -0.369586
-0.100666 0.171700 -0.460509
-0.093715 0.192084 -0.460826
-0.083367 0.263100 -0.382784
-0.010568 0.198349 -0.264572
0.064557 0.210722 -0.195028
0.078804 0.191323 -0.183454
0.076728 0.166833 -0.177190
0.086854 0.185387 -0.175224
0.074686 0.152226 -0.176012
0.073358 0.149404 -0.176336
0.079323 0.170289 -0.177396
0.069003 0.155469 -0.184848
0.053826 0.168108 -0.213696
0.043105 0.201466 -0.236045
0.048691 0.174418 -0.233764
0.064580 0.199261 -0.240447
0.051652 0.168045 -0.233725
0.043758 0.148250 -0.232096
0.032655 0.141968 -0.225238
0.018658 0.140154 -0.196749
-0.027158 0.140060 -0.086695
-0.046219 0.146947 -0.102312
-0.044789 0.141541 -0.099106
-0.033676 0.133340 -0.095085
0.038301 0.123962 -0.100669
0.155473 0.126109 -0.177626
0.139837 0.082155 -0.159227
0.169756 0.088376 -0.194622
0.185310 0.088383 -0.203004
0.193088 0.097063 -0.205073
0.197654 0.108418 -0.207878
0.196367 0.129994 -0.219807
0.149442 0.080818 -0.182124
0.052787 0.099622 -0.090849
-0.124029 0.082233 -0.112142
-0.248003 0.047109 -0.147949
-0.250699 0.054196 -0.162466
-0.178010 0.104416 -0.151421
-0.074970 0.162389 -0.133032
0.033046 0.214732 -0.110365
0.120665 0.248062 -0.086485
0.093006 0.199789 -0.073789
0.064961 0.133525 -0.040589
0.071233 0.137143 -0.042371
0.057781 0.116467 -0.030574
0.065777 0.129584 -0.031590
0.074202 0.146500 -0.034993
0.069561 0.146601 -0.035673
0.062168 0.143954 -0.035979
0.053848 0.139820 -0.035403
0.046429 0.135463 -0.033437
0.044744 0.133117 -0.025115
0.045192 0.132385 -0.017119
0.047175 0.133840 -0.011673
0.050099 0.138057 -0.011000
0.049627 0.138079 -0.016321
0.051917 0.147348 -0.031474
0.066357 0.193999 -0.078383
0.082775 0.245967 -0.129110
0.097973 0.293411 -0.174806
0.108750 0.326492 -0.206622
0.105252 0.312041 -0.190277
0.096297 0.280079 -0.157921
0.084045 0.237297 -0.116275
0.070659 0.190389 -0.072059
0.058299 0.146048 -0.031994
0.052072 0.120559 -0.016263
0.048822 0.104223 -0.009878
0.048341 0.096936 -0.011317
0.050418 0.098591 -0.019055
0.054842 0.109081 -0.031568
0.063501 0.123535 -0.038338
0.061114 0.148808 -0.046816
0.076130 0.217096 -0.098826
0.097722 0.286543 -0.155094
0.125040 0.342194 -0.205274
0.165343 0.328708 -0.212829
0.203138 0.300140 -0.209642
0.231043 0.270160 -0.201407
0.227087 0.277620 -0.204702
0.210225 0.293160 -0.207666
0.184826 0.312599 -0.209325
0.155258 0.331759 -0.208703
0.125890 0.346461 -0.204828
0.107203 0.344830 -0.193751
0.092527 0.335837 -0.179291
0.081305 0.320758 -0.162293
0.072980 0.300868 -0.143603
0.066996 0.277443 -0.124066
0.062795 0.251757 -0.104528
0.059821 0.225087 -0.085835
0.057517 0.198707 -0.068831
0.055326 0.173894 -0.054363
0.052691 0.151922 -0.043275
0.049055 0.134067 -0.036414
0.047961 0.125724 -0.040360
0.046510 0.124547 -0.042211
0.034016 0.121857 -0.045696
-0.029534 0.108537 -0.055029
-0.103549 0.093489 -0.066417
-0.175344 0.078523 -0.078802
-0.232235 0.065449 -0.091126
-0.242819 0.040780 -0.102777
-0.241469 0.049971 -0.103262
-0.193714 0.100429 -0.101538
-0.057202 0.132839 -0.094243
0.013215 0.149085 -0.190626
0.047936 0.195641 -0.216920
0.029032 0.151780 -0.220810
0.022419 0.139777 -0.220572
0.023051 0.138888 -0.221488
0.034115 0.166609 -0.221083
0.025490 0.153809 -0.217240
0.033714 0.192806 -0.206395
0.022041 0.200581 -0.180353
0.025033 0.206643 -0.173880
0.167432 0.259476 -0.392711
0.164191 0.223023 -0.393697
0.025345 0.184524 -0.146871
0.017713 0.152003 -0.091255
0.079557 0.098816 -0.097918
0.121940 0.070234 -0.147094
0.150651 0.057041 -0.192898
0.169955 0.059684 -0.199724
0.182741 0.071928 -0.200802
0.186033 0.073091 -0.201236
0.180997 0.074484 -0.204514
0.153896 0.090019 -0.209985
0.088186 0.157302 -0.260372
-0.001457 0.178517 -0.403312
-0.044825 0.109642 -0.481286
-0.058500 0.076206 -0.501137
-0.078340 0.093022 -0.471461
-0.079092 0.162731 -0.317320
-0.014571 0.132233 -0.105327
0.009571 0.128253 -0.024572
0.029082 0.123204 0.027449
0.044264 0.117549 0.055144
0.055420 0.111748 0.062925
0.062850 0.106264 0.055200
0.066857 0.101558 0.036380
0.067743 0.098091 0.010874
0.065810 0.096325 -0.016907
0.061358 0.096722 -0.042554
0.052081 0.104595 -0.056930
0.041976 0.107525 -0.050571
0.035753 0.117115 -0.040241
0.043250 0.106236 -0.039068
0.050581 0.106353 -0.056810
0.059503 0.101700 -0.100686
0.065888 0.120617 -0.151836
0.099319 0.142571 -0.195051
0.116047 0.162515 -0.200052
0.130820 0.195943 -0.205680
0.117008 0.162943 -0.198664
0.113474 0.153276 -0.197023
0.110981 0.149718 -0.200724
0.090339 0.144604 -0.216898
0.058129 0.151693 -0.238139
0.051777 0.185408 -0.247265
0.051106 0.152739 -0.244718
0.048332 0.142040 -0.244920
0.041392 0.139426 -0.243734
0.026020 0.145324 -0.235922
0.022799 0.171574 -0.178388
0.088583 0.208131 -0.123234
0.163140 0.296339 -0.126071
0.179825 0.303770 -0.119833
0.181367 0.298213 -0.120625
0.164835 0.313721 -0.135812
0.163345 0.317756 -0.144913
0.164786 0.302908 -0.157489
0.176128 0.218300 -0.196840
0.202354 0.115851 -0.196684
0.217439 0.084135 -0.203581
0.143007 0.117268 -0.219175
0.062775 0.165921 -0.226291
0.049519 0.201954 -0.182453
0.034670 0.177799 -0.151882
0.055877 0.223273 -0.153103
0.043466 0.210526 -0.145505
0.056986 0.214909 -0.155656
0.043010 0.180771 -0.150167
0.063897 0.214170 -0.166337
0.072494 0.224528 -0.174220
0.076518 0.225049 -0.177861
0.072877 0.226116 -0.178210
0.081382 0.228922 -0.180885
0.082060 0.229150 -0.182316
0.081308 0.225693 -0.185092
0.076785 0.218043 -0.189621
0.073049 0.213417 -0.193526
0.068781 0.213254 -0.196266
0.061715 0.222176 -0.191683
0.055092 0.208495 -0.212529
0.046638 0.180081 -0.252938
0.044374 0.170580 -0.260519
0.041799 0.172391 -0.260854
0.024287 0.160163 -0.247429
0.027208 0.147033 -0.246795
0.029446 0.130755 -0.250500
0.033755 0.141257 -0.245629
0.040633 0.169933 -0.238197
0.036902 0.144832 -0.245650
0.038595 0.158844 -0.251369
0.051323 0.212604 -0.265954
0.053422 0.197908 -0.251628
0.037060 0.160763 -0.240373
0.021736 0.152074 -0.214157
0.085321 0.179202 -0.172981
0.203048 0.186959 -0.262795
0.265761 0.165811 -0.313169
0.276132 0.154251 -0.324048
0.272824 0.145893 -0.324470
0.269407 0.140415 -0.321796
0.266474 0.139735 -0.319006
0.266863 0.143120 -0.310963
0.267990 0.143740 -0.301521
0.277361 0.142413 -0.280390
0.285197 0.163526 -0.265490
0.282949 0.164895 -0.202070
0.356696 0.160985 -0.211399
0.209851 0.161494 -0.124386
0.039623 0.161657 -0.030315
-0.036832 0.160930 0.026845
-0.088882 0.159625 0.073419
-0.119414 0.157741 0.108826
-0.131317 0.155274 0.132481
-0.127475 0.152220 0.143803
-0.110778 0.148577 0.142207
-0.084111 0.144341 0.127110
-0.050361 0.139510 0.097930
-0.012416 0.134080 0.054084
0.026838 0.128048 -0.005013
0.041574 0.121576 -0.057022
0.107079 0.113185 -0.213085
0.155187 0.105818 -0.319416
0.203296 0.098450 -0.425747
0.251404 0.091083 -0.532079
0.299512 0.083716 -0.638410
0.347620 0.076349 -0.744741
0.395728 0.068981 -0.851072
0.443836 0.061614 -0.957404
0.491945 0.054247 -1.063735
0.540053 0.046879 -1.170066
0.588161 0.039512 -1.276397
0.636269 0.032145 -1.382729
0.684377 0.024777 -1.489060
0.732485 0.017410 -1.595391
0.780594 0.010043 -1.701722
0.828702 0.002675 -1.808054
0.876810 -0.004692 -1.914385
0.924918 -0.012059 -2.020716
0.973026 -0.019427 -2.127048
1.021135 -0.026794 -2.233379
1.069243 -0.034161 -2.339710
1.117351 -0.041528 -2.446041
1.165459 -0.048896 -2.552373
1.213567 -0.056263 -2.658704
