0.063449 0.070412 0.028374
0.065895 0.079966 0.015538
0.068459 0.089546 0.003052
0.071107 0.099128 -0.009131
0.073807 0.108687 -0.021058
0.076522 0.118198 -0.032776
0.079221 0.127635 -0.044332
0.081867 0.136974 -0.055772
0.084427 0.146189 -0.067145
0.086868 0.155257 -0.078496
0.089155 0.164152 -0.089873
0.091253 0.172849 -0.101323
0.093129 0.181323 -0.112892
0.094749 0.189549 -0.124628
0.096078 0.197502 -0.136578
0.097082 0.205158 -0.148788
0.097728 0.212491 -0.161306
0.097981 0.219477 -0.174178
0.097807 0.226090 -0.187451
0.097172 0.232305 -0.201172
0.096042 0.238098 -0.215389
0.094383 0.243444 -0.230148
0.092160 0.248318 -0.245497
0.089340 0.252694 -0.261481
0.085888 0.256549 -0.278149
0.081770 0.259856 -0.295546
0.076953 0.262591 -0.313721
0.071402 0.264730 -0.332719
0.065083 0.266246 -0.352589
0.057961 0.267116 -0.373376
0.050004 0.267314 -0.395128
0.019722 0.246181 -0.457256
-0.000175 0.257703 -0.477655
0.049618 0.352383 -0.399333
0.127832 0.342746 -0.268842
0.163399 0.256988 -0.226161
0.169459 0.201008 -0.219384
0.182808 0.163947 -0.212308
0.206476 0.139417 -0.195810
0.157246 0.100969 -0.129929
0.237777 0.149644 -0.101956
0.230873 0.176518 -0.081691
0.210700 0.206852 -0.067636
0.181940 0.237533 -0.058621
0.149274 0.265448 -0.053479
0.117385 0.287482 -0.051039
0.089079 0.291547 -0.042721
0.086031 0.289239 -0.049233
0.091726 0.282877 -0.058827
0.103657 0.274896 -0.069028
0.119316 0.267729 -0.077364
0.133590 0.270351 -0.075545
0.148121 0.274561 -0.070987
0.161945 0.278697 -0.065288
0.174100 0.281100 -0.060047
0.201780 0.282663 -0.061366
0.167543 0.264945 -0.061481
0.135412 0.245214 -0.061737
0.162389 0.219572 -0.062732
0.244569 0.237503 -0.049457
0.235261 0.254072 -0.059707
0.202556 0.256098 -0.072199
0.177458 0.260955 -0.077052
0.152567 0.260171 -0.084926
0.140361 0.231797 -0.093776
0.128694 0.220950 -0.130324
0.137616 0.193683 -0.212094
0.135054 0.180114 -0.216037
0.140449 0.186784 -0.179972
0.142326 0.199733 -0.138853
0.113609 0.215514 -0.144503
0.101840 0.222479 -0.146456
0.095402 0.232842 -0.147792
0.090209 0.254665 -0.152206
0.092628 0.264380 -0.153009
0.095894 0.267386 -0.148411
0.095676 0.275218 -0.128191
0.092497 0.272344 -0.129775
0.089623 0.279387 -0.122885
0.087271 0.286848 -0.116784
0.086171 0.292432 -0.114412
0.086818 0.296633 -0.113968
0.089797 0.298882 -0.115409
0.095693 0.298610 -0.118688
0.105090 0.295250 -0.123761
0.121617 0.283047 -0.136983
0.137071 0.274741 -0.141019
0.185262 0.263398 -0.115829
0.181392 0.250726 -0.173866
0.168597 0.234086 -0.171562
0.179191 0.223021 -0.163210
0.235969 0.232131 -0.113119
0.241035 0.236661 -0.118355
0.200728 0.251012 -0.193455
0.192899 0.256363 -0.210090
0.202327 0.249130 -0.203832
0.225496 0.223187 -0.147836
0.172090 0.212915 -0.180027
0.162244 0.201025 -0.189479
0.169273 0.165910 -0.205910
0.201897 0.135016 -0.214669
0.182231 0.114286 -0.203767
0.113286 0.096389 -0.145604
0.016292 0.082685 -0.068158
-0.052209 0.080065 -0.063153
-0.087371 0.085387 -0.088606
-0.072235 0.057201 -0.100394
-0.037339 0.109826 -0.091056
0.074921 0.170777 -0.066841
0.097298 0.186651 -0.060212
0.131358 0.192504 -0.062058
0.065657 0.099981 -0.113974
0.103796 0.100341 -0.160680
0.218004 0.162532 -0.176860
0.218044 0.245908 -0.158329
0.172742 0.276091 -0.183518
0.138297 0.287217 -0.178707
0.134398 0.289068 -0.174415
0.134869 0.284574 -0.166973
0.136805 0.277160 -0.157122
0.133438 0.276527 -0.152657
0.128013 0.275893 -0.142335
0.108487 0.273419 -0.087615
0.104435 0.270278 -0.074254
0.102911 0.267604 -0.068459
0.103116 0.268401 -0.070889
0.101604 0.267511 -0.067838
0.100878 0.268359 -0.062905
0.101966 0.268229 -0.063730
0.101182 0.269139 -0.065944
0.105591 0.276806 -0.087731
0.124291 0.278910 -0.138433
0.130830 0.277191 -0.152111
0.130077 0.274233 -0.151110
0.123815 0.265341 -0.135299
0.107379 0.256664 -0.096890
0.090645 0.248698 -0.058256
0.086739 0.246047 -0.049175
0.085104 0.244714 -0.046979
0.081797 0.242720 -0.045582
0.079408 0.241389 -0.046578
0.077543 0.240840 -0.044391
0.075917 0.240495 -0.043611
0.076620 0.241295 -0.048591
0.081921 0.246731 -0.070469
0.090782 0.252133 -0.097977
0.103438 0.255942 -0.128144
0.118408 0.258246 -0.158965
0.138667 0.254799 -0.185829
0.197495 0.248839 -0.214104
0.253985 0.192521 -0.199003
0.229367 0.158464 -0.171631
0.117806 0.116421 -0.174903
0.053592 0.083392 -0.133468
0.053067 0.139788 -0.109697
0.078823 0.204082 -0.094951
0.148371 0.245126 -0.095548
0.162227 0.245534 -0.088399
0.160233 0.225682 -0.083420
0.146530 0.197335 -0.096981
0.105407 0.146497 -0.119308
-0.028422 0.071528 -0.107912
-0.064779 0.039781 -0.105573
-0.071634 0.025820 -0.102823
-0.065267 0.034146 -0.096958
-0.030036 0.073796 -0.085680
0.027851 0.130583 -0.102466
0.149859 0.224815 -0.223648
0.129988 0.299821 -0.305611
0.043839 0.289431 -0.416576
-0.011390 0.240993 -0.467247
-0.023701 0.255834 -0.439567
-0.020993 0.287246 -0.447610
-0.080149 0.263463 -0.368288
-0.150299 0.229116 -0.267305
-0.223943 0.190540 -0.160770
-0.293579 0.154073 -0.064793
-0.341193 0.138117 -0.025621
-0.376027 0.129387 -0.008135
-0.396814 0.126662 -0.007350
-0.402284 0.128724 -0.018283
-0.391167 0.134353 -0.035950
-0.362193 0.142330 -0.055369
-0.314093 0.151436 -0.071556
-0.245598 0.160451 -0.079527
-0.097891 0.166317 -0.051100
0.015537 0.163798 -0.025053
0.062815 0.178003 -0.018283
0.081872 0.190836 -0.016923
0.075900 0.187413 -0.017201
0.045250 0.180614 -0.023180
-0.008631 0.172749 -0.036025
-0.138556 0.168762 -0.075704
-0.198946 0.168196 -0.093952
-0.248116 0.169234 -0.108438
-0.286666 0.171581 -0.119379
-0.315198 0.174942 -0.126988
-0.334310 0.179022 -0.131482
-0.344605 0.183527 -0.133074
-0.346682 0.188161 -0.131981
-0.341143 0.192630 -0.128416
-0.328587 0.196637 -0.122596
-0.309615 0.199889 -0.114735
-0.284829 0.202091 -0.105048
-0.254828 0.202947 -0.093749
-0.220213 0.202162 -0.081055
-0.181584 0.199442 -0.067181
-0.136787 0.193442 -0.049275
-0.090811 0.185573 -0.032764
-0.045891 0.176198 -0.020007
-0.004260 0.165679 -0.013366
0.031846 0.154377 -0.015200
0.059000 0.130260 -0.025788
0.076103 0.129343 -0.048443
0.067543 0.124487 -0.099827
0.073401 0.156447 -0.236641
0.060355 0.154473 -0.286393
0.051312 0.174043 -0.296131
0.063206 0.235552 -0.279677
0.085635 0.263213 -0.216753
0.112623 0.270886 -0.173215
0.126053 0.262161 -0.153086
0.129504 0.253206 -0.151307
0.140237 0.245521 -0.156956
0.159481 0.205622 -0.168932
0.149087 0.087273 -0.125565
0.156578 0.046602 -0.108671
0.159335 0.043552 -0.100900
0.169104 0.046813 -0.105731
0.198483 0.085683 -0.124034
0.309548 0.220856 -0.212377
0.364347 0.231726 -0.298515
0.376657 0.216900 -0.309808
0.309028 0.189005 -0.306542
0.250721 0.217899 -0.223553
0.252236 0.207695 -0.200914
0.231805 0.260310 -0.224183
0.221957 0.272073 -0.230567
0.215274 0.282434 -0.234702
0.198217 0.269007 -0.236037
0.165301 0.204380 -0.248063
0.158252 0.203461 -0.231621
0.230521 0.189715 -0.198311
0.225797 0.172762 -0.205231
0.123006 0.153146 -0.251135
0.230478 0.174602 -0.231076
0.259991 0.176824 -0.193914
0.247967 0.183458 -0.162033
0.184434 0.204212 -0.067404
0.240570 0.219550 -0.078945
0.154006 0.306900 -0.141510
0.137482 0.326986 -0.154724
0.129830 0.335670 -0.162618
0.131496 0.338292 -0.164573
0.138130 0.335569 -0.163495
0.147234 0.329976 -0.160985
0.152926 0.325057 -0.160500
0.156309 0.324112 -0.161203
0.160679 0.330814 -0.161233
0.167164 0.328821 -0.163092
0.169003 0.320956 -0.165699
0.174208 0.325801 -0.168022
0.171288 0.326958 -0.168063
0.173419 0.326352 -0.168696
0.174894 0.320597 -0.169194
0.174456 0.309093 -0.170441
0.175916 0.304648 -0.170843
0.176951 0.304001 -0.171256
0.174902 0.303849 -0.171196
0.177467 0.304236 -0.168816
0.188815 0.280691 -0.160192
0.303913 0.191755 -0.159533
0.293694 0.211922 -0.242641
0.144156 0.216627 -0.186528
0.131972 0.224104 -0.191039
0.109478 0.219677 -0.235973
0.087154 0.199492 -0.286608
0.080344 0.148153 -0.297579
0.081190 0.132127 -0.298344
0.090283 0.127392 -0.280478
0.119859 0.117319 -0.207966
0.150422 0.076097 -0.132857
0.145452 0.085699 -0.124604
0.123977 0.142376 -0.208005
0.093705 0.178022 -0.282204
0.086235 0.176584 -0.304080
0.093190 0.173950 -0.313755
0.094738 0.174873 -0.313558
0.095149 0.175288 -0.314345
0.094780 0.172414 -0.314012
0.092177 0.164941 -0.314590
0.078219 0.151511 -0.319113
0.094691 0.162988 -0.315124
0.091864 0.161155 -0.313226
0.085847 0.148835 -0.306676
0.076892 0.122715 -0.280897
0.129834 0.097269 -0.176204
0.248854 0.132204 -0.224115
0.411680 0.120043 -0.185517
0.427697 0.175802 -0.235157
0.378668 0.269511 -0.290847
0.362880 0.278400 -0.312083
0.366036 0.284174 -0.315195
0.356240 0.278651 -0.316885
0.358657 0.259126 -0.327368
0.362850 0.268090 -0.313200
0.359606 0.255914 -0.311806
0.361470 0.244491 -0.315459
0.350676 0.235291 -0.310238
0.324143 0.216208 -0.276262
0.204109 0.157627 -0.137202
0.003619 0.153603 -0.093944
-0.178910 0.160037 -0.068734
-0.217710 0.188272 -0.069684
-0.140669 0.176641 -0.057107
-0.036045 0.163209 -0.048564
0.026263 0.165920 -0.043604
0.041727 0.178867 -0.055911
0.038537 0.175817 -0.054126
0.021799 0.172485 -0.060652
0.007394 0.170178 -0.067579
-0.003443 0.171100 -0.072586
-0.007841 0.167312 -0.073191
-0.011548 0.163382 -0.071936
-0.012207 0.158429 -0.065185
-0.006379 0.154642 -0.058452
-0.003124 0.147766 -0.052618
-0.004524 0.150991 -0.056474
-0.016795 0.150856 -0.055976
-0.044979 0.141705 -0.055621
-0.126588 0.132793 -0.080824
-0.161273 0.062845 -0.084048
-0.161589 0.066654 -0.079962
-0.118650 0.133882 -0.078586
0.001184 0.172910 -0.074002
0.116560 0.197633 -0.075723
0.082158 0.147036 -0.109582
0.084608 0.102352 -0.119307
0.208185 0.064688 -0.149462
0.181391 0.097475 -0.196566
0.061340 0.164182 -0.269327
0.027596 0.165150 -0.301916
0.014266 0.186795 -0.308157
0.006074 0.197343 -0.304061
0.006239 0.201531 -0.306983
0.011716 0.196706 -0.314631
0.014679 0.200294 -0.318354
0.017120 0.206321 -0.310749
0.023921 0.195738 -0.304845
0.061304 0.182363 -0.269669
0.104336 0.102980 -0.227033
0.116255 0.072447 -0.213116
0.118507 0.081649 -0.223337
0.092110 0.133835 -0.275788
0.079725 0.150672 -0.299868
0.082428 0.164066 -0.307557
0.081120 0.173606 -0.305363
0.073211 0.174528 -0.303130
0.069565 0.174667 -0.306120
0.075743 0.175744 -0.307884
0.081398 0.174604 -0.307616
0.103682 0.172182 -0.306669
0.165421 0.137216 -0.290707
0.185245 0.080799 -0.273625
0.122561 0.127910 -0.290417
0.093970 0.132974 -0.303354
0.090777 0.123875 -0.309016
0.081340 0.126429 -0.307970
0.082020 0.129924 -0.301038
0.099607 0.146790 -0.271005
0.081485 0.097511 -0.167389
0.105417 0.082446 -0.144528
0.121690 0.161526 -0.134510
0.141424 0.261558 -0.165322
0.109228 0.282324 -0.184110
0.040833 0.177481 -0.132289
0.038717 0.287351 -0.288548
0.034723 0.326286 -0.333523
0.027290 0.311356 -0.333513
0.043790 0.274705 -0.295625
0.005373 0.276365 -0.335235
-0.002898 0.277369 -0.342953
0.003473 0.275089 -0.333128
0.036284 0.263632 -0.291840
0.004112 0.277466 -0.332637
-0.002088 0.290801 -0.340671
0.004590 0.312148 -0.331303
0.020687 0.324702 -0.340721
0.057857 0.362587 -0.339076
0.098719 0.356624 -0.337772
0.112089 0.345629 -0.330259
0.103193 0.328656 -0.341864
0.102488 0.337789 -0.334434
0.094679 0.320517 -0.345620
0.091695 0.314342 -0.348338
0.090615 0.317303 -0.348263
0.088581 0.324177 -0.345030
0.080616 0.339759 -0.328219
0.079319 0.302167 -0.291879
0.075152 0.262427 -0.260853
0.059249 0.245608 -0.265814
0.015354 0.263773 -0.305182
0.006986 0.286463 -0.318011
0.011835 0.310882 -0.324952
0.030688 0.314472 -0.341965
0.068356 0.323022 -0.341717
0.104839 0.328265 -0.338333
0.110334 0.318116 -0.339442
0.106239 0.314347 -0.340622
0.103862 0.317812 -0.339703
0.105898 0.333322 -0.336490
0.108514 0.352369 -0.322728
0.109156 0.378445 -0.277273
0.076317 0.328309 -0.233566
0.052263 0.244659 -0.230684
0.103158 0.109562 -0.207654
0.110324 0.056919 -0.208286
0.094962 0.084979 -0.222172
0.041492 0.155414 -0.295944
0.031501 0.161166 -0.322587
0.026617 0.164524 -0.329057
0.028478 0.170421 -0.325808
0.031824 0.167716 -0.325406
0.034192 0.165236 -0.326440
0.033310 0.164302 -0.327148
0.032153 0.164108 -0.328730
0.032184 0.165158 -0.332009
0.034557 0.166218 -0.334421
0.037647 0.168936 -0.337462
0.041352 0.168237 -0.336583
0.061336 0.155854 -0.324868
0.158747 0.098776 -0.289780
0.193897 0.051997 -0.264045
0.184524 0.075627 -0.265398
0.124974 0.143228 -0.301326
0.094510 0.149199 -0.321305
0.092410 0.174175 -0.322762
0.096091 0.188900 -0.320551
0.090575 0.191535 -0.316538
0.091378 0.192813 -0.317076
0.092276 0.185926 -0.315178
0.092674 0.185776 -0.310989
0.093763 0.182104 -0.310144
0.094640 0.177143 -0.311880
0.090513 0.160686 -0.312835
0.070807 0.126257 -0.317223
0.055384 0.115585 -0.297041
0.039103 0.110150 -0.268321
0.022668 0.109083 -0.233411
0.006783 0.111516 -0.194658
-0.007848 0.116582 -0.154410
-0.020522 0.123412 -0.115016
-0.030535 0.131138 -0.078822
-0.037182 0.138892 -0.048177
-0.039761 0.145807 -0.025428
-0.030690 0.149382 -0.020706
-0.020219 0.151403 -0.023128
-0.011721 0.152022 -0.029596
-0.020011 0.151379 -0.031824
-0.030235 0.149650 -0.035530
-0.038835 0.146298 -0.045848
-0.043984 0.142834 -0.047076
-0.049452 0.138106 -0.043750
-0.036417 0.134869 -0.051061
0.025113 0.139277 -0.075830
0.140816 0.142080 -0.144723
0.373813 0.152246 -0.396448
0.363040 0.147563 -0.394540
0.156586 0.148873 -0.136922
0.107427 0.151287 -0.093039
0.144349 0.194342 -0.173269
0.145563 0.158945 -0.177243
0.156821 0.162972 -0.182625
0.151674 0.143095 -0.178427
0.157637 0.166381 -0.175809
0.163315 0.175857 -0.175805
0.156997 0.179905 -0.174930
0.156160 0.173655 -0.180815
0.149681 0.166913 -0.180981
0.158997 0.178977 -0.180558
0.159798 0.183803 -0.177386
0.161950 0.188363 -0.179537
0.160144 0.194690 -0.178701
0.164845 0.189956 -0.183775
0.167298 0.181345 -0.184998
0.173006 0.192019 -0.185546
0.196231 0.187871 -0.212970
0.248795 0.093374 -0.221339
0.247010 0.063728 -0.224503
0.186455 0.143369 -0.243816
0.106490 0.164495 -0.292384
0.081857 0.173956 -0.303510
0.079156 0.187662 -0.308806
0.078992 0.201913 -0.310634
0.081564 0.201872 -0.311938
0.084795 0.193408 -0.312283
0.077280 0.176591 -0.318745
0.093893 0.191342 -0.318618
0.129658 0.189268 -0.317344
0.167817 0.108268 -0.277020
0.165956 0.095258 -0.279323
0.111977 0.136538 -0.308681
0.104424 0.145292 -0.318155
0.097649 0.130957 -0.317123
0.055382 0.130920 -0.278179
-0.073598 0.118106 -0.111143
-0.142061 0.099990 -0.098125
-0.168071 0.079572 -0.104742
-0.220182 0.089015 -0.109755
-0.248846 0.054019 -0.121996
-0.246644 0.069020 -0.103457
-0.177623 0.107860 -0.091431
-0.090974 0.153996 -0.080204
-0.001474 0.199759 -0.071329
0.076102 0.237478 -0.066358
0.101589 0.256407 -0.083280
0.075163 0.246865 -0.094427
0.039138 0.163032 -0.051131
0.026395 0.132072 -0.041097
0.019863 0.112033 -0.037576
0.024768 0.113092 -0.037967
0.049506 0.130886 -0.054323
0.144720 0.191282 -0.115121
0.050174 0.136313 -0.060796
0.042169 0.144544 -0.074514
0.108674 0.235769 -0.199204
0.043229 0.146508 -0.108230
0.089095 0.244942 -0.281960
0.101123 0.276278 -0.344844
0.112104 0.302970 -0.395412
0.122074 0.325330 -0.434617
0.131070 0.343671 -0.463410
0.139128 0.358308 -0.482743
0.146286 0.369552 -0.493568
0.152579 0.377716 -0.496839
0.158046 0.383115 -0.493505
0.162722 0.386061 -0.484521
0.166644 0.386867 -0.470837
0.169850 0.385847 -0.453405
0.172375 0.383313 -0.433179
0.174257 0.379578 -0.411109
0.175531 0.374956 -0.388149
0.176236 0.369759 -0.365249
0.176408 0.364302 -0.343363
0.176083 0.358896 -0.323441
0.175298 0.353855 -0.306437
0.174090 0.349492 -0.293302
0.172495 0.346121 -0.284989
0.173527 0.346545 -0.288670
0.172482 0.347026 -0.294722
0.167634 0.346318 -0.299743
0.157255 0.343173 -0.300329
0.139620 0.336346 -0.293079
0.113001 0.324588 -0.274590
0.064937 0.308268 -0.220805
0.010798 0.283513 -0.163433
-0.044781 0.248066 -0.113527
-0.097750 0.184001 -0.109620
-0.197828 0.088619 -0.096254
-0.213539 0.032483 -0.118660
-0.138802 0.041025 -0.132931
0.166353 0.091131 -0.188347
0.252574 0.048425 -0.220470
0.255018 0.060371 -0.227214
0.226332 0.149756 -0.220332
0.195591 0.155866 -0.187676
0.201487 0.174699 -0.168957
0.199942 0.175226 -0.167075
0.200170 0.153880 -0.173568
0.202115 0.177381 -0.161322
0.195306 0.184547 -0.159527
0.193865 0.195284 -0.154278
0.192883 0.183760 -0.157542
0.194031 0.143906 -0.171849
0.187831 0.140034 -0.166175
0.183137 0.111929 -0.169711
0.175199 0.081357 -0.170026
0.172764 0.083039 -0.171166
0.195820 0.137507 -0.153413
0.404823 0.273667 -0.238672
0.464280 0.246644 -0.386397
0.450597 0.169238 -0.438567
0.386619 0.139143 -0.392692
0.170899 0.107378 -0.164047
0.169485 0.083406 -0.214807
0.165954 0.062545 -0.230885
0.157012 0.079293 -0.238146
0.122424 0.166945 -0.263333
0.088846 0.162525 -0.297383
0.074824 0.151647 -0.307735
0.074207 0.154780 -0.310535
0.076382 0.157932 -0.309169
0.082548 0.159758 -0.308798
0.088793 0.168620 -0.315421
0.085946 0.167210 -0.314491
0.086731 0.168394 -0.312663
0.088517 0.169813 -0.311662
0.081611 0.158353 -0.319917
0.089808 0.167853 -0.319143
0.082246 0.157706 -0.318895
0.082622 0.160463 -0.311158
0.077420 0.146170 -0.313037
0.088792 0.142892 -0.317344
0.085245 0.138442 -0.323592
0.093747 0.131406 -0.327106
0.080538 0.121505 -0.324298
0.093347 0.121897 -0.301144
0.138078 0.114814 -0.164740
0.128638 0.114673 -0.118764
0.109665 0.117007 -0.087935
0.085958 0.121612 -0.069629
0.062316 0.128283 -0.061220
0.043537 0.136816 -0.060082
0.051813 0.152399 -0.060438
0.059835 0.163486 -0.067591
0.068688 0.167756 -0.076757
0.068673 0.165324 -0.083104
0.072559 0.162214 -0.087787
0.079312 0.152952 -0.094114
0.078858 0.147923 -0.097467
0.079262 0.145007 -0.100034
0.076364 0.143919 -0.098821
0.075523 0.143220 -0.095891
0.071508 0.151260 -0.085367
0.069129 0.157844 -0.080899
0.086247 0.181693 -0.095239
0.148097 0.276193 -0.218008
0.269159 0.280565 -0.427413
0.321770 0.236473 -0.500577
0.295467 0.302130 -0.478176
0.219131 0.379277 -0.370046
0.156797 0.297260 -0.258340
0.125989 0.222668 -0.221798
0.123239 0.203413 -0.222402
0.114831 0.189105 -0.221050
0.114558 0.196139 -0.222307
0.105943 0.208017 -0.214585
0.108369 0.211345 -0.219369
0.104741 0.206931 -0.223610
0.116097 0.211126 -0.215823
0.126710 0.211626 -0.214969
0.167666 0.210411 -0.222788
0.245212 0.097936 -0.194020
0.263222 0.043374 -0.196981
0.253141 0.044381 -0.195027
0.184898 0.095951 -0.187104
-0.069632 0.130981 -0.210667
-0.200613 0.116128 -0.321187
-0.233031 0.081761 -0.383696
-0.235738 0.073910 -0.410471
-0.228114 0.076906 -0.409397
-0.207880 0.096178 -0.387683
-0.161566 0.071993 -0.356873
-0.149795 0.065236 -0.359588
-0.146537 0.059142 -0.357664
-0.134356 0.069215 -0.338333
-0.086962 0.111251 -0.254539
-0.038434 0.146620 -0.168505
-0.025770 0.071787 -0.134564
-0.016579 0.068996 -0.124095
0.019019 0.147640 -0.109086
0.062806 0.185250 -0.119529
0.132700 0.212840 -0.099501
0.173737 0.229054 -0.088426
0.046853 0.162645 -0.095509
-0.058143 0.216184 -0.180315
-0.150221 0.273010 -0.272318
-0.115128 0.269722 -0.317628
-0.113364 0.251507 -0.326073
-0.127635 0.234254 -0.360881
-0.135699 0.224962 -0.367538
-0.133643 0.209060 -0.381866
-0.141298 0.204286 -0.374079
-0.144801 0.189102 -0.395042
-0.105680 0.155113 -0.395367
-0.106836 0.145078 -0.400293
-0.107396 0.145959 -0.400063
-0.103793 0.171440 -0.395321
-0.110897 0.225809 -0.379956
-0.137048 0.212801 -0.393332
-0.143276 0.197414 -0.399312
-0.142003 0.196148 -0.397582
-0.140271 0.193298 -0.396321
-0.144176 0.190881 -0.396832
-0.164999 0.184151 -0.397828
-0.117246 0.173580 -0.388501
-0.118581 0.160878 -0.394878
-0.124720 0.159221 -0.398552
-0.120552 0.161243 -0.399590
-0.100594 0.172261 -0.387085
-0.067297 0.214174 -0.339027
-0.008781 0.196663 -0.297243
0.049452 0.168654 -0.253653
0.097370 0.136789 -0.211062
0.101386 0.080696 -0.182017
0.054146 0.151680 -0.118076
0.041177 0.135189 -0.092527
0.018884 0.102401 -0.125903
0.204017 0.077142 -0.170902
0.232024 0.082404 -0.203461
0.206672 0.197635 -0.225109
0.169974 0.210833 -0.224908
0.151720 0.216118 -0.227049
0.138886 0.211889 -0.230365
0.148348 0.206186 -0.222425
0.136785 0.203220 -0.228150
0.122711 0.182900 -0.219229
0.130390 0.186155 -0.219255
0.131284 0.188537 -0.217894
0.138496 0.192804 -0.217352
0.138931 0.188320 -0.217940
0.134684 0.189559 -0.217415
0.137818 0.194707 -0.217896
0.144193 0.216335 -0.222402
0.168567 0.286143 -0.262224
0.238405 0.366950 -0.376334
0.297202 0.315699 -0.465729
0.318710 0.249003 -0.495478
0.317366 0.232356 -0.493293
0.281243 0.265030 -0.450383
0.177032 0.267199 -0.256062
0.106642 0.160174 -0.148219
0.113909 0.172220 -0.228968
0.106157 0.157219 -0.305274
0.089665 0.137309 -0.322111
0.083816 0.150246 -0.323860
0.087516 0.166402 -0.319363
0.089455 0.175127 -0.315294
0.087404 0.172076 -0.317966
0.084651 0.179819 -0.319263
0.083496 0.183726 -0.323905
0.085181 0.192931 -0.326748
0.089778 0.206274 -0.327505
0.089383 0.220800 -0.320624
0.081869 0.253793 -0.295718
0.071799 0.333711 -0.221383
0.048560 0.345289 -0.160934
0.031928 0.322997 -0.130355
0.020065 0.240541 -0.114100
0.079404 0.129460 -0.189993
-0.022716 0.212424 -0.224776
-0.094965 0.209593 -0.162383
-0.119833 0.136455 -0.397913
-0.119558 0.115343 -0.444997
-0.087647 0.152650 -0.407800
-0.014755 0.216108 -0.318776
0.051911 0.257990 -0.244756
0.057619 0.309738 -0.204087
0.093153 0.317834 -0.168150
0.063738 0.285304 -0.131494
0.055763 0.288387 -0.131508
0.058408 0.331345 -0.144658
0.059745 0.334734 -0.146041
0.059601 0.303151 -0.138633
0.085382 0.320225 -0.141489
0.067105 0.299691 -0.137564
0.082557 0.320457 -0.142263
0.051644 0.291898 -0.135981
0.041753 0.293028 -0.139738
0.047365 0.328774 -0.156162
0.013045 0.309137 -0.169943
-0.077723 0.250940 -0.094757
-0.118339 0.228434 -0.058479
-0.126030 0.223489 -0.059051
-0.093867 0.232858 -0.095232
0.015834 0.262197 -0.220131
0.118731 0.105285 -0.194011
0.136641 0.122938 -0.173806
0.105349 0.248398 -0.144202
0.095982 0.279393 -0.148624
0.096437 0.298014 -0.167859
0.094742 0.320812 -0.190382
0.094312 0.318483 -0.197168
0.087464 0.310535 -0.198602
0.090823 0.279476 -0.213494
0.092430 0.252363 -0.267264
0.089925 0.207505 -0.316304
0.081878 0.168181 -0.330774
0.074229 0.142307 -0.329224
0.073951 0.121515 -0.332464
0.084955 0.109076 -0.339063
0.113776 0.074085 -0.314726
0.113262 0.064461 -0.299207
0.117224 0.070882 -0.275566
0.143945 0.107181 -0.194318
0.139669 0.110830 -0.147275
0.128993 0.110928 -0.106235
0.114438 0.109519 -0.072477
0.098528 0.108648 -0.047279
0.084210 0.116473 -0.037322
0.073329 0.125097 -0.034701
0.071994 0.125552 -0.026983
0.076360 0.127735 -0.028545
0.086423 0.134358 -0.043833
0.109211 0.161304 -0.081770
0.133515 0.189870 -0.139196
0.155161 0.214521 -0.217424
0.187305 0.228053 -0.376778
0.141059 0.204683 -0.475984
0.109534 0.165427 -0.532055
0.104025 0.171311 -0.544833
0.112070 0.217571 -0.543637
0.115878 0.238825 -0.538718
0.112382 0.186930 -0.526006
0.107198 0.146179 -0.529894
0.106508 0.119563 -0.529018
0.097240 0.111612 -0.509319
0.103763 0.137898 -0.443056
0.120362 0.121674 -0.254689
0.109931 0.091754 -0.196359
0.109040 0.084075 -0.175778
0.122217 0.085203 -0.181046
0.165620 0.087198 -0.211306
0.225451 0.053012 -0.232818
0.206138 0.092675 -0.261807
0.117377 0.141492 -0.310869
0.083617 0.141409 -0.329233
0.072812 0.149190 -0.332359
0.079354 0.150778 -0.340210
0.085241 0.155924 -0.346297
0.086422 0.160975 -0.348288
0.082842 0.169852 -0.345824
0.079201 0.173004 -0.344807
0.078296 0.184311 -0.346236
0.083363 0.208785 -0.343152
0.082264 0.249297 -0.299850
0.070121 0.277501 -0.223826
0.064450 0.273174 -0.177767
0.057548 0.273961 -0.167454
0.054127 0.274184 -0.167794
0.051938 0.253478 -0.180791
0.053789 0.182649 -0.218660
0.038087 0.108505 -0.216437
-0.038051 0.112413 -0.202092
-0.172322 0.063818 -0.201542
-0.189624 0.056611 -0.197743
-0.179638 0.103072 -0.183626
-0.154250 0.156032 -0.164283
-0.108218 0.191158 -0.133918
-0.055894 0.219411 -0.104101
-0.005625 0.237193 -0.079943
0.022058 0.227131 -0.083232
0.028369 0.208350 -0.083291
0.029397 0.184844 -0.085967
0.030103 0.167267 -0.088559
0.032004 0.158749 -0.093578
0.033012 0.147443 -0.099448
0.039958 0.136330 -0.106708
0.051810 0.130829 -0.120539
0.055701 0.128718 -0.129958
0.053674 0.137399 -0.132262
0.052207 0.144777 -0.136692
0.051319 0.145605 -0.139369
0.052290 0.142421 -0.142176
0.051735 0.129537 -0.146070
0.049588 0.122778 -0.145057
0.049581 0.120035 -0.140515
0.050034 0.118718 -0.139271
0.051437 0.118471 -0.138718
0.054907 0.118114 -0.134936
0.058493 0.117409 -0.128810
0.061921 0.125274 -0.125853
0.061699 0.129628 -0.125561
0.062295 0.132155 -0.124299
0.059316 0.135345 -0.121350
0.043211 0.132857 -0.118388
-0.010520 0.137568 -0.113433
-0.093604 0.143234 -0.156941
-0.172218 0.139294 -0.201265
-0.206090 0.069542 -0.206127
-0.199739 0.033663 -0.201303
-0.205344 0.043990 -0.185719
-0.182224 0.069542 -0.174206
-0.074355 0.082004 -0.193611
0.036741 0.105795 -0.213264
0.065600 0.204743 -0.201558
0.083159 0.238294 -0.190678
0.097356 0.241410 -0.197513
0.104745 0.243652 -0.201484
0.107775 0.241323 -0.204718
0.103409 0.240619 -0.208876
0.100235 0.237154 -0.212371
0.098412 0.233124 -0.219411
0.086517 0.234894 -0.252174
0.088692 0.222761 -0.319071
0.090221 0.192880 -0.336339
0.106063 0.160241 -0.335692
0.136535 0.145423 -0.309126
0.212160 0.066626 -0.234458
0.171928 0.094193 -0.187189
0.137922 0.076206 -0.169598
0.130728 0.071646 -0.166579
0.137466 0.086619 -0.175647
0.147488 0.126759 -0.203802
0.143969 0.201533 -0.302805
0.107908 0.195059 -0.447075
0.097441 0.135562 -0.506960
0.099435 0.110375 -0.518056
0.098706 0.121195 -0.501902
0.097559 0.201231 -0.424102
0.124659 0.197723 -0.183771
0.126474 0.198919 -0.086207
0.124194 0.194448 -0.014249
0.118876 0.185800 0.034459
0.111579 0.174466 0.062274
0.103359 0.161935 0.071552
0.095276 0.149697 0.064648
0.088385 0.139241 0.043920
0.083746 0.132058 0.011723
0.082416 0.129637 -0.029585
0.092850 0.139496 -0.059163
0.107724 0.162659 -0.122124
0.119767 0.189613 -0.251954
0.086204 0.143741 -0.326677
0.084098 0.122292 -0.340351
0.084895 0.129191 -0.342402
0.085638 0.148695 -0.347286
0.082186 0.188155 -0.342742
0.081083 0.256334 -0.306633
0.062991 0.321801 -0.210336
0.053473 0.321103 -0.165431
0.061201 0.320204 -0.131460
0.073336 0.303592 -0.116408
0.125964 0.279889 -0.082204
0.082957 0.282251 -0.111951
0.072414 0.270104 -0.126941
0.078052 0.250996 -0.137054
0.080298 0.238536 -0.129689
0.083814 0.234605 -0.125462
0.083071 0.231636 -0.125314
0.091161 0.239894 -0.128585
0.086320 0.245783 -0.126680
0.094876 0.253878 -0.128225
0.091203 0.245489 -0.131060
0.104115 0.253060 -0.133999
0.114604 0.231520 -0.156843
0.142073 0.138288 -0.157258
0.255440 0.200163 -0.205533
0.344498 0.215741 -0.283223
0.365074 0.223054 -0.303516
0.374235 0.225829 -0.312649
0.372591 0.228736 -0.308758
0.374379 0.232456 -0.314537
0.363250 0.235388 -0.320765
0.337274 0.244957 -0.316115
0.282639 0.258471 -0.276708
0.116772 0.201431 -0.148866
0.133358 0.198709 -0.150568
0.296592 0.220351 -0.263659
0.283885 0.226613 -0.263423
0.102413 0.246643 -0.143555
0.055401 0.302787 -0.123476
0.041810 0.301443 -0.114282
0.049463 0.291942 -0.115010
0.075358 0.280831 -0.122670
0.116494 0.274654 -0.134272
0.215138 0.317902 -0.148263
0.240878 0.325327 -0.152551
0.246569 0.328329 -0.153291
0.246192 0.330936 -0.154496
0.246495 0.333162 -0.155261
0.246802 0.332109 -0.156329
0.247565 0.329940 -0.157765
0.249349 0.331037 -0.161993
0.249111 0.331008 -0.169120
0.253809 0.331093 -0.190831
0.259721 0.304867 -0.170085
0.257391 0.275819 -0.159264
0.193639 0.270367 -0.145183
0.328173 0.214905 -0.225470
0.366389 0.183406 -0.288668
0.321962 0.197804 -0.231491
0.138495 0.245867 -0.124389
0.124294 0.253403 -0.130865
0.279600 0.272071 -0.255254
0.330017 0.265518 -0.298303
0.335168 0.259143 -0.307600
0.341728 0.250594 -0.312513
0.332622 0.273210 -0.298427
0.327579 0.262183 -0.298999
0.328642 0.237555 -0.298069
0.299219 0.211637 -0.274912
0.179697 0.137324 -0.181748
0.123041 0.115511 -0.139929
0.082829 0.226437 -0.133294
0.070943 0.263499 -0.127421
0.065303 0.262982 -0.125545
0.060732 0.254357 -0.124576
0.069752 0.249931 -0.126136
0.073894 0.246083 -0.133350
0.071026 0.240559 -0.151961
0.077357 0.234158 -0.210676
0.081457 0.190273 -0.312999
0.081299 0.163856 -0.332808
0.089105 0.177318 -0.316807
0.106394 0.190612 -0.218392
0.093427 0.163908 -0.152823
0.075824 0.134129 -0.094792
0.057017 0.119225 -0.071851
0.042872 0.109667 -0.061390
0.046376 0.114459 -0.061001
0.072622 0.117839 -0.057792
0.101051 0.121513 -0.056976
0.109436 0.117552 -0.047967
0.113584 0.113928 -0.046349
0.114635 0.112560 -0.058012
0.113725 0.115363 -0.088846
0.120573 0.148172 -0.182521
0.115420 0.152043 -0.294798
0.093181 0.126213 -0.336853
0.086010 0.125898 -0.343704
0.082848 0.150722 -0.341249
0.089042 0.198488 -0.328769
0.100963 0.255827 -0.290538
0.114255 0.303435 -0.203681
0.155150 0.306001 -0.125315
0.119427 0.312478 -0.166643
0.112662 0.309524 -0.163747
0.144717 0.258569 -0.111144
0.072324 0.114107 -0.072719
0.034876 0.086428 -0.061663
0.027854 0.080002 -0.059620
0.031086 0.091410 -0.066210
0.042242 0.115853 -0.080106
0.058990 0.148531 -0.099980
0.079001 0.184645 -0.124502
0.099943 0.219397 -0.152346
0.119487 0.247986 -0.182183
0.135302 0.265615 -0.212684
0.142250 0.245381 -0.248688
0.154840 0.228104 -0.242448
0.105215 0.217978 -0.311384
0.096392 0.178562 -0.339887
0.093217 0.153782 -0.346093
0.094168 0.132887 -0.344391
0.094331 0.115308 -0.339125
0.093064 0.119168 -0.330145
0.106963 0.155124 -0.284394
0.085466 0.117905 -0.156026
0.075572 0.137940 -0.107973
0.084709 0.153086 -0.091949
0.072458 0.144532 -0.094306
0.024397 0.100409 -0.037465
0.033005 0.083000 -0.034761
0.052725 0.068700 -0.043936
0.079106 0.057381 -0.060540
0.107700 0.048915 -0.080122
0.134057 0.043174 -0.098233
0.142860 0.041004 -0.100926
0.146968 0.040692 -0.099895
0.148825 0.041510 -0.099635
0.151677 0.042474 -0.099379
0.155102 0.042531 -0.099662
0.158064 0.042163 -0.097791
0.169909 0.038632 -0.092083
0.175651 0.035901 -0.082294
0.153406 0.036312 -0.059785
0.123511 0.039763 -0.037141
0.090019 0.047083 -0.019084
0.056982 0.059101 -0.010339
0.028451 0.076647 -0.015629
0.018948 0.089623 -0.029553
0.014792 0.127427 -0.074081
0.036867 0.254712 -0.246704
-0.007380 0.240996 -0.442567
-0.021217 0.243141 -0.456484
0.000853 0.274949 -0.348659
0.038110 0.298082 -0.217294
0.128809 0.272136 -0.156040
0.162491 0.232882 -0.165886
0.165386 0.217707 -0.177407
0.152025 0.181430 -0.177628
0.147125 0.230158 -0.164368
0.143982 0.245756 -0.161265
0.136982 0.254411 -0.169552
0.141512 0.258903 -0.158003
0.144072 0.256597 -0.159949
0.125409 0.239503 -0.168405
0.137133 0.255761 -0.162493
0.126226 0.244842 -0.166593
0.134644 0.263581 -0.163272
0.136638 0.260108 -0.164241
0.135468 0.264295 -0.163315
0.131175 0.242353 -0.168604
0.164919 0.255351 -0.157184
0.209765 0.162608 -0.130773
0.182675 0.180408 -0.170859
0.320028 0.195021 -0.214392
0.288720 0.230247 -0.249584
0.147606 0.265957 -0.170140
0.147036 0.249389 -0.162663
0.165394 0.220472 -0.162534
0.194348 0.185563 -0.167013
0.225567 0.151018 -0.173360
0.250720 0.123195 -0.178835
0.261476 0.108450 -0.180695
0.222456 0.141033 -0.139444
0.106499 0.193633 -0.168816
0.100478 0.171538 -0.198333
0.127676 0.192136 -0.189515
0.210879 0.274216 -0.167082
0.232917 0.301614 -0.160283
0.232575 0.311338 -0.159556
0.228661 0.314490 -0.163460
0.224500 0.314411 -0.165180
0.223080 0.313810 -0.166511
0.221760 0.314173 -0.166555
0.221120 0.313410 -0.166438
0.218156 0.308942 -0.166564
0.202746 0.292716 -0.169569
0.142887 0.241925 -0.179882
0.152193 0.292280 -0.162882
0.124117 0.224789 -0.179138
0.123564 0.198063 -0.177120
0.125537 0.145817 -0.193717
0.152301 0.160751 -0.214079
0.302606 0.208241 -0.256989
0.309401 0.220737 -0.261175
0.303639 0.229432 -0.260605
0.346948 0.234769 -0.273811
0.358298 0.257656 -0.278012
0.341106 0.202868 -0.297854
0.380824 0.203974 -0.276998
0.368852 0.226278 -0.277153
0.361946 0.206175 -0.243553
0.362450 0.202169 -0.239135
0.309141 0.158091 -0.130477
0.251892 0.096325 -0.134338
0.193849 0.199978 -0.175210
0.151898 0.247103 -0.195772
0.126034 0.236769 -0.207098
0.111651 0.202360 -0.218756
0.107743 0.123589 -0.211493
0.109619 0.128265 -0.207935
0.116009 0.224902 -0.202782
0.118727 0.233934 -0.200052
0.129157 0.234960 -0.194042
0.157110 0.258801 -0.180986
0.061490 0.208917 -0.245704
-0.035241 0.156392 -0.308400
-0.039509 0.183775 -0.373142
-0.014266 0.161775 -0.196924
0.039770 0.145946 -0.125178
0.091298 0.129632 -0.066329
0.070198 0.102235 -0.044698
0.095164 0.109550 -0.041264
0.028228 0.095396 -0.040580
0.000878 0.087748 -0.035101
-0.025273 0.081703 -0.031593
-0.049618 0.077308 -0.029993
-0.071551 0.074610 -0.030237
-0.090469 0.073656 -0.032264
-0.105765 0.074493 -0.036008
-0.116835 0.077167 -0.041407
-0.123073 0.081726 -0.048398
-0.123873 0.088217 -0.056917
-0.118632 0.096685 -0.066901
-0.106742 0.107179 -0.078286
-0.098915 0.099014 -0.106659
-0.041508 0.169571 -0.108636
0.013197 0.170889 -0.085176
0.033785 0.192554 -0.078847
0.054564 0.192544 -0.072413
0.075362 0.194399 -0.073578
0.103061 0.177217 -0.082567
0.028140 0.203365 -0.177869
-0.068453 0.196124 -0.370662
-0.082099 0.168081 -0.457820
-0.085236 0.161016 -0.475030
-0.081625 0.165397 -0.475339
-0.083070 0.184340 -0.463195
-0.074679 0.268623 -0.411142
0.014596 0.256229 -0.313598
0.113253 0.228543 -0.214820
0.181830 0.194555 -0.169642
0.243897 0.179736 -0.125479
0.234569 0.153889 -0.153122
0.185119 0.169406 -0.148872
0.172349 0.232660 -0.168317
0.146394 0.239646 -0.179435
0.168309 0.211263 -0.192968
0.171291 0.211753 -0.197630
0.169623 0.213128 -0.195156
0.168215 0.211579 -0.187458
0.174646 0.177383 -0.156621
0.173912 0.169018 -0.151532
0.174322 0.179480 -0.159019
0.176006 0.227458 -0.192158
0.146295 0.267199 -0.184428
0.172925 0.247035 -0.198629
0.163152 0.245239 -0.195010
0.177856 0.206800 -0.177318
0.169900 0.228229 -0.182800
0.178848 0.186609 -0.158356
0.192897 0.188745 -0.166968
0.192309 0.210975 -0.182453
0.170889 0.250246 -0.197250
0.171968 0.251382 -0.199462
0.169387 0.263685 -0.202749
0.177314 0.256160 -0.201005
0.193585 0.157611 -0.171808
0.076883 0.084113 -0.194156
0.055429 0.094326 -0.238686
0.060943 0.136262 -0.317151
0.059431 0.161236 -0.330884
0.050840 0.171643 -0.340061
0.052725 0.178370 -0.338386
0.070621 0.183913 -0.294918
0.152165 0.177855 -0.101457
0.172002 0.172094 -0.051630
0.174790 0.173330 -0.041556
0.171249 0.191627 -0.044718
0.151180 0.216829 -0.055324
0.124392 0.242784 -0.073099
0.094637 0.265360 -0.093677
0.065665 0.280425 -0.112690
0.038477 0.282649 -0.118752
0.037624 0.275814 -0.113582
0.031975 0.225854 -0.124148
0.045198 0.089857 -0.098924
0.057574 0.062808 -0.098184
0.060549 0.098810 -0.112799
0.078741 0.182728 -0.107618
0.080970 0.214326 -0.107390
0.075182 0.228229 -0.099868
0.062540 0.226163 -0.083947
0.056242 0.222696 -0.081574
0.053722 0.231315 -0.084806
0.053549 0.239431 -0.087848
0.053604 0.244614 -0.086936
0.054698 0.246765 -0.084088
0.053021 0.246501 -0.083734
0.050963 0.244875 -0.083873
0.048824 0.242381 -0.084406
0.046902 0.239508 -0.085234
0.045497 0.236749 -0.086260
0.044909 0.234595 -0.087384
0.046304 0.235404 -0.089277
0.050183 0.235794 -0.089578
0.052333 0.237115 -0.089015
0.053044 0.236657 -0.087947
0.053499 0.237040 -0.086847
0.054202 0.237572 -0.085739
0.055007 0.237496 -0.085868
0.055756 0.235909 -0.086011
0.057635 0.234404 -0.086611
0.058642 0.233559 -0.087464
0.059492 0.232350 -0.088465
0.059415 0.231116 -0.089595
0.059778 0.232195 -0.091222
0.063409 0.245203 -0.095942
0.084641 0.279292 -0.106677
0.104055 0.309590 -0.116746
0.105779 0.309994 -0.119832
0.079829 0.274456 -0.111825
0.071736 0.258732 -0.111903
0.071591 0.252047 -0.113841
0.073943 0.252743 -0.117420
0.069654 0.248425 -0.121645
0.059177 0.242650 -0.134416
0.047495 0.242081 -0.167470
0.043357 0.237354 -0.238422
0.051626 0.201359 -0.301091
0.056680 0.165161 -0.326230
0.058805 0.148513 -0.341073
0.071833 0.127031 -0.330703
0.089923 0.134020 -0.282534
0.085524 0.218439 -0.202368
0.091412 0.270085 -0.161602
0.122401 0.298892 -0.176502
0.156057 0.291234 -0.196268
0.195621 0.302997 -0.208462
0.162890 0.261535 -0.200505
0.154855 0.245981 -0.197254
0.154058 0.238691 -0.194761
0.155481 0.238043 -0.195270
0.157570 0.237791 -0.193987
0.158755 0.235732 -0.193057
0.159452 0.233828 -0.192643
0.160108 0.232269 -0.191558
0.160373 0.232286 -0.189682
0.160228 0.232286 -0.187935
0.162210 0.232015 -0.187700
0.164006 0.231275 -0.187314
0.164543 0.230452 -0.187596
0.163777 0.229946 -0.188365
0.164604 0.233659 -0.188518
0.171478 0.249330 -0.189353
0.203176 0.310698 -0.192103
0.211941 0.318362 -0.188625
0.214166 0.305706 -0.185146
0.214519 0.303815 -0.184533
0.215130 0.308283 -0.183640
0.201854 0.303081 -0.185128
0.172777 0.264861 -0.183428
0.169133 0.260113 -0.183895
0.184265 0.276566 -0.184995
0.193804 0.309220 -0.159871
0.117785 0.241276 -0.116057
0.069483 0.258386 -0.084931
-0.028551 0.232993 -0.069716
-0.176653 0.137503 -0.057470
-0.216147 0.078387 -0.064530
-0.228788 0.062038 -0.066427
-0.255316 0.058656 -0.068182
-0.259882 0.033368 -0.042256
-0.255917 0.033415 -0.037249
-0.236689 0.065378 -0.045844
-0.157740 0.143703 -0.078107
0.021623 0.080487 -0.109764
0.064153 0.077916 -0.150236
0.070608 0.069274 -0.182572
0.093497 0.127162 -0.171664
0.187103 0.225617 -0.182114
0.207452 0.252014 -0.183044
0.216341 0.273997 -0.180013
0.212762 0.253487 -0.184372
0.213906 0.252335 -0.175765
0.220479 0.212375 -0.167032
0.211300 0.248943 -0.175979
0.209790 0.265515 -0.176580
0.205282 0.258812 -0.178782
0.205488 0.249617 -0.201422
0.204938 0.250341 -0.203358
0.195501 0.242720 -0.190059
0.199168 0.235432 -0.180232
0.192274 0.217378 -0.183500
0.166968 0.192652 -0.199476
0.116017 0.243818 -0.229467
0.013787 0.327120 -0.341157
-0.046811 0.259448 -0.439426
-0.064665 0.209420 -0.463077
-0.061738 0.163239 -0.442061
0.006045 0.162250 -0.324979
0.082776 0.082273 -0.160080
0.119299 0.077015 -0.130809
0.141641 0.115902 -0.159461
0.160359 0.153338 -0.206559
0.111397 0.187523 -0.257632
0.136483 0.197899 -0.213858
0.143246 0.190478 -0.203855
0.153493 0.180776 -0.213738
0.155730 0.176041 -0.216913
0.145609 0.168745 -0.217275
0.131965 0.164645 -0.221467
0.121737 0.173999 -0.238444
0.109860 0.199115 -0.288584
0.091356 0.171166 -0.329704
0.090294 0.138817 -0.338557
0.093614 0.123940 -0.335956
0.105086 0.137478 -0.316318
0.141570 0.196292 -0.236648
0.172119 0.132380 -0.110257
0.174095 0.098726 -0.057706
0.160895 0.099172 -0.037298
0.135929 0.103998 -0.033247
0.055992 0.088892 -0.039413
0.037535 0.090941 -0.044867
0.079475 0.100644 -0.049617
0.050176 0.093631 -0.047800
0.095895 0.103523 -0.051584
0.092413 0.105485 -0.054451
0.033943 0.094025 -0.048358
0.015614 0.095175 -0.047327
0.011118 0.097254 -0.048713
0.012713 0.093100 -0.048875
0.017486 0.086800 -0.051879
0.027124 0.078090 -0.058093
0.031971 0.074544 -0.057325
0.030527 0.079380 -0.054100
0.021535 0.086580 -0.044204
0.017756 0.086622 -0.036988
0.019148 0.085033 -0.035164
0.018450 0.086716 -0.034985
0.018524 0.090527 -0.036027
0.033588 0.097985 -0.048781
0.075985 0.133067 -0.119377
-0.072297 0.180629 -0.352523
-0.093174 0.170827 -0.460079
-0.087103 0.196453 -0.459968
-0.053265 0.281383 -0.365027
0.094922 0.271242 -0.187887
0.090245 0.229912 -0.174000
0.083271 0.194878 -0.179689
0.077015 0.167160 -0.177441
0.086194 0.186704 -0.175965
0.077676 0.165258 -0.176352
0.085538 0.200156 -0.175244
0.082666 0.186411 -0.176681
0.075038 0.175680 -0.182122
0.078475 0.237034 -0.204142
0.070301 0.245616 -0.217506
0.078761 0.257420 -0.228025
0.075728 0.243535 -0.237979
0.086402 0.265697 -0.226150
0.130928 0.251696 -0.210206
0.245778 0.104910 -0.173434
0.275189 0.058324 -0.174806
0.270633 0.103884 -0.223068
0.250256 0.165857 -0.392721
0.231745 0.133919 -0.476823
0.222945 0.156886 -0.464459
0.211578 0.210570 -0.361926
0.204344 0.157122 -0.246794
0.200616 0.118198 -0.203822
0.181447 0.096849 -0.200772
0.184264 0.089419 -0.200106
0.189500 0.096600 -0.201040
0.195861 0.108847 -0.207673
0.208741 0.134702 -0.240589
0.226899 0.103764 -0.279770
0.223792 0.082509 -0.296844
0.205072 0.110560 -0.273389
0.128171 0.158733 -0.234224
-0.143345 0.088592 -0.179959
-0.125711 0.124521 -0.149024
-0.059895 0.170927 -0.122944
0.028717 0.216083 -0.101470
0.114738 0.248261 -0.084352
0.099375 0.208476 -0.077325
0.099168 0.170791 -0.055401
0.086250 0.153534 -0.048543
0.085873 0.147311 -0.041445
0.082950 0.149665 -0.038794
0.081464 0.163196 -0.046696
0.088488 0.207609 -0.089182
0.096167 0.255365 -0.135799
0.102406 0.296915 -0.176274
0.105105 0.322710 -0.200333
0.094224 0.290920 -0.166410
0.080320 0.244491 -0.117426
0.066006 0.194088 -0.065011
0.053894 0.150377 -0.020794
0.050234 0.139151 -0.014811
0.051848 0.146473 -0.027399
0.065331 0.193448 -0.070110
0.081365 0.248884 -0.119916
0.096769 0.301503 -0.166600
0.108364 0.340026 -0.199939
0.103950 0.323745 -0.184998
0.094711 0.289240 -0.153575
0.082813 0.243664 -0.112749
0.070422 0.194166 -0.069601
0.059701 0.147898 -0.031211
0.058050 0.124657 -0.017861
0.059300 0.111028 -0.014191
0.062515 0.106240 -0.018039
0.066759 0.109526 -0.027246
0.071098 0.120116 -0.039651
0.067153 0.126526 -0.040119
0.062431 0.149709 -0.046037
0.077236 0.216284 -0.098763
0.098909 0.284507 -0.155702
0.126190 0.340302 -0.204421
0.167227 0.327071 -0.202074
0.205775 0.299885 -0.187934
0.234996 0.271294 -0.170857
0.229836 0.280609 -0.176156
0.212473 0.296862 -0.184716
0.186871 0.315844 -0.193878
0.156991 0.333348 -0.200982
0.126794 0.345167 -0.203368
0.107405 0.337291 -0.192212
0.091376 0.321452 -0.175335
0.078427 0.299579 -0.154392
0.068272 0.273602 -0.131040
0.060630 0.245450 -0.106934
0.055216 0.217053 -0.083730
0.051747 0.190341 -0.063084
0.049941 0.167244 -0.046652
0.049513 0.149690 -0.036090
0.050181 0.139610 -0.033053
0.051662 0.138934 -0.039197
0.062161 0.162429 -0.068011
0.098602 0.261235 -0.151173
0.046771 0.163732 -0.075152
-0.022933 0.135668 -0.066739
-0.096000 0.109202 -0.064551
-0.159492 0.085817 -0.068874
-0.200469 0.066994 -0.079993
-0.216174 0.038659 -0.102540
-0.140249 0.040678 -0.119380
0.185252 0.069966 -0.172774
0.227732 0.144299 -0.196212
0.127961 0.226608 -0.219192
0.078119 0.237172 -0.224231
0.067516 0.248759 -0.228588
0.076595 0.276759 -0.219449
0.063390 0.238584 -0.231829
0.047810 0.203913 -0.222153
0.052578 0.216106 -0.220770
0.059321 0.228220 -0.236158
0.110290 0.291254 -0.314726
0.165571 0.343531 -0.398760
0.205555 0.295492 -0.467728
0.213719 0.238789 -0.486611
0.221081 0.222124 -0.460248
0.186751 0.165462 -0.338883
0.210320 0.115558 -0.285416
0.215179 0.105639 -0.278261
0.181742 0.152272 -0.222255
0.189491 0.124380 -0.201580
0.185748 0.087647 -0.198825
0.188633 0.079416 -0.199121
0.197590 0.094639 -0.199191
0.223150 0.165565 -0.188264
0.144987 0.179050 -0.231029
0.017805 0.184342 -0.380275
-0.028588 0.120794 -0.407181
-0.050907 0.083925 -0.473912
-0.060183 0.110139 -0.429130
-0.073135 0.165662 -0.307800
-0.019344 0.130263 -0.095543
-0.010741 0.114760 0.001568
-0.005140 0.097631 0.072929
-0.001021 0.080916 0.119875
0.003138 0.066651 0.143739
0.008861 0.056873 0.145857
0.017668 0.053622 0.127564
0.031081 0.058933 0.090195
0.050623 0.074844 0.035085
0.077815 0.103394 -0.036432
0.142171 0.163452 -0.105642
0.192409 0.271737 -0.277556
0.208189 0.251125 -0.443710
0.204182 0.279320 -0.458133
0.179312 0.342339 -0.372599
0.151030 0.295719 -0.262551
0.141155 0.243416 -0.201951
0.141779 0.241506 -0.188334
0.146677 0.244251 -0.190606
0.137011 0.226127 -0.202215
0.122823 0.223762 -0.197940
0.130633 0.249669 -0.188243
0.139958 0.267992 -0.190502
0.126844 0.272461 -0.201441
0.093464 0.265816 -0.224966
0.083782 0.262062 -0.232646
0.085315 0.266029 -0.233337
0.111718 0.238241 -0.222250
0.143716 0.126957 -0.130659
0.199291 0.104962 -0.148074
0.352297 0.177794 -0.206412
0.337121 0.236394 -0.238629
0.235257 0.295028 -0.157080
0.244942 0.270175 -0.124368
0.254016 0.238800 -0.102562
0.183765 0.294373 -0.129011
0.172785 0.297339 -0.133916
0.172606 0.276423 -0.140921
0.201224 0.134902 -0.142197
0.208699 0.083324 -0.181407
0.223610 0.036727 -0.195984
0.162392 0.095514 -0.215984
0.102528 0.173779 -0.225177
0.179373 0.253770 -0.175224
0.100424 0.220351 -0.164236
0.075962 0.239788 -0.159655
0.072220 0.240731 -0.157439
0.091648 0.248206 -0.148135
0.077814 0.236232 -0.162834
0.088932 0.247060 -0.166484
0.145704 0.305797 -0.160051
0.116391 0.266999 -0.171527
0.165872 0.318201 -0.165082
0.143719 0.282805 -0.158837
0.186951 0.342475 -0.170662
0.202379 0.363945 -0.188658
0.210590 0.363169 -0.185240
0.213311 0.345605 -0.177560
0.219665 0.321663 -0.180458
0.201578 0.310984 -0.183448
0.209953 0.272467 -0.185453
0.146067 0.197855 -0.240911
0.306727 0.183783 -0.225881
0.316083 0.163625 -0.197759
0.210215 0.131520 -0.133763
0.152281 0.121832 -0.135481
0.122444 0.239540 -0.200302
0.093359 0.263154 -0.240588
0.085748 0.249918 -0.247554
0.072383 0.251477 -0.242210
0.044918 0.186071 -0.250608
0.050557 0.217318 -0.266670
0.060994 0.202598 -0.252146
0.088136 0.180120 -0.242919
0.187585 0.119601 -0.219784
0.253388 0.129594 -0.207014
0.312314 0.260615 -0.266026
0.330806 0.268689 -0.298818
0.337890 0.263681 -0.310923
0.330005 0.249349 -0.320613
0.336717 0.237332 -0.313809
0.339800 0.230905 -0.307563
0.344977 0.218441 -0.291023
0.350708 0.183424 -0.233589
0.371207 0.178996 -0.241253
0.308959 0.171377 -0.257559
0.287380 0.165414 -0.199795
0.346612 0.160113 -0.214686
0.202694 0.159912 -0.126910
0.043842 0.160726 -0.029143
-0.024492 0.159277 0.031403
-0.071967 0.157536 0.080872
-0.100701 0.155475 0.118236
-0.112813 0.153068 0.142472
-0.110422 0.150285 0.152552
-0.095645 0.147100 0.147451
-0.070601 0.143485 0.126143
-0.037410 0.139412 0.087603
0.001811 0.134854 0.030804
0.044942 0.129783 -0.045279
0.102621 0.127487 -0.196746
0.122780 0.114962 -0.252805
0.156243 0.106661 -0.333453
0.189707 0.098360 -0.414102
0.223170 0.090059 -0.494750
0.256634 0.081758 -0.575399
0.290098 0.073457 -0.656047
0.323561 0.065156 -0.736696
0.357025 0.056855 -0.817344
0.390489 0.048554 -0.897993
0.423952 0.040253 -0.978641
0.457416 0.031952 -1.059289
0.490880 0.023651 -1.139938
0.524343 0.015350 -1.220586
0.557807 0.007049 -1.301235
0.591270 -0.001252 -1.381883
0.624734 -0.009553 -1.462532
0.658198 -0.017854 -1.543180
0.691661 -0.026155 -1.623829
0.725125 -0.034456 -1.704477
0.758589 -0.042757 -1.785126
0.792052 -0.051058 -1.865774
0.825516 -0.059359 -1.946423
0.858979 -0.067660 -2.027071
0.892443 -0.075961 -2.107720
