0.102374 0.087026 -0.479099
0.101702 0.087349 -0.479611
0.102585 0.088045 -0.480016
0.101770 0.088163 -0.479655
0.102198 0.087950 -0.479669
0.101144 0.087073 -0.480139
0.101503 0.087796 -0.480292
0.102575 0.087520 -0.479650
0.102443 0.087790 -0.479084
0.101038 0.086927 -0.478966
0.100463 0.087013 -0.478891
0.100979 0.086775 -0.478847
0.102390 0.087137 -0.479598
0.101790 0.087182 -0.480302
0.102273 0.087150 -0.479427
0.101331 0.087017 -0.479306
0.100943 0.086937 -0.479503
0.101178 0.087891 -0.479073
0.102518 0.087915 -0.479159
0.102729 0.087134 -0.479164
0.102430 0.087945 -0.479229
0.101117 0.088162 -0.479310
0.100841 0.088203 -0.479103
0.101083 0.088212 -0.479072
0.102131 0.088244 -0.479029
0.100993 0.088206 -0.479081
0.100417 0.088178 -0.479301
0.100584 0.088081 -0.478924
0.101987 0.087737 -0.479097
0.101407 0.088086 -0.479024
0.102388 0.088213 -0.479194
0.102279 0.088358 -0.479345
0.101879 0.088408 -0.479484
0.101320 0.088295 -0.479581
0.100734 0.087953 -0.479606
0.100449 0.086850 -0.479535
0.099782 0.086516 -0.479127
0.099793 0.086148 -0.478981
0.099995 0.085896 -0.478922
0.100262 0.085779 -0.478949
0.100464 0.085819 -0.479062
0.100176 0.086370 -0.479247
0.100165 0.086265 -0.479606
0.100213 0.086040 -0.479981
0.100308 0.085821 -0.480289
0.100438 0.085729 -0.480445
0.100593 0.085890 -0.480367
0.100837 0.086899 -0.479698
0.100983 0.087786 -0.478988
0.100398 0.087266 -0.478591
0.100667 0.086811 -0.478969
0.101916 0.087067 -0.479540
0.100984 0.087101 -0.479173
0.101967 0.087707 -0.479279
0.100590 0.086876 -0.479433
0.100548 0.086790 -0.479250
0.100653 0.086780 -0.479114
0.100573 0.086614 -0.479553
0.100173 0.086582 -0.479776
0.100120 0.086620 -0.479359
0.100146 0.086729 -0.478868
0.100147 0.087200 -0.479095
0.100280 0.086753 -0.478215
0.100209 0.086762 -0.477814
0.100487 0.087237 -0.478206
0.100577 0.086810 -0.478034
0.100607 0.086259 -0.477888
0.100576 0.085824 -0.477911
0.100410 0.086084 -0.478599
0.100281 0.086485 -0.479270
0.100467 0.086624 -0.479103
0.100406 0.086810 -0.479325
0.100836 0.086806 -0.478704
0.101105 0.086635 -0.479039
0.101738 0.086633 -0.479460
0.100860 0.086800 -0.479461
0.101938 0.086807 -0.479222
0.102469 0.086672 -0.479069
0.103055 0.086766 -0.479323
0.102662 0.086627 -0.479869
0.101541 0.086606 -0.479499
0.100464 0.086591 -0.479017
0.100598 0.086578 -0.478931
0.100415 0.086498 -0.479020
0.101479 0.086158 -0.479245
0.100474 0.085919 -0.478040
0.100543 0.086439 -0.478004
0.101593 0.085840 -0.479012
0.100466 0.085803 -0.478175
0.100183 0.086270 -0.478861
0.100074 0.085950 -0.478011
0.099951 0.086450 -0.478132
0.099758 0.086566 -0.478420
0.100349 0.086501 -0.478813
0.100205 0.086150 -0.478350
0.100148 0.085892 -0.477997
0.100605 0.086425 -0.478702
0.102003 0.086568 -0.479889
0.102701 0.086601 -0.480233
0.103150 0.086587 -0.480307
0.103329 0.086564 -0.480181
0.103219 0.086567 -0.479929
0.102788 0.086607 -0.479364
0.101404 0.086832 -0.479629
0.101424 0.087692 -0.480171
0.101941 0.087090 -0.480120
0.100625 0.087110 -0.479570
0.100607 0.087817 -0.479058
0.100912 0.087339 -0.479024
0.101201 0.086719 -0.479091
0.100816 0.086545 -0.479016
0.100395 0.086509 -0.478967
0.100185 0.086575 -0.478986
0.100863 0.086694 -0.479229
0.101677 0.086858 -0.479481
0.102304 0.087045 -0.479636
0.102423 0.087235 -0.479592
0.100483 0.087358 -0.478600
0.100128 0.087698 -0.478863
0.100056 0.087851 -0.479235
0.099940 0.086946 -0.478851
0.099993 0.087014 -0.479080
0.100063 0.086729 -0.479031
0.100082 0.086897 -0.479053
0.100074 0.087025 -0.478979
0.099929 0.086588 -0.478590
0.100007 0.086141 -0.478098
0.100102 0.085872 -0.477748
0.100154 0.086422 -0.478090
0.099952 0.086670 -0.478508
0.099612 0.087137 -0.478082
0.099908 0.087226 -0.477920
0.099775 0.087369 -0.478664
0.100489 0.087876 -0.478532
0.100617 0.087361 -0.478360
0.101867 0.087148 -0.479400
0.100866 0.086627 -0.478375
0.101776 0.086327 -0.479441
0.101088 0.086398 -0.478991
0.100256 0.086640 -0.478389
0.100119 0.087097 -0.478597
0.100072 0.087256 -0.477775
0.100114 0.087316 -0.477601
0.100188 0.087310 -0.477634
0.100233 0.087269 -0.477843
0.100051 0.087240 -0.478314
0.099912 0.087210 -0.478753
0.099919 0.087221 -0.478647
0.100261 0.087188 -0.478589
0.101631 0.086924 -0.479199
0.102971 0.086707 -0.479905
0.103308 0.086920 -0.480464
0.103139 0.087130 -0.480737
0.102283 0.086902 -0.480248
0.101344 0.086633 -0.479536
0.100695 0.086569 -0.478695
0.101409 0.086598 -0.478711
0.102208 0.086822 -0.479418
0.101478 0.087679 -0.478718
0.100757 0.087085 -0.478844
0.100772 0.087716 -0.478391
0.100420 0.087074 -0.478378
0.100899 0.087662 -0.479656
0.102061 0.086848 -0.479949
0.100721 0.086893 -0.478933
0.100777 0.087919 -0.479214
0.101012 0.088018 -0.478879
0.100654 0.087311 -0.478216
0.100425 0.086604 -0.478651
0.100537 0.086075 -0.478271
0.100799 0.085859 -0.478053
0.101408 0.086545 -0.479171
0.101356 0.087288 -0.479237
0.101173 0.087893 -0.479195
0.100844 0.087512 -0.479412
0.101062 0.087844 -0.479905
0.102455 0.087123 -0.479715
0.102716 0.087949 -0.479624
0.101873 0.088142 -0.479594
0.102583 0.088042 -0.479627
0.102701 0.087541 -0.479665
0.102508 0.088082 -0.479722
0.101525 0.088194 -0.479908
0.102189 0.088256 -0.479663
0.101517 0.088265 -0.479685
0.102597 0.088262 -0.480052
0.103022 0.088249 -0.480202
0.102787 0.088203 -0.480212
0.101514 0.088203 -0.479810
0.100864 0.088247 -0.479600
0.100886 0.088247 -0.479559
0.101062 0.088204 -0.479317
0.102679 0.088202 -0.479585
0.102511 0.088236 -0.479660
0.101276 0.088203 -0.479606
0.101474 0.088204 -0.479653
0.102311 0.088240 -0.479607
0.101123 0.088210 -0.479352
0.100880 0.088201 -0.478951
0.101296 0.088159 -0.479458
0.102791 0.087938 -0.479638
0.102744 0.087122 -0.479823
0.101979 0.087919 -0.479669
0.102647 0.088022 -0.479643
0.102837 0.087598 -0.479637
0.102649 0.087906 -0.479632
0.101848 0.087577 -0.479778
0.102365 0.088229 -0.480373
0.101738 0.088809 -0.480061
0.102296 0.088833 -0.479685
0.101752 0.088392 -0.479635
0.102891 0.088276 -0.480230
0.103123 0.088244 -0.479677
0.102517 0.088177 -0.479529
0.101307 0.088063 -0.479253
0.101154 0.087696 -0.479715
0.101153 0.088519 -0.480632
0.101163 0.088081 -0.480782
0.101545 0.087158 -0.479818
0.102226 0.087981 -0.479865
0.101187 0.088167 -0.479694
0.100751 0.088210 -0.479982
0.100501 0.088246 -0.480052
0.100470 0.088216 -0.479908
0.100993 0.088239 -0.480013
0.102354 0.088201 -0.480228
0.101570 0.088191 -0.479961
0.102354 0.088192 -0.479136
0.101386 0.088205 -0.478693
0.102166 0.088257 -0.478992
0.102575 0.088270 -0.479082
0.102731 0.088238 -0.479308
0.102335 0.088037 -0.479205
0.101135 0.087411 -0.479617
0.101025 0.087745 -0.479784
0.100856 0.086939 -0.479720
0.101992 0.087160 -0.479583
0.100901 0.087208 -0.479131
0.100499 0.087126 -0.478662
0.100213 0.086963 -0.478606
0.100396 0.087828 -0.478876
0.100904 0.087401 -0.479866
0.101988 0.087169 -0.479983
0.100810 0.086687 -0.479474
0.100508 0.086573 -0.478711
0.100466 0.086570 -0.479153
0.100586 0.086663 -0.478380
0.101034 0.087048 -0.479359
0.102100 0.086962 -0.479807
0.101112 0.087914 -0.479109
0.100643 0.087995 -0.479114
0.101356 0.087450 -0.479847
0.102538 0.088027 -0.480188
0.102727 0.088186 -0.479412
0.102605 0.088218 -0.479430
0.102406 0.088178 -0.479575
0.102359 0.087911 -0.480171
0.102252 0.086852 -0.479396
0.101291 0.086745 -0.478643
0.102189 0.087353 -0.479012
0.101367 0.087602 -0.479065
0.101143 0.087947 -0.479011
0.102063 0.087490 -0.479190
0.101233 0.087028 -0.479597
0.102614 0.087914 -0.479909
0.103366 0.088028 -0.479274
0.103167 0.087453 -0.479122
0.101684 0.088021 -0.479341
0.101580 0.088182 -0.479027
0.102119 0.088244 -0.479142
0.101038 0.088207 -0.479523
0.100809 0.088194 -0.479569
0.101096 0.088192 -0.479111
0.102083 0.088201 -0.479092
0.102341 0.088236 -0.479079
0.101351 0.088203 -0.479042
0.102494 0.088205 -0.479440
0.102649 0.088242 -0.479489
0.102546 0.088214 -0.479221
0.102437 0.088210 -0.479071
0.101052 0.088169 -0.479154
0.100924 0.087903 -0.479327
0.100720 0.086845 -0.479112
0.100734 0.086752 -0.479314
0.100727 0.087453 -0.478730
0.100760 0.088068 -0.478895
0.100964 0.088206 -0.478990
0.101815 0.088182 -0.479012
0.101234 0.087952 -0.478770
0.101826 0.087089 -0.479040
0.101007 0.087684 -0.479400
0.100859 0.087096 -0.479138
0.100450 0.087944 -0.479041
0.100445 0.088061 -0.479695
0.100773 0.087619 -0.479709
0.100842 0.087352 -0.479121
0.101331 0.086749 -0.479219
0.102030 0.086875 -0.479533
0.101703 0.087977 -0.479818
0.101466 0.088170 -0.479207
0.101571 0.087938 -0.479106
0.102570 0.086847 -0.479375
0.102562 0.086574 -0.480078
0.101633 0.086570 -0.479645
0.101426 0.086835 -0.479176
0.101670 0.087919 -0.479077
0.102794 0.088182 -0.479140
0.103016 0.088222 -0.479393
0.102882 0.088213 -0.479629
0.102043 0.088163 -0.479103
0.102685 0.087934 -0.479183
0.102591 0.087114 -0.479359
0.101656 0.087928 -0.479947
0.101615 0.088152 -0.479906
0.102319 0.088219 -0.479295
0.101801 0.088359 -0.479097
0.102705 0.088864 -0.479505
0.102932 0.088364 -0.480069
0.103165 0.088262 -0.480100
0.103043 0.088206 -0.479837
0.103360 0.088198 -0.480033
0.102807 0.088160 -0.480118
0.101634 0.087937 -0.479952
0.102512 0.087095 -0.479369
0.102635 0.087775 -0.479883
0.102353 0.087493 -0.480008
0.101809 0.088047 -0.480110
0.102285 0.088187 -0.480252
0.101538 0.088166 -0.479993
0.101412 0.087939 -0.479955
0.101594 0.087120 -0.479670
0.102629 0.087947 -0.480013
0.102453 0.088215 -0.479621
0.102741 0.088257 -0.479846
0.102853 0.088214 -0.479274
0.102967 0.088204 -0.479885
0.102995 0.088212 -0.480042
0.102579 0.088222 -0.480146
0.101525 0.088032 -0.479336
0.102722 0.087420 -0.479838
0.102295 0.087559 -0.479966
0.101744 0.087912 -0.480107
0.102652 0.087559 -0.480250
0.102886 0.088051 -0.479794
0.102548 0.088188 -0.479479
0.102751 0.088255 -0.479996
0.102831 0.088263 -0.479323
0.102503 0.088263 -0.479240
0.101395 0.088283 -0.479406
0.102183 0.088379 -0.480036
0.101574 0.088835 -0.479697
0.102707 0.088059 -0.479247
0.102784 0.086880 -0.479162
0.102581 0.086859 -0.479075
0.101490 0.087909 -0.478766
0.102433 0.088188 -0.478952
0.101510 0.088207 -0.478927
0.102205 0.087980 -0.479197
0.101319 0.086859 -0.479726
0.101066 0.086585 -0.479216
0.100977 0.086563 -0.479001
0.101410 0.086676 -0.479297
0.101686 0.087122 -0.479178
0.102790 0.087315 -0.479323
0.102989 0.086901 -0.479157
0.102994 0.087313 -0.479117
0.101412 0.087134 -0.479167
0.101646 0.086770 -0.479779
0.102644 0.086955 -0.479335
0.102003 0.086643 -0.479168
0.102761 0.086929 -0.479442
0.102851 0.088276 -0.479093
0.101706 0.088273 -0.478954
0.101700 0.088292 -0.479061
0.102740 0.088346 -0.479205
0.103210 0.088567 -0.479384
0.102962 0.088278 -0.479180
0.102860 0.088202 -0.479109
0.102692 0.088198 -0.479045
0.101875 0.088234 -0.478976
0.102382 0.088200 -0.479341
0.101614 0.088191 -0.479329
0.101398 0.088190 -0.479654
0.101336 0.088190 -0.479310
0.102228 0.088190 -0.479535
0.101422 0.088190 -0.479563
0.101447 0.088190 -0.479623
0.102366 0.088190 -0.479854
0.101634 0.088190 -0.479838
0.102259 0.088190 -0.479626
0.102708 0.088190 -0.479748
0.102842 0.088190 -0.479381
0.102664 0.088190 -0.479584
0.101876 0.088190 -0.479920
0.102674 0.088190 -0.479884
0.103134 0.088190 -0.480462
0.102967 0.088190 -0.479800
0.102954 0.088190 -0.480236
0.102562 0.088190 -0.480129
0.101538 0.088190 -0.479914
0.102230 0.088190 -0.479646
0.101563 0.088190 -0.479345
0.102537 0.088190 -0.479681
0.102823 0.088190 -0.480034
0.102802 0.088190 -0.479343
0.102517 0.088190 -0.479549
0.101473 0.088190 -0.479660
0.101656 0.088190 -0.479823
0.102569 0.088190 -0.479268
0.102637 0.088190 -0.479403
0.101802 0.088190 -0.478881
0.102775 0.088191 -0.479501
0.102843 0.088198 -0.479783
0.101867 0.088229 -0.479100
0.102516 0.088191 -0.480012
0.101741 0.088207 -0.479359
0.102613 0.088370 -0.479666
0.102447 0.089016 -0.480097
0.101464 0.089015 -0.479983
0.102211 0.088368 -0.479926
0.102729 0.088221 -0.479518
0.102811 0.088292 -0.479350
0.101652 0.088641 -0.479473
0.102190 0.088284 -0.479551
0.101163 0.088101 -0.479868
0.102077 0.087748 -0.479340
0.102280 0.088096 -0.479163
0.101043 0.088151 -0.479159
0.102123 0.087904 -0.479546
0.102685 0.086866 -0.479511
0.102487 0.086870 -0.479337
0.102322 0.087914 -0.479603
0.101774 0.088154 -0.479661
0.102446 0.088014 -0.479944
0.102108 0.087279 -0.479882
0.100871 0.086972 -0.479247
0.101063 0.087961 -0.479301
0.101151 0.088175 -0.479147
0.100886 0.088211 -0.479740
0.102372 0.088221 -0.479713
0.101552 0.088252 -0.479448
0.102239 0.088176 -0.479246
0.102495 0.087946 -0.479585
0.101330 0.087122 -0.479812
0.101768 0.087862 -0.479281
0.101141 0.087856 -0.479243
0.101837 0.086866 -0.479751
0.100979 0.086867 -0.479593
0.102141 0.087904 -0.479347
0.102622 0.088167 -0.479644
0.102186 0.088210 -0.479570
0.101109 0.088217 -0.479161
0.100749 0.088248 -0.479024
0.100876 0.088209 -0.479005
0.101111 0.088169 -0.479033
0.102439 0.088007 -0.479133
0.101109 0.087428 -0.478973
0.101950 0.088009 -0.479173
0.101142 0.088177 -0.479111
0.101571 0.088244 -0.479148
0.102472 0.088220 -0.479171
0.102475 0.088256 -0.479146
0.101230 0.088266 -0.479023
0.100905 0.088263 -0.478967
0.100877 0.088224 -0.479097
0.101954 0.088178 -0.479149
0.101088 0.087918 -0.478918
0.100620 0.086851 -0.479145
0.100029 0.086651 -0.479509
0.100276 0.086847 -0.479677
0.101584 0.086653 -0.479955
0.100988 0.086865 -0.479614
0.100959 0.087980 -0.479936
0.100990 0.088254 -0.480365
0.101321 0.088291 -0.480178
0.101203 0.088249 -0.480013
0.101868 0.088058 -0.479538
0.100821 0.087518 -0.479382
0.100456 0.087899 -0.479302
0.100623 0.087524 -0.479115
0.100713 0.087760 -0.479421
0.101047 0.086854 -0.479881
0.102361 0.086880 -0.479809
0.102267 0.087894 -0.480067
0.101100 0.087976 -0.480097
0.102151 0.087284 -0.480048
0.100763 0.086973 -0.479748
0.100537 0.087928 -0.479734
0.100577 0.088177 -0.479970
0.100366 0.088180 -0.479949
0.100301 0.087953 -0.480019
0.100437 0.087089 -0.479892
0.100816 0.087682 -0.479633
0.100719 0.087093 -0.479356
0.100479 0.087958 -0.479494
0.101565 0.088154 -0.480155
0.100615 0.087995 -0.479997
0.100598 0.087192 -0.479997
0.100570 0.086924 -0.479734
0.100262 0.087742 -0.479947
0.100612 0.087388 -0.479807
0.101931 0.087821 -0.479683
0.100749 0.087098 -0.478951
0.100645 0.087771 -0.479176
0.101655 0.087383 -0.479754
0.100643 0.087844 -0.479813
0.100693 0.087421 -0.479565
0.101724 0.087996 -0.479768
0.100900 0.087996 -0.479534
0.100423 0.087447 -0.479509
0.100510 0.088027 -0.479342
0.100320 0.088153 -0.479078
0.100542 0.087992 -0.479024
0.100246 0.087253 -0.479407
0.100275 0.087250 -0.479393
0.100578 0.087986 -0.479272
0.101651 0.088173 -0.479858
0.100558 0.088203 -0.479551
0.100269 0.088199 -0.479532
0.100509 0.088194 -0.479819
0.100428 0.088192 -0.479904
0.101037 0.088191 -0.479959
0.102084 0.088190 -0.479967
0.101225 0.088190 -0.479696
0.102078 0.088190 -0.479581
0.101039 0.088191 -0.479562
0.100710 0.088192 -0.479495
0.100283 0.088196 -0.479296
0.100590 0.088204 -0.479392
0.102116 0.088212 -0.479575
0.101973 0.088175 -0.479675
0.100587 0.087910 -0.479843
0.100356 0.086831 -0.479706
0.100592 0.086614 -0.479937
0.101908 0.086843 -0.479738
0.101993 0.087884 -0.479898
0.101035 0.087884 -0.479554
0.101998 0.086880 -0.479509
0.102238 0.086873 -0.479376
0.100982 0.087906 -0.479533
0.101738 0.088168 -0.479541
0.101209 0.088210 -0.479216
0.102053 0.088209 -0.479437
0.102344 0.088210 -0.479560
0.102436 0.088215 -0.479646
0.101400 0.088180 -0.479522
0.101714 0.087922 -0.479762
0.100484 0.086844 -0.479758
0.100209 0.086581 -0.479338
0.100458 0.086546 -0.479421
0.101589 0.086593 -0.479151
0.101012 0.086836 -0.479326
0.102044 0.087731 -0.479522
0.100988 0.087222 -0.479521
0.101663 0.087057 -0.479092
0.100491 0.086986 -0.478642
0.100246 0.086928 -0.478907
0.100358 0.087903 -0.479305
0.100579 0.088013 -0.479180
0.100330 0.087542 -0.479519
0.100257 0.088046 -0.479455
0.100296 0.088181 -0.479071
0.100539 0.088203 -0.479210
0.100613 0.088173 -0.479099
0.101031 0.088011 -0.479765
0.102566 0.087430 -0.480029
0.102798 0.088008 -0.479763
0.102368 0.088167 -0.479829
0.100789 0.088196 -0.479526
0.100920 0.088196 -0.479623
0.101729 0.088193 -0.479673
0.100564 0.088191 -0.479393
0.100292 0.088191 -0.479299
0.100413 0.088190 -0.479096
0.100593 0.088190 -0.479472
0.100896 0.088190 -0.479942
0.102105 0.088190 -0.479732
0.102198 0.088191 -0.479596
0.100834 0.088195 -0.479490
0.100252 0.088204 -0.479008
0.100620 0.088221 -0.479099
0.102218 0.088230 -0.479316
0.102675 0.087985 -0.479707
0.102561 0.086955 -0.479468
0.101434 0.087054 -0.478626
0.102340 0.086985 -0.478742
0.102620 0.086930 -0.479103
0.102400 0.087904 -0.479426
0.101146 0.087992 -0.479206
0.102282 0.087415 -0.479365
0.102365 0.087831 -0.479837
0.102378 0.087457 -0.479314
0.102295 0.088331 -0.479300
0.101465 0.089306 -0.479621
0.101191 0.088469 -0.479162
0.102256 0.088232 -0.479102
0.102391 0.088185 -0.479058
0.102440 0.088187 -0.478992
0.102280 0.088201 -0.479162
0.101258 0.088221 -0.479465
0.101466 0.088092 -0.479493
0.102612 0.087741 -0.479264
0.102938 0.088094 -0.479158
0.103040 0.088236 -0.479177
0.103070 0.088268 -0.479055
0.102325 0.088273 -0.479053
0.101425 0.088398 -0.478903
0.102030 0.087616 -0.479000
0.101106 0.088051 -0.479086
0.100928 0.088152 -0.478989
0.100824 0.088024 -0.479115
0.100654 0.087424 -0.478947
0.101339 0.087839 -0.478926
0.101447 0.087335 -0.478841
0.100994 0.087253 -0.478667
0.101216 0.087440 -0.478981
0.101279 0.087468 -0.479085
0.101136 0.087425 -0.479078
0.101699 0.088018 -0.479364
0.102519 0.088004 -0.479168
0.101339 0.087345 -0.479039
0.101242 0.087182 -0.478937
0.100870 0.087540 -0.479010
0.101463 0.087949 -0.478956
0.102601 0.087562 -0.479060
0.102753 0.087230 -0.479001
0.102153 0.087110 -0.478962
0.100965 0.087311 -0.478967
0.100782 0.087862 -0.479071
0.102558 0.087495 -0.479203
0.102819 0.087889 -0.479576
0.102459 0.087519 -0.480011
0.101708 0.088053 -0.479735
0.102808 0.088168 -0.479964
0.102707 0.088027 -0.479293
0.101177 0.087357 -0.479224
0.102490 0.087218 -0.479966
0.102641 0.087333 -0.479889
0.102095 0.087840 -0.480351
0.102755 0.087332 -0.480260
0.102476 0.087215 -0.480770
0.101467 0.087350 -0.479785
0.102546 0.088018 -0.479589
0.101719 0.088182 -0.479892
0.102949 0.088217 -0.479730
0.103110 0.088260 -0.479465
0.103192 0.088268 -0.479547
0.103139 0.088255 -0.479396
0.103053 0.088183 -0.479958
0.102405 0.088044 -0.479505
0.101047 0.087579 -0.478896
0.102344 0.088087 -0.479630
0.101523 0.088182 -0.478753
0.101494 0.088197 -0.478880
0.101490 0.088195 -0.478935
0.101390 0.088193 -0.478988
0.101336 0.088193 -0.479153
0.100823 0.088196 -0.479276
0.101159 0.088196 -0.479002
0.101344 0.088171 -0.479037
0.101454 0.088034 -0.479316
0.101706 0.087529 -0.479015
0.102570 0.088040 -0.479014
0.101641 0.088155 -0.478966
0.101043 0.088027 -0.479024
0.100733 0.087427 -0.479316
0.100857 0.087434 -0.479399
0.100938 0.088071 -0.479217
0.100855 0.088191 -0.479711
0.100871 0.088209 -0.479465
0.100958 0.088204 -0.479051
0.100943 0.088166 -0.478961
0.100930 0.088025 -0.478984
0.100959 0.087420 -0.479275
0.101224 0.087371 -0.478999
0.101195 0.087891 -0.479214
0.100644 0.087418 -0.479739
0.100686 0.087439 -0.479418
0.101038 0.088040 -0.479112
0.101324 0.088166 -0.479245
0.100983 0.088037 -0.478796
0.100664 0.087435 -0.479324
0.100840 0.087435 -0.479360
0.101309 0.088012 -0.478938
0.101127 0.088005 -0.478701
0.100704 0.087385 -0.479268
0.100695 0.087358 -0.479338
0.101174 0.087828 -0.478998
0.100893 0.087293 -0.478463
0.100661 0.087250 -0.479247
0.100800 0.087362 -0.479331
0.101037 0.088021 -0.478721
0.101428 0.088158 -0.478887
0.101507 0.088070 -0.478964
0.101435 0.087696 -0.479074
0.101053 0.088681 -0.478979
0.100942 0.088170 -0.479122
0.101086 0.087550 -0.479314
0.101058 0.088041 -0.479063
0.101326 0.088213 -0.479105
0.102415 0.088205 -0.479193
0.101734 0.088197 -0.479030
0.101312 0.088196 -0.479143
0.101377 0.088202 -0.479725
0.101387 0.088216 -0.479127
0.101169 0.088226 -0.478936
0.101537 0.088012 -0.478924
0.101560 0.087274 -0.478893
0.101441 0.086966 -0.479013
0.101065 0.087897 -0.478629
0.100925 0.087983 -0.479026
0.100642 0.087387 -0.479648
0.100501 0.087419 -0.479464
0.100513 0.088027 -0.479213
0.100802 0.088189 -0.479114
0.101261 0.088247 -0.478962
0.101219 0.088210 -0.478935
0.101307 0.088207 -0.479130
0.101066 0.088248 -0.479634
0.101240 0.088249 -0.479216
0.101052 0.088215 -0.479156
0.101168 0.088252 -0.479711
0.101265 0.088262 -0.479816
0.101400 0.088257 -0.479134
0.101399 0.088211 -0.479045
0.101306 0.088158 -0.479785
0.100942 0.087932 -0.479690
0.100768 0.087115 -0.479068
0.101493 0.087932 -0.479976
0.102279 0.088155 -0.479419
0.100870 0.088196 -0.479087
0.100888 0.088206 -0.478922
0.101236 0.088261 -0.478922
0.101151 0.088347 -0.479043
0.100667 0.088647 -0.479020
0.101027 0.088341 -0.478943
0.101016 0.088521 -0.479005
0.100983 0.089381 -0.478978
0.101324 0.088900 -0.478872
0.101499 0.088334 -0.478886
0.101640 0.088211 -0.479061
0.102605 0.088229 -0.479116
0.101456 0.088175 -0.478968
0.101425 0.088041 -0.478890
0.101525 0.087573 -0.478912
0.103146 0.088059 -0.479468
0.103134 0.088212 -0.479818
0.101870 0.088109 -0.479518
0.101316 0.087591 -0.479271
0.101387 0.088026 -0.478666
0.101425 0.088022 -0.478770
0.101232 0.087573 -0.478795
0.100913 0.088047 -0.478636
0.101002 0.088175 -0.479067
0.102392 0.088201 -0.479265
0.101708 0.088202 -0.479269
0.101393 0.088185 -0.478970
0.101658 0.088091 -0.478908
0.102497 0.087589 -0.478927
0.101468 0.088066 -0.478928
0.101099 0.088217 -0.479024
0.101324 0.088091 -0.478923
0.101434 0.087443 -0.478910
0.101491 0.087399 -0.478990
0.101461 0.087840 -0.479311
0.101444 0.087416 -0.479154
0.101188 0.087622 -0.478943
0.101283 0.088963 -0.478883
0.101060 0.089465 -0.478867
0.100957 0.088538 -0.479109
0.100947 0.088311 -0.479055
0.100992 0.088419 -0.479009
0.101030 0.089023 -0.478898
0.101371 0.089031 -0.478971
0.101424 0.088432 -0.479088
0.101469 0.088254 -0.478982
0.101434 0.088091 -0.478607
0.102404 0.087583 -0.479048
0.101679 0.088087 -0.478933
0.101460 0.088191 -0.479064
0.101144 0.088242 -0.479245
0.101240 0.088207 -0.479099
0.101358 0.088204 -0.478927
0.101406 0.088238 -0.478870
0.102513 0.088212 -0.478950
0.102377 0.088238 -0.479043
0.101579 0.088201 -0.478915
0.101091 0.088192 -0.478871
0.100949 0.088192 -0.478987
0.101191 0.088196 -0.479348
0.101411 0.088204 -0.479113
0.101239 0.088211 -0.479038
0.101051 0.088174 -0.479053
0.100952 0.087909 -0.478965
0.100750 0.086825 -0.478931
0.100777 0.086601 -0.478899
0.101118 0.086824 -0.479209
0.102720 0.087910 -0.479128
0.103295 0.088193 -0.479085
0.103342 0.088301 -0.479445
0.103022 0.088296 -0.479690
0.102407 0.088245 -0.479572
0.101569 0.088218 -0.478845
0.100632 0.088335 -0.477053
0.099550 0.088540 -0.474433
0.098329 0.088830 -0.471011
0.096973 0.089202 -0.466814
0.095487 0.089653 -0.461871
0.093878 0.090181 -0.456208
0.092149 0.090782 -0.449854
0.090307 0.091454 -0.442835
0.088357 0.092194 -0.435178
0.086303 0.092998 -0.426913
0.084152 0.093865 -0.418064
0.081907 0.094791 -0.408661
0.079575 0.095773 -0.398731
0.077161 0.096808 -0.388301
0.074669 0.097894 -0.377398
0.072105 0.099027 -0.366050
0.069475 0.100205 -0.354284
0.066783 0.101425 -0.342127
0.064035 0.102684 -0.329608
0.061236 0.103979 -0.316754
0.058391 0.105308 -0.303591
0.055506 0.106666 -0.290147
0.052585 0.108053 -0.276451
0.049633 0.109463 -0.262528
0.046657 0.110896 -0.248408
0.043661 0.112347 -0.234116
0.040650 0.113815 -0.219680
0.037630 0.115295 -0.205129
0.034606 0.116786 -0.190489
0.031583 0.118284 -0.175787
0.028566 0.119787 -0.161052
0.025561 0.121291 -0.146310
0.022572 0.122794 -0.131589
0.019606 0.124292 -0.116916
0.016666 0.125784 -0.102320
0.013759 0.127266 -0.087826
0.010889 0.128735 -0.073463
0.008063 0.130188 -0.059258
0.005284 0.131623 -0.045239
0.002558 0.133036 -0.031432
-0.000109 0.134425 -0.017866
-0.002712 0.135787 -0.004568
-0.005247 0.137119 0.008436
-0.007707 0.138418 0.021116
-0.010089 0.139681 0.033447
-0.012385 0.140905 0.045400
-0.014592 0.142088 0.056949
-0.016704 0.143226 0.068065
-0.018716 0.144318 0.078722
-0.020623 0.145359 0.088891
-0.022419 0.146346 0.098546
-0.024099 0.147278 0.107659
-0.025658 0.148152 0.116203
-0.027091 0.148963 0.124150
-0.028392 0.149710 0.131473
-0.029557 0.150389 0.138144
-0.030580 0.150998 0.144136
-0.031456 0.151534 0.149422
-0.032179 0.151994 0.153974
-0.032745 0.152375 0.157765
-0.033149 0.152674 0.160766
-0.033384 0.152889 0.162952
-0.033446 0.153015 0.164295
-0.033330 0.153052 0.164766
-0.033030 0.152995 0.164339
-0.032542 0.152842 0.162986
-0.031859 0.152589 0.160680
-0.030977 0.152235 0.157393
-0.029891 0.151776 0.153099
-0.028595 0.151209 0.147768
-0.027084 0.150532 0.141375
-0.025353 0.149741 0.133892
-0.023397 0.148834 0.125291
-0.021210 0.147807 0.115545
-0.018787 0.146659 0.104626
-0.016124 0.145385 0.092507
-0.013214 0.143984 0.079161
-0.010053 0.142452 0.064560
-0.006636 0.140786 0.048677
-0.002956 0.138984 0.031484
0.000990 0.137043 0.012954
0.005209 0.134959 -0.006941
0.009705 0.132730 -0.028227
0.014484 0.130353 -0.050933
0.019551 0.127826 -0.075086
0.024911 0.125144 -0.100712
0.030569 0.122306 -0.127841
0.036531 0.119309 -0.156498
0.042801 0.116149 -0.186712
0.049386 0.112824 -0.218509
0.056289 0.109330 -0.251918
0.063517 0.105666 -0.286966
0.071075 0.101828 -0.323679
0.079544 0.097578 -0.364900
0.087593 0.093458 -0.404131
0.094466 0.089774 -0.437690
0.099407 0.086833 -0.461893
0.099934 0.085181 -0.464839
0.099845 0.084786 -0.464311
0.099768 0.085451 -0.463825
0.099811 0.085419 -0.463437
0.099857 0.086221 -0.463288
0.100110 0.086027 -0.464743
0.099976 0.085429 -0.464473
0.100298 0.085406 -0.464851
0.100406 0.085869 -0.465057
0.100442 0.085411 -0.465177
0.099947 0.085376 -0.464607
0.100272 0.085363 -0.465017
0.100540 0.085339 -0.464624
0.100477 0.085317 -0.464544
0.099942 0.086657 -0.463886
0.099926 0.085388 -0.463743
0.099569 0.084756 -0.463587
0.099451 0.084663 -0.463590
0.099650 0.085000 -0.463876
0.099855 0.085999 -0.463833
0.099880 0.086336 -0.463812
0.100162 0.086089 -0.464752
0.099633 0.085685 -0.464396
0.099514 0.086120 -0.463693
0.099679 0.086128 -0.463583
0.099860 0.085693 -0.463852
0.099884 0.085561 -0.464023
0.099810 0.086047 -0.464307
0.100349 0.086221 -0.465400
0.100447 0.086889 -0.465423
0.100211 0.086383 -0.464789
0.099535 0.086137 -0.464631
0.099663 0.086375 -0.465846
0.099279 0.086758 -0.464436
0.099838 0.086338 -0.465236
0.100269 0.086242 -0.464720
0.099622 0.086265 -0.464127
0.099502 0.086072 -0.463883
0.099533 0.085519 -0.463377
0.099742 0.085411 -0.463637
0.100170 0.085518 -0.463690
0.100396 0.085980 -0.464704
0.099887 0.085493 -0.464006
0.100263 0.085668 -0.464820
0.099764 0.085676 -0.463940
0.100060 0.085869 -0.464773
0.099654 0.086257 -0.464223
0.099443 0.085367 -0.463756
0.099736 0.085691 -0.463671
0.100470 0.086238 -0.464697
0.100655 0.085585 -0.464829
0.100543 0.085422 -0.465093
0.100143 0.085459 -0.463977
0.100248 0.085712 -0.465024
0.099649 0.085376 -0.463993
0.099711 0.085637 -0.464627
0.099507 0.085696 -0.463856
0.099598 0.085809 -0.463805
0.100299 0.088301 -0.464997
0.100440 0.085760 -0.464992
0.099982 0.085330 -0.464185
0.099613 0.085647 -0.463766
0.099652 0.085774 -0.463309
0.099759 0.085693 -0.463409
0.099729 0.085400 -0.463428
0.099635 0.085222 -0.463545
0.099466 0.085394 -0.463362
0.099614 0.085550 -0.463580
0.099579 0.087809 -0.463472
0.099620 0.087946 -0.463458
0.099607 0.088890 -0.463855
0.099978 0.086647 -0.464334
0.099435 0.086396 -0.463504
0.100016 0.087946 -0.463078
0.099821 0.085966 -0.463234
0.099764 0.085444 -0.463379
0.099674 0.085353 -0.463356
0.099438 0.085367 -0.463410
0.099691 0.085463 -0.463395
0.099831 0.085841 -0.463641
0.100195 0.086373 -0.464330
0.099503 0.085643 -0.463766
0.099465 0.085550 -0.463652
0.099723 0.085663 -0.463631
0.099796 0.085535 -0.463906
0.099569 0.085503 -0.464014
0.099761 0.085497 -0.463591
0.099781 0.085490 -0.463539
0.099702 0.085464 -0.463604
0.099747 0.085391 -0.463434
0.099674 0.085463 -0.463734
0.099712 0.085931 -0.463659
0.099494 0.087424 -0.463800
0.099563 0.086241 -0.463843
0.100056 0.085793 -0.464980
0.099808 0.085577 -0.464365
0.099728 0.085706 -0.464038
0.099971 0.085661 -0.464925
0.100505 0.086291 -0.468446
0.100613 0.085670 -0.466212
0.100528 0.085432 -0.464976
0.099963 0.085384 -0.463740
0.100236 0.085382 -0.464395
0.099472 0.085384 -0.464269
0.099450 0.085385 -0.463832
0.099829 0.085389 -0.463479
0.100506 0.085418 -0.464809
0.100625 0.085550 -0.464857
0.100646 0.085469 -0.465064
0.100543 0.085753 -0.465187
0.100094 0.086250 -0.465421
0.099497 0.088436 -0.464454
0.100221 0.086090 -0.464512
0.100386 0.085476 -0.464086
0.099935 0.085579 -0.463935
0.100400 0.086564 -0.465082
0.100332 0.088025 -0.465194
0.099927 0.086218 -0.464380
0.100237 0.086478 -0.464773
0.099898 0.086235 -0.464908
0.099764 0.085871 -0.464469
0.099995 0.086777 -0.465373
0.099447 0.085848 -0.464176
0.099910 0.085458 -0.464906
0.100269 0.085378 -0.465637
0.100094 0.085371 -0.465691
0.100068 0.085371 -0.465382
0.100145 0.085377 -0.465269
0.100426 0.085448 -0.465564
0.100137 0.085803 -0.465640
0.100085 0.086490 -0.465116
0.099866 0.086905 -0.464881
0.099658 0.085730 -0.464063
0.099982 0.085553 -0.463819
0.100077 0.086106 -0.464798
0.100032 0.086317 -0.464656
0.100485 0.086795 -0.465041
0.100435 0.088670 -0.465146
0.099692 0.090175 -0.464111
0.099886 0.087088 -0.463997
0.100270 0.085981 -0.465003
0.099680 0.086849 -0.464679
0.100196 0.086276 -0.465557
0.100075 0.085540 -0.465379
0.099751 0.085388 -0.464204
0.100283 0.085511 -0.464945
0.100186 0.086138 -0.466031
0.100336 0.086372 -0.466099
0.100403 0.087688 -0.465641
0.100172 0.085953 -0.465964
0.100002 0.085738 -0.465465
0.100125 0.086649 -0.465465
0.100207 0.085808 -0.466128
0.100446 0.086278 -0.465797
0.100190 0.088091 -0.465845
0.100177 0.086342 -0.465669
0.100334 0.086486 -0.465769
0.100072 0.086730 -0.465307
0.099963 0.087269 -0.465293
0.099794 0.089435 -0.465400
0.100356 0.086615 -0.467557
0.100572 0.085978 -0.466224
0.100604 0.086369 -0.465452
0.100601 0.086218 -0.464985
0.100641 0.087366 -0.464910
0.100536 0.088379 -0.464896
0.099768 0.088024 -0.464488
0.099633 0.086149 -0.464571
0.099463 0.086359 -0.463925
0.099624 0.085808 -0.464356
0.100149 0.085484 -0.464820
0.099785 0.085558 -0.464310
0.099750 0.085576 -0.463823
0.099820 0.085597 -0.464674
0.100337 0.086124 -0.465066
0.100067 0.085557 -0.464900
0.099693 0.085423 -0.464263
0.100035 0.085516 -0.464513
0.100402 0.085984 -0.464859
0.100239 0.085813 -0.465163
0.100380 0.085710 -0.464756
0.100038 0.085524 -0.464778
0.100490 0.085788 -0.464747
0.100630 0.085640 -0.465313
0.100622 0.086394 -0.465363
0.100567 0.088563 -0.465197
0.100502 0.086137 -0.465658
0.100041 0.085411 -0.467798
0.099873 0.084997 -0.467432
0.099772 0.084824 -0.466345
0.099713 0.084864 -0.464895
0.099672 0.085089 -0.463437
0.099626 0.085470 -0.462324
0.099498 0.086134 -0.462347
0.099383 0.086693 -0.462856
0.099324 0.086915 -0.463633
0.099480 0.085743 -0.464810
0.099483 0.085543 -0.464559
0.099550 0.085572 -0.464074
0.100210 0.086132 -0.464222
0.099736 0.085620 -0.463959
0.099699 0.085656 -0.463909
0.099710 0.085442 -0.463846
0.099835 0.085392 -0.463833
0.100242 0.085386 -0.464748
0.099627 0.085387 -0.464832
0.099660 0.085389 -0.464248
0.099871 0.085389 -0.464196
0.100294 0.085389 -0.464836
0.099809 0.085388 -0.464105
0.099618 0.085393 -0.463882
0.100151 0.085423 -0.465009
0.099822 0.085542 -0.463830
0.100373 0.085497 -0.464563
0.100297 0.085466 -0.464403
0.099700 0.085683 -0.464543
0.099556 0.085634 -0.463835
0.099493 0.085794 -0.463098
0.099383 0.087170 -0.462981
0.099361 0.088161 -0.463079
0.099685 0.086203 -0.463478
0.099759 0.085676 -0.463384
0.099786 0.085424 -0.463206
0.099789 0.085431 -0.463041
0.099813 0.085762 -0.463084
0.099831 0.086217 -0.463208
0.099834 0.086677 -0.463384
0.099816 0.087022 -0.463582
0.099771 0.087134 -0.463771
0.099646 0.086493 -0.463795
0.099541 0.085903 -0.463920
0.099630 0.086769 -0.464118
0.099376 0.085931 -0.465416
0.100013 0.086424 -0.469083
0.099743 0.085589 -0.465210
0.100282 0.085354 -0.464799
0.100250 0.085339 -0.465002
0.099537 0.085694 -0.463963
0.099323 0.087417 -0.464042
0.099924 0.090959 -0.465103
0.099989 0.089278 -0.465404
0.100376 0.087539 -0.465197
0.100118 0.086019 -0.465113
0.100258 0.086674 -0.465191
0.100024 0.087482 -0.465345
0.100353 0.085906 -0.465481
0.099819 0.085665 -0.465786
0.099969 0.085397 -0.465876
0.100269 0.085355 -0.465450
0.100231 0.085507 -0.465279
0.099940 0.086285 -0.465473
0.100087 0.087607 -0.465824
0.100345 0.088970 -0.465517
0.100307 0.087027 -0.465265
0.100046 0.085667 -0.465392
0.100098 0.085386 -0.465020
0.100470 0.085497 -0.465038
0.100498 0.086092 -0.465360
0.100193 0.086360 -0.465375
0.100147 0.085832 -0.465552
0.100124 0.086491 -0.465580
0.100068 0.086496 -0.465424
0.100280 0.086209 -0.465269
0.100211 0.085591 -0.465801
0.100379 0.085622 -0.468125
0.100375 0.085570 -0.466202
0.100190 0.085705 -0.465344
0.100506 0.086189 -0.465163
0.100915 0.088304 -0.465309
0.100342 0.092113 -0.465403
0.100504 0.088896 -0.465629
0.100505 0.086046 -0.465074
0.100606 0.085361 -0.465564
0.100631 0.085178 -0.465455
0.100644 0.085297 -0.465277
0.100688 0.085281 -0.465217
0.100705 0.085298 -0.465170
0.100666 0.085336 -0.465122
0.100542 0.085379 -0.465057
0.100053 0.085391 -0.464912
0.100316 0.085410 -0.464972
0.099750 0.085490 -0.464453
0.099270 0.085556 -0.464057
0.099555 0.085459 -0.464525
0.100439 0.085464 -0.465447
0.100623 0.085757 -0.465095
0.100563 0.086285 -0.465281
0.100567 0.085784 -0.464942
0.100470 0.085799 -0.464932
0.100395 0.086902 -0.464384
0.100404 0.085876 -0.464986
0.100469 0.086140 -0.465171
0.100538 0.086493 -0.465255
0.100516 0.086402 -0.465353
0.100557 0.086087 -0.464574
0.100561 0.086486 -0.464302
0.100557 0.087050 -0.464151
0.100549 0.087621 -0.464110
0.100544 0.088044 -0.464169
0.100546 0.088161 -0.464315
0.100588 0.087433 -0.464584
0.100612 0.086591 -0.464856
0.100590 0.085982 -0.465057
0.100452 0.087104 -0.465101
0.100292 0.086348 -0.464891
0.099817 0.085585 -0.464036
0.099758 0.085576 -0.463875
0.100182 0.086033 -0.465494
0.100478 0.086235 -0.465558
0.100468 0.087955 -0.465162
0.100239 0.085992 -0.464120
0.100516 0.085503 -0.465053
0.100331 0.085590 -0.466039
0.099748 0.085755 -0.466642
0.099798 0.085739 -0.465804
0.099280 0.085681 -0.465367
0.100118 0.085826 -0.465049
0.100217 0.085847 -0.464871
0.100192 0.085922 -0.464780
0.100110 0.086115 -0.464758
0.100032 0.086489 -0.464789
0.100231 0.088533 -0.464739
0.099780 0.086145 -0.464959
0.100376 0.085623 -0.465938
0.100513 0.085977 -0.465529
0.100289 0.085516 -0.465472
0.099777 0.085448 -0.463958
0.100268 0.085619 -0.464527
0.099971 0.085476 -0.463971
0.100412 0.085643 -0.464648
0.100370 0.085696 -0.464875
0.100124 0.086141 -0.465099
0.100071 0.088666 -0.465146
0.100156 0.089135 -0.465010
0.100446 0.086473 -0.465088
0.100246 0.085546 -0.464795
0.099157 0.085457 -0.463871
0.099199 0.085618 -0.464774
0.100181 0.085489 -0.465051
0.100516 0.085627 -0.465377
0.100542 0.085424 -0.465620
0.100415 0.085373 -0.465514
0.099891 0.085465 -0.465338
0.100319 0.086009 -0.464868
0.100041 0.088004 -0.464580
0.100037 0.086000 -0.464794
0.100311 0.085549 -0.465035
0.099690 0.085973 -0.464704
0.099894 0.087894 -0.464135
0.099687 0.085978 -0.464296
0.099562 0.085461 -0.464490
0.099737 0.085415 -0.465071
0.099259 0.085652 -0.464930
0.099103 0.085751 -0.464922
0.099334 0.086731 -0.465048
0.099987 0.085944 -0.464358
0.100185 0.085543 -0.465013
0.099630 0.085655 -0.464958
0.099434 0.085718 -0.465030
0.099676 0.085459 -0.465432
0.099944 0.085394 -0.465171
0.100543 0.085389 -0.465614
0.100889 0.085418 -0.465631
0.101139 0.085470 -0.465542
0.101281 0.085534 -0.465388
0.101304 0.085594 -0.465209
0.101197 0.085640 -0.465045
0.100949 0.085657 -0.464937
0.100549 0.085634 -0.464927
0.099707 0.085451 -0.465211
0.099251 0.085456 -0.465391
0.099310 0.085391 -0.465412
0.099490 0.085484 -0.465340
0.099427 0.086037 -0.465138
0.099365 0.086742 -0.464922
0.099365 0.087473 -0.464761
0.099662 0.088234 -0.464790
0.099915 0.088608 -0.464929
0.099445 0.087564 -0.465323
0.099889 0.086972 -0.465384
0.100327 0.086500 -0.465345
0.099988 0.086332 -0.465200
0.099658 0.086400 -0.465076
0.100056 0.086875 -0.465189
0.100570 0.087389 -0.465331
0.100825 0.087561 -0.465357
0.100993 0.087593 -0.465342
0.101080 0.087512 -0.465296
0.101091 0.087344 -0.465227
0.101035 0.087115 -0.465146
0.100917 0.086852 -0.465060
0.100744 0.086581 -0.464978
0.100523 0.086330 -0.464911
0.100238 0.086149 -0.464878
0.099945 0.086007 -0.464862
0.099678 0.085896 -0.464857
0.099469 0.085809 -0.464858
0.099352 0.085740 -0.464858
0.099431 0.085646 -0.464872
0.099578 0.085603 -0.464846
0.099758 0.085707 -0.464576
0.099769 0.085969 -0.464790
0.099719 0.085678 -0.464254
0.099881 0.086249 -0.464421
0.100204 0.086902 -0.465118
0.099722 0.086360 -0.464933
0.099971 0.085890 -0.464055
0.100497 0.086754 -0.464746
0.100610 0.085930 -0.464946
0.100411 0.085478 -0.464827
0.099829 0.085386 -0.463243
0.099832 0.085394 -0.464257
0.100311 0.085456 -0.465081
0.099793 0.085404 -0.464787
0.099831 0.085389 -0.464086
0.099839 0.085382 -0.463871
0.100442 0.085379 -0.464944
0.100521 0.085401 -0.464942
0.100034 0.085551 -0.464535
0.099889 0.086156 -0.464740
0.099862 0.086305 -0.463699
0.099663 0.085678 -0.463276
0.099556 0.085552 -0.463737
0.099776 0.085924 -0.463792
0.099686 0.085568 -0.464681
0.100206 0.085536 -0.465064
0.099918 0.085945 -0.465228
0.100126 0.085686 -0.465073
0.099924 0.086137 -0.463775
0.099265 0.085553 -0.463488
0.098261 0.085463 -0.464007
0.099938 0.085774 -0.467558
0.100421 0.086264 -0.466137
0.100296 0.086887 -0.465097
0.100676 0.086309 -0.465144
0.100491 0.088034 -0.465526
0.100448 0.086522 -0.465090
0.100398 0.087065 -0.465214
0.100485 0.086337 -0.464868
0.100209 0.085662 -0.465257
0.100441 0.085633 -0.465196
0.100503 0.086039 -0.465604
0.100554 0.086911 -0.465132
0.100601 0.086091 -0.464763
0.100415 0.086357 -0.464882
0.100406 0.088311 -0.465016
0.100070 0.087649 -0.465418
0.100248 0.087074 -0.466022
0.100011 0.087494 -0.464924
0.100101 0.087374 -0.463856
0.100074 0.086419 -0.463996
0.099838 0.086949 -0.464549
0.099533 0.086038 -0.464270
0.100248 0.086217 -0.464395
0.100464 0.087042 -0.464533
0.100247 0.086198 -0.464601
0.100478 0.086510 -0.465183
0.100245 0.088675 -0.465088
0.100443 0.086163 -0.465369
0.100476 0.085659 -0.465269
0.100164 0.085797 -0.464669
0.100189 0.087409 -0.464462
0.100430 0.088918 -0.464385
0.100558 0.086372 -0.464269
0.100593 0.086095 -0.464165
0.100504 0.086195 -0.464045
0.100535 0.086287 -0.463813
0.100650 0.087865 -0.464047
0.100626 0.092441 -0.464322
0.100599 0.087026 -0.464926
0.100504 0.085682 -0.464338
0.100441 0.086074 -0.464747
0.099981 0.087538 -0.464577
0.100035 0.088510 -0.464830
0.100365 0.087446 -0.464930
0.100534 0.086483 -0.464841
0.100466 0.088484 -0.464019
0.099977 0.086495 -0.463556
0.100094 0.086422 -0.464266
0.099858 0.087914 -0.464483
0.099081 0.086072 -0.463317
0.099307 0.086109 -0.463153
0.099447 0.086106 -0.463802
0.099663 0.088207 -0.464097
0.099794 0.087643 -0.463379
0.100257 0.087408 -0.463865
0.099943 0.091116 -0.463798
0.100379 0.090378 -0.464546
0.099870 0.087223 -0.463514
0.099782 0.086510 -0.462758
0.100183 0.085880 -0.463500
0.100579 0.085567 -0.464402
0.100519 0.085900 -0.464478
0.099885 0.085490 -0.463865
0.100177 0.085401 -0.464463
0.099711 0.085498 -0.464687
0.099696 0.085982 -0.464602
0.099744 0.086381 -0.464481
0.099650 0.085912 -0.464512
0.099578 0.085741 -0.464682
0.100057 0.086232 -0.465400
0.100239 0.085848 -0.465278
0.100144 0.085632 -0.464605
0.099935 0.085463 -0.463980
0.099539 0.085534 -0.464342
0.099673 0.085414 -0.464747
0.099505 0.085386 -0.464208
0.099757 0.085411 -0.463843
0.099853 0.085567 -0.464261
0.099872 0.086134 -0.464513
0.099483 0.085566 -0.464388
0.099687 0.085409 -0.464562
0.099418 0.085382 -0.464111
0.099741 0.085409 -0.464330
0.099870 0.085543 -0.464675
0.099902 0.085701 -0.465013
0.099573 0.085783 -0.465025
0.099363 0.085693 -0.465246
0.099696 0.086417 -0.464860
0.099932 0.086231 -0.464795
0.100130 0.085951 -0.464808
0.100228 0.085804 -0.464897
0.100022 0.086823 -0.465043
0.099892 0.086422 -0.465544
0.099440 0.085751 -0.465219
0.099563 0.086421 -0.465410
0.099870 0.088579 -0.465707
0.100130 0.086852 -0.465308
0.100147 0.087899 -0.465559
0.099876 0.087844 -0.465220
0.099511 0.085907 -0.465046
0.098573 0.085477 -0.464199
0.099804 0.085634 -0.467292
0.100154 0.085728 -0.465248
0.099407 0.085530 -0.465234
0.099797 0.086018 -0.466358
0.100067 0.088158 -0.466716
0.100452 0.087285 -0.467579
0.100471 0.086215 -0.466468
0.100165 0.086377 -0.465981
0.099899 0.085728 -0.465025
0.099883 0.085407 -0.464135
0.099977 0.085461 -0.464255
0.100356 0.086110 -0.464636
0.100063 0.088061 -0.465341
0.099741 0.088495 -0.465347
0.098720 0.086075 -0.464088
0.099598 0.085449 -0.466494
0.099840 0.085362 -0.465195
0.099993 0.085450 -0.464619
0.100381 0.085553 -0.465337
0.100196 0.085879 -0.465588
0.100125 0.086373 -0.465971
0.100011 0.085639 -0.465770
0.100354 0.085800 -0.466489
0.100056 0.087309 -0.465527
0.099847 0.088315 -0.464973
0.099861 0.086556 -0.464964
0.099967 0.086530 -0.466020
0.100055 0.086264 -0.467565
0.100177 0.086919 -0.465448
0.100399 0.086023 -0.464653
0.100116 0.086662 -0.465754
0.100093 0.087478 -0.468791
0.099903 0.087256 -0.466190
0.099818 0.085873 -0.465026
0.099770 0.085833 -0.466820
0.098848 0.085473 -0.464006
0.100117 0.085519 -0.464653
0.100364 0.086025 -0.464787
0.099956 0.085667 -0.464351
0.100014 0.086265 -0.465202
0.100024 0.087415 -0.466158
0.100070 0.087870 -0.465661
0.100101 0.088916 -0.465488
0.100155 0.088552 -0.465687
0.099692 0.086085 -0.465500
0.098765 0.085440 -0.465117
0.098136 0.085546 -0.464803
0.099402 0.086778 -0.465197
0.099726 0.090687 -0.464993
0.099703 0.086895 -0.464728
0.099239 0.086653 -0.463894
0.099766 0.085786 -0.464454
0.099845 0.085718 -0.464119
0.099704 0.086942 -0.464560
0.099459 0.088603 -0.464603
0.099928 0.086163 -0.464982
0.100282 0.085715 -0.465209
0.099837 0.086174 -0.464497
0.099866 0.085936 -0.465116
0.099934 0.086802 -0.465097
0.099843 0.086064 -0.465396
0.099590 0.085717 -0.464553
0.099156 0.085438 -0.463721
0.097575 0.085381 -0.464361
0.098392 0.085371 -0.463819
0.099535 0.085386 -0.463275
0.099773 0.085378 -0.463426
0.099775 0.085325 -0.463725
0.099643 0.085071 -0.463889
0.099463 0.084881 -0.463998
0.099309 0.084957 -0.464007
0.099558 0.085501 -0.463851
0.099492 0.086291 -0.463661
0.099734 0.085926 -0.463892
0.099686 0.085685 -0.463774
0.099620 0.085441 -0.463566
0.099784 0.085388 -0.463359
0.099683 0.085382 -0.462769
0.099709 0.085382 -0.462864
0.099698 0.085377 -0.463133
0.099801 0.085363 -0.463179
0.099961 0.085414 -0.463180
0.100253 0.085619 -0.463129
0.100466 0.085918 -0.463097
0.100314 0.086392 -0.463219
0.100002 0.086321 -0.463145
0.099817 0.088486 -0.463435
0.099857 0.086348 -0.464369
0.099856 0.085631 -0.463664
0.099909 0.086091 -0.463396
0.099410 0.088384 -0.462791
0.098021 0.086080 -0.462813
0.098315 0.085484 -0.462913
0.099485 0.085601 -0.463348
0.099657 0.086593 -0.464227
0.099587 0.087434 -0.464965
0.099746 0.086186 -0.464786
0.099046 0.086860 -0.463984
0.096537 0.085706 -0.463938
0.095460 0.085421 -0.465248
0.096977 0.085430 -0.464358
0.098992 0.085659 -0.465548
0.097707 0.085497 -0.465263
0.098721 0.085726 -0.467409
0.099863 0.086106 -0.469036
0.100122 0.086621 -0.466317
0.100079 0.088166 -0.465439
0.100489 0.086369 -0.465162
0.100202 0.085702 -0.465078
0.098930 0.085433 -0.463866
0.097833 0.085425 -0.462834
0.098299 0.085723 -0.463183
0.099230 0.086149 -0.463963
0.100275 0.086592 -0.464873
0.100799 0.086850 -0.465365
0.101120 0.087021 -0.465708
0.101267 0.087112 -0.465925
0.101272 0.087129 -0.466040
0.101164 0.087079 -0.466077
0.100975 0.086971 -0.466057
0.100734 0.086810 -0.466006
0.100473 0.086604 -0.465945
0.100221 0.086360 -0.465898
0.100009 0.086085 -0.465889
0.099896 0.085709 -0.465881
0.099846 0.085417 -0.466035
0.099870 0.085371 -0.466544
0.099912 0.085522 -0.467820
0.099960 0.085996 -0.468621
0.099926 0.086495 -0.466480
0.100032 0.088728 -0.466247
0.100151 0.092074 -0.465332
0.100420 0.097202 -0.465569
0.099997 0.094312 -0.465600
0.099437 0.087934 -0.465238
0.097335 0.085640 -0.465248
0.096989 0.085295 -0.465022
0.097773 0.085629 -0.464951
0.099714 0.086941 -0.465217
0.100216 0.086546 -0.465531
0.100650 0.087224 -0.465411
0.100885 0.087461 -0.465380
0.100968 0.087582 -0.465338
0.100940 0.087605 -0.465298
0.100841 0.087547 -0.465268
0.100713 0.087427 -0.465258
0.100597 0.087263 -0.465280
0.100574 0.086707 -0.465413
0.100588 0.087016 -0.465372
0.100649 0.088381 -0.465393
0.100642 0.089311 -0.465940
0.100636 0.087725 -0.465458
0.100606 0.086874 -0.465528
0.100567 0.088963 -0.465625
0.100463 0.087677 -0.465687
0.099835 0.086649 -0.465878
0.099854 0.086071 -0.465801
0.100026 0.085658 -0.465639
0.100249 0.085398 -0.465439
0.100337 0.085298 -0.465270
0.100382 0.085312 -0.465115
0.100394 0.085412 -0.464980
0.100380 0.085568 -0.464876
0.100351 0.085751 -0.464810
0.100315 0.085930 -0.464791
0.100280 0.086078 -0.464826
0.100249 0.086072 -0.464945
0.100246 0.086096 -0.465110
0.100217 0.086823 -0.465612
0.100682 0.085770 -0.464946
0.100733 0.085831 -0.465061
0.100486 0.086123 -0.464538
0.100225 0.087315 -0.465340
0.100289 0.088166 -0.465614
0.100619 0.088406 -0.466399
0.100763 0.090676 -0.469045
0.100674 0.086924 -0.465737
0.100542 0.086015 -0.464846
0.100631 0.086236 -0.465210
0.100193 0.087744 -0.465216
0.100168 0.087408 -0.465375
0.100126 0.086423 -0.465181
0.100203 0.087043 -0.464975
0.100302 0.086640 -0.465057
0.099819 0.089207 -0.464415
0.094124 0.086191 -0.463190
0.090239 0.084736 -0.462232
0.086354 0.083282 -0.461274
0.082469 0.081827 -0.460316
0.078585 0.080372 -0.459359
0.074700 0.078917 -0.458401
0.070815 0.077462 -0.457443
0.066930 0.076007 -0.456485
0.063045 0.074553 -0.455527
0.059160 0.073098 -0.454569
0.055276 0.071643 -0.453612
0.051391 0.070188 -0.452654
0.047506 0.068733 -0.451696
0.043621 0.067278 -0.450738
0.039736 0.065824 -0.449780
0.035852 0.064369 -0.448823
0.031967 0.062914 -0.447865
0.028082 0.061459 -0.446907
0.024197 0.060004 -0.445949
0.020312 0.058549 -0.444991
