0.426579 0.133894 -0.446461
0.426654 0.134115 -0.446630
0.426256 0.134192 -0.447153
0.426128 0.134354 -0.446173
0.425996 0.134295 -0.446212
0.426035 0.134070 -0.446153
0.426011 0.134171 -0.446442
0.425969 0.134115 -0.446094
0.426289 0.133614 -0.445424
0.426684 0.131303 -0.444378
0.427954 0.130782 -0.444375
0.428218 0.130851 -0.443949
0.428335 0.131509 -0.444761
0.428524 0.130959 -0.445252
0.428443 0.130956 -0.444501
0.428376 0.131669 -0.444804
0.428269 0.131047 -0.444346
0.428025 0.131254 -0.443757
0.427931 0.132111 -0.444829
0.427475 0.132342 -0.445226
0.427231 0.132445 -0.445671
0.426660 0.132713 -0.445769
0.426247 0.132631 -0.445724
0.426079 0.133146 -0.445311
0.426443 0.132708 -0.444937
0.426865 0.132412 -0.444005
0.428064 0.132370 -0.444705
0.427737 0.132505 -0.444366
0.426179 0.133005 -0.444998
0.427111 0.132468 -0.445503
0.426607 0.132373 -0.445461
0.426741 0.133086 -0.444974
0.426978 0.135450 -0.445499
0.426812 0.133823 -0.445692
0.427119 0.132652 -0.445842
0.427268 0.132487 -0.445970
0.427161 0.132553 -0.445672
0.426593 0.133456 -0.445267
0.426796 0.133571 -0.445227
0.427636 0.133447 -0.444247
0.426466 0.132544 -0.445252
0.425969 0.132649 -0.445662
0.426346 0.133214 -0.445753
0.426079 0.133285 -0.445566
0.426066 0.134063 -0.445478
0.426257 0.133220 -0.444993
0.426276 0.134033 -0.445466
0.426386 0.133898 -0.445259
0.425890 0.134518 -0.445559
0.425883 0.135213 -0.445971
0.425687 0.135523 -0.445790
0.426308 0.134682 -0.446002
0.426309 0.134312 -0.446142
0.426249 0.135963 -0.446286
0.425915 0.135175 -0.446356
0.425928 0.133864 -0.445522
0.426599 0.133573 -0.445801
0.426605 0.133759 -0.444652
0.426432 0.133834 -0.444876
0.426085 0.134218 -0.445968
0.426207 0.134411 -0.446065
0.425487 0.134357 -0.446663
0.425704 0.134432 -0.446802
0.425805 0.134331 -0.446766
0.426114 0.134354 -0.446554
0.426190 0.134303 -0.446577
0.425674 0.134436 -0.446447
0.424651 0.135060 -0.446384
0.425196 0.135667 -0.446424
0.425403 0.135263 -0.446712
0.425466 0.134723 -0.446468
0.424749 0.134674 -0.446278
0.425209 0.134634 -0.446343
0.425627 0.135333 -0.446221
0.425788 0.134605 -0.446205
0.425610 0.135008 -0.446413
0.425893 0.134970 -0.446571
0.425489 0.134680 -0.446629
0.425701 0.134996 -0.446293
0.425424 0.134634 -0.446319
0.425173 0.134567 -0.446173
0.425210 0.134395 -0.446651
0.425264 0.134373 -0.446571
0.425040 0.134444 -0.446583
0.425177 0.134417 -0.446458
0.425776 0.134439 -0.446223
0.425602 0.134636 -0.445481
0.425833 0.135526 -0.445550
0.425354 0.135323 -0.445765
0.425173 0.135056 -0.446323
0.424926 0.134615 -0.446131
0.425339 0.134772 -0.446382
0.425207 0.135088 -0.446636
0.424611 0.134833 -0.446474
0.424473 0.135536 -0.446155
0.423658 0.135233 -0.446489
0.425475 0.135009 -0.446861
0.426079 0.134499 -0.446953
0.426284 0.134608 -0.446451
0.427034 0.134716 -0.446206
0.425504 0.134393 -0.446801
0.425630 0.134357 -0.446145
0.425390 0.134390 -0.446033
0.425059 0.134378 -0.446161
0.425780 0.134354 -0.446386
0.424976 0.134961 -0.446715
0.425100 0.135130 -0.446817
0.424298 0.135196 -0.446483
0.424339 0.135194 -0.446639
0.424861 0.135180 -0.446452
0.424679 0.135321 -0.446341
0.424017 0.135559 -0.446490
0.425690 0.135306 -0.445515
0.426005 0.135349 -0.445344
0.425563 0.135907 -0.445590
0.425008 0.135392 -0.446267
0.424496 0.135252 -0.446519
0.423839 0.135085 -0.446435
0.424666 0.134854 -0.446157
0.424683 0.134832 -0.446439
0.424667 0.135118 -0.446223
0.424712 0.135195 -0.446570
0.425127 0.135187 -0.446497
0.424617 0.135086 -0.446718
0.424766 0.134882 -0.446546
0.425043 0.135047 -0.446348
0.424923 0.134868 -0.446105
0.424943 0.135012 -0.446060
0.425036 0.135042 -0.446224
0.425527 0.134874 -0.446061
0.425031 0.135100 -0.446250
0.425984 0.135192 -0.446475
0.425116 0.135556 -0.446476
0.424509 0.136668 -0.446539
0.424680 0.135851 -0.446635
0.425846 0.135271 -0.446162
0.426079 0.135146 -0.446253
0.424598 0.135181 -0.446125
0.424307 0.135201 -0.446310
0.424635 0.135067 -0.446061
0.424974 0.135048 -0.446157
0.424878 0.134884 -0.446332
0.424805 0.135140 -0.446462
0.424668 0.135467 -0.446466
0.424297 0.134923 -0.446419
0.424283 0.134850 -0.446319
0.424993 0.135147 -0.446153
0.424650 0.135176 -0.446571
0.424897 0.135137 -0.446538
0.425050 0.135142 -0.446409
0.423905 0.135257 -0.446417
0.423534 0.135706 -0.446521
0.424703 0.135547 -0.446869
0.424741 0.136262 -0.446785
0.424416 0.135448 -0.446713
0.424276 0.135176 -0.446594
0.424130 0.135155 -0.446798
0.424795 0.135291 -0.447190
0.424728 0.135571 -0.446722
0.423939 0.134922 -0.446552
0.423389 0.134701 -0.446643
0.423505 0.134543 -0.446434
0.425811 0.134957 -0.446709
0.425736 0.134845 -0.446434
0.425531 0.135072 -0.446303
0.424914 0.136028 -0.446068
0.424755 0.135121 -0.445946
0.424313 0.135084 -0.445841
0.424534 0.135116 -0.446353
0.424670 0.135992 -0.446558
0.425365 0.134726 -0.446829
0.424776 0.135425 -0.446572
0.424550 0.134560 -0.446790
0.424601 0.134379 -0.446886
0.423850 0.134408 -0.446665
0.423115 0.134363 -0.446709
0.424179 0.134672 -0.446576
0.424680 0.135428 -0.446992
0.424444 0.135390 -0.446641
0.424817 0.135061 -0.446649
0.425408 0.134514 -0.446500
0.425045 0.134480 -0.446762
0.424479 0.134586 -0.447088
0.425167 0.134990 -0.446978
0.424300 0.135229 -0.447135
0.423814 0.134986 -0.447046
0.424510 0.134381 -0.447504
0.424223 0.134276 -0.447161
0.422888 0.134267 -0.446921
0.424187 0.134273 -0.446730
0.424652 0.134282 -0.446456
0.424774 0.134316 -0.446739
0.424999 0.134444 -0.447068
0.425711 0.134439 -0.447143
0.426211 0.134472 -0.447049
0.425192 0.134632 -0.446724
0.425166 0.134562 -0.446408
0.425045 0.134996 -0.446882
0.424595 0.135014 -0.446811
0.423973 0.134532 -0.446674
0.425164 0.134660 -0.447192
0.425250 0.135771 -0.446917
0.425061 0.135307 -0.446683
0.425628 0.134938 -0.447134
0.425797 0.135056 -0.447175
0.425779 0.134692 -0.446896
0.426404 0.134829 -0.446874
0.427550 0.134669 -0.446489
0.426849 0.134682 -0.446634
0.427438 0.135059 -0.447052
0.426168 0.134905 -0.447136
0.426800 0.135072 -0.446903
0.425527 0.134858 -0.446842
0.425016 0.135985 -0.446616
0.425319 0.134947 -0.446443
0.426219 0.135143 -0.446258
0.426354 0.135309 -0.446768
0.425877 0.135494 -0.446541
0.424878 0.135024 -0.446501
0.425660 0.135067 -0.446190
0.425783 0.134587 -0.446240
0.425409 0.134385 -0.446200
0.425003 0.134077 -0.446137
0.424550 0.134384 -0.446134
0.425033 0.134466 -0.446390
0.425285 0.134482 -0.446591
0.425563 0.134482 -0.446633
0.424935 0.134478 -0.446356
0.424955 0.134476 -0.446382
0.425299 0.134484 -0.446037
0.425890 0.134524 -0.445389
0.424321 0.134833 -0.445694
0.425859 0.134567 -0.444568
0.426405 0.134841 -0.444574
0.426562 0.134634 -0.443976
0.426802 0.135159 -0.443863
0.426928 0.134762 -0.443745
0.426962 0.135515 -0.443841
0.427112 0.135206 -0.444350
0.427338 0.134665 -0.445267
0.427044 0.134955 -0.449056
0.426966 0.134912 -0.445784
0.426723 0.133949 -0.444488
0.426597 0.134222 -0.444150
0.426817 0.134376 -0.444628
0.427024 0.134480 -0.444690
0.426822 0.134605 -0.444274
0.427288 0.134980 -0.443976
0.426133 0.134584 -0.444362
0.425288 0.134641 -0.445733
0.424682 0.135089 -0.445623
0.425010 0.135005 -0.446446
0.424746 0.134593 -0.446125
0.424448 0.134439 -0.444708
0.425382 0.134428 -0.444375
0.425073 0.134536 -0.445099
0.426366 0.134942 -0.443951
0.427270 0.134725 -0.443943
0.426845 0.135219 -0.443714
0.427261 0.135200 -0.444011
0.427302 0.134851 -0.444323
0.426990 0.135473 -0.444488
0.426756 0.136109 -0.444309
0.427621 0.134801 -0.444405
0.427629 0.135131 -0.443887
0.427184 0.135205 -0.443887
0.426966 0.134760 -0.443988
0.426820 0.135092 -0.444246
0.426617 0.134598 -0.444133
0.425370 0.134472 -0.445568
0.425333 0.134099 -0.445672
0.427156 0.133555 -0.444289
0.426364 0.133252 -0.445679
0.426738 0.132923 -0.444298
0.427109 0.133327 -0.444988
0.428047 0.133396 -0.443629
0.427772 0.133835 -0.443924
0.427257 0.133387 -0.444708
0.427338 0.132838 -0.443713
0.428190 0.133314 -0.443580
0.427346 0.133419 -0.443509
0.427033 0.133382 -0.443541
0.427059 0.133552 -0.444120
0.428499 0.134286 -0.443504
0.427943 0.134457 -0.443778
0.427597 0.134412 -0.443604
0.426938 0.134436 -0.444507
0.426105 0.134229 -0.445808
0.427332 0.133588 -0.444523
0.427845 0.133943 -0.444484
0.428109 0.133549 -0.443938
0.427672 0.133467 -0.444830
0.427495 0.134050 -0.444249
0.428091 0.133469 -0.444000
0.427324 0.133494 -0.444384
0.427322 0.133426 -0.444539
0.426258 0.133280 -0.445749
0.427391 0.133430 -0.444711
0.427608 0.133711 -0.444551
0.427583 0.134222 -0.443898
0.427016 0.134078 -0.444268
0.426169 0.135092 -0.445611
0.425934 0.133662 -0.446298
0.425762 0.132969 -0.446278
0.425792 0.133336 -0.445835
0.425958 0.133552 -0.446313
0.426305 0.133825 -0.446505
0.425514 0.133769 -0.446101
0.425140 0.133349 -0.445553
0.426597 0.134014 -0.444673
0.425668 0.133663 -0.445348
0.425783 0.133340 -0.445888
0.425474 0.134409 -0.445721
0.424250 0.135371 -0.446381
0.424336 0.134724 -0.446411
0.423395 0.134512 -0.446476
0.424818 0.134436 -0.446142
0.425008 0.134563 -0.446248
0.424714 0.135101 -0.445852
0.424902 0.135094 -0.446340
0.424354 0.134576 -0.446648
0.424858 0.134696 -0.446625
0.425008 0.134829 -0.446661
0.424353 0.135051 -0.446469
0.424994 0.135240 -0.446618
0.425114 0.135314 -0.446460
0.424910 0.135304 -0.446549
0.425030 0.135645 -0.446450
0.425486 0.135246 -0.446232
0.424913 0.134809 -0.446145
0.424536 0.135224 -0.446124
0.424410 0.135167 -0.446163
0.424570 0.134663 -0.446281
0.424843 0.134762 -0.445948
0.425109 0.135578 -0.445648
0.425103 0.135280 -0.445828
0.424317 0.134737 -0.445626
0.424990 0.135027 -0.445766
0.425247 0.134617 -0.446204
0.425452 0.134478 -0.446347
0.425196 0.134745 -0.446480
0.424986 0.135907 -0.446119
0.425309 0.135770 -0.445714
0.424827 0.136315 -0.445665
0.424380 0.136325 -0.446082
0.425016 0.134785 -0.446400
0.425228 0.135412 -0.446389
0.425367 0.134406 -0.446147
0.425104 0.135682 -0.446342
0.425398 0.135253 -0.446005
0.425734 0.134612 -0.445990
0.426420 0.134396 -0.445973
0.424910 0.134506 -0.445999
0.424674 0.134873 -0.446162
0.425403 0.136021 -0.446163
0.425443 0.134656 -0.446344
0.426026 0.133686 -0.446136
0.426504 0.134299 -0.446354
0.426152 0.135135 -0.445834
0.426777 0.135031 -0.446104
0.428610 0.133983 -0.446327
0.426197 0.134189 -0.446220
0.425840 0.133924 -0.446552
0.424932 0.134862 -0.446257
0.424869 0.134517 -0.445298
0.424739 0.133970 -0.446330
0.425425 0.134283 -0.446424
0.425748 0.134074 -0.446453
0.425744 0.133397 -0.446389
0.426245 0.133477 -0.446144
0.425655 0.134514 -0.446239
0.425455 0.135466 -0.446149
0.425863 0.134188 -0.446154
0.425403 0.134527 -0.446386
0.425095 0.134890 -0.446419
0.425081 0.133799 -0.446206
0.425360 0.133363 -0.446413
0.425307 0.133585 -0.446685
0.425165 0.134053 -0.446493
0.425342 0.133743 -0.445661
0.425341 0.133523 -0.446079
0.425198 0.134122 -0.446537
0.425246 0.133671 -0.446278
0.425381 0.133713 -0.446484
0.425371 0.134308 -0.446470
0.425180 0.134544 -0.446192
0.425006 0.135309 -0.446073
0.425309 0.134463 -0.446274
0.425803 0.134466 -0.446191
0.425388 0.135350 -0.445864
0.425894 0.134772 -0.445601
0.426001 0.134848 -0.445827
0.425625 0.134310 -0.446394
0.425675 0.133677 -0.446627
0.425965 0.133691 -0.446403
0.425838 0.134248 -0.446306
0.426681 0.134129 -0.445882
0.426033 0.133552 -0.446212
0.425586 0.133363 -0.446014
0.425134 0.133826 -0.446281
0.425041 0.134762 -0.446152
0.425332 0.134231 -0.446106
0.424816 0.133791 -0.445776
0.424463 0.133963 -0.446243
0.424285 0.133587 -0.446567
0.425475 0.133496 -0.446356
0.425417 0.133981 -0.446273
0.425604 0.133403 -0.446886
0.425003 0.133422 -0.446243
0.425124 0.134145 -0.446223
0.425319 0.134389 -0.446130
0.425007 0.134452 -0.446565
0.424629 0.134437 -0.446513
0.424263 0.134194 -0.446482
0.425513 0.133740 -0.446182
0.426332 0.133896 -0.445703
0.426063 0.133508 -0.445915
0.425483 0.133253 -0.446208
0.424785 0.134043 -0.445927
0.425248 0.133800 -0.446401
0.424402 0.133872 -0.446664
0.424931 0.134915 -0.446241
0.424954 0.134669 -0.446187
0.425677 0.135057 -0.446553
0.425512 0.134665 -0.446288
0.425949 0.134497 -0.446458
0.425491 0.134391 -0.446373
0.425592 0.134445 -0.446387
0.425332 0.134464 -0.445768
0.425391 0.135187 -0.445636
0.425467 0.134055 -0.445795
0.425458 0.134298 -0.445955
0.425545 0.134375 -0.445965
0.425853 0.134502 -0.445972
0.424870 0.134483 -0.446360
0.424989 0.134447 -0.446385
0.425653 0.134453 -0.445466
0.425751 0.134396 -0.445800
0.425690 0.134440 -0.446134
0.426118 0.134394 -0.446304
0.425193 0.134438 -0.446352
0.424998 0.134391 -0.445999
0.425452 0.134446 -0.446198
0.425354 0.134548 -0.446041
0.424982 0.134555 -0.445972
0.425519 0.134476 -0.446075
0.425562 0.134253 -0.446398
0.425883 0.133469 -0.446476
0.425908 0.133513 -0.446243
0.424544 0.134092 -0.445872
0.424012 0.133681 -0.446255
0.425373 0.133594 -0.446200
0.425210 0.133776 -0.446281
0.424998 0.134508 -0.446435
0.424347 0.134382 -0.446351
0.424798 0.133821 -0.445886
0.425424 0.133565 -0.445990
0.426049 0.133402 -0.446284
0.426218 0.134725 -0.446048
0.426355 0.133791 -0.446070
0.425588 0.133494 -0.446343
0.426129 0.133443 -0.446498
0.427672 0.133796 -0.446547
0.427419 0.134136 -0.447154
0.427438 0.133819 -0.448555
0.427069 0.139840 -0.448897
0.415039 0.165560 -0.441670
0.356815 0.188740 -0.391771
0.284464 0.207924 -0.326906
0.211738 0.218368 -0.258021
0.152388 0.215326 -0.196060
0.137110 0.180418 -0.161663
0.137442 0.142754 -0.141600
0.134996 0.135030 -0.134393
0.134734 0.123433 -0.127272
0.136987 0.114143 -0.123859
0.141444 0.106802 -0.123672
0.147795 0.101049 -0.126229
0.155727 0.096528 -0.131049
0.164930 0.092877 -0.137650
0.175093 0.089740 -0.145552
0.185906 0.086756 -0.154272
0.197056 0.083567 -0.163330
0.208233 0.079814 -0.172244
0.219126 0.075137 -0.180532
0.229424 0.069179 -0.187713
0.238815 0.061580 -0.193307
0.246990 0.051981 -0.196830
0.253680 0.036640 -0.196689
0.258465 0.023598 -0.195180
0.260183 0.023979 -0.193751
0.260240 0.023797 -0.193800
0.260418 0.024756 -0.193770
0.260566 0.023808 -0.193183
0.260019 0.023573 -0.192616
0.260351 0.023322 -0.192599
0.259698 0.022303 -0.191604
0.259501 0.023088 -0.191176
0.261732 0.022644 -0.192198
0.265229 0.019954 -0.193064
0.263321 0.021248 -0.193519
0.260819 0.023038 -0.193543
0.261533 0.023398 -0.192900
0.261891 0.022931 -0.190855
0.261481 0.021192 -0.191163
0.260714 0.022303 -0.188399
0.260672 0.020785 -0.186870
0.261187 0.022259 -0.190950
0.260077 0.021025 -0.187723
0.260819 0.022963 -0.191577
0.260109 0.023418 -0.189740
0.260594 0.022756 -0.192065
0.260463 0.020143 -0.191167
0.260291 0.020277 -0.192330
0.261597 0.022785 -0.194244
0.260966 0.023414 -0.193806
0.260484 0.023164 -0.193383
0.260428 0.021703 -0.192326
0.260352 0.020543 -0.192154
0.261023 0.021694 -0.193215
0.261224 0.023053 -0.193704
0.260340 0.022871 -0.194416
0.259373 0.020966 -0.193093
0.259339 0.021810 -0.192483
0.259468 0.022091 -0.192193
0.258970 0.023556 -0.192794
0.259692 0.024829 -0.192651
0.260145 0.023544 -0.193310
0.260533 0.021854 -0.192311
0.261548 0.021134 -0.191595
0.260988 0.023863 -0.192790
0.260905 0.022143 -0.194495
0.260090 0.021352 -0.193363
0.260304 0.021584 -0.192309
0.261115 0.021978 -0.191329
0.261232 0.023211 -0.189700
0.261106 0.023518 -0.193310
0.260904 0.023201 -0.194531
0.260458 0.021947 -0.193925
0.259349 0.021678 -0.191907
0.259737 0.021648 -0.186730
0.260425 0.021675 -0.186400
0.260398 0.021757 -0.188978
0.259886 0.021985 -0.191693
0.259507 0.021516 -0.192493
0.259640 0.020947 -0.193416
0.260741 0.022904 -0.194258
0.260664 0.023442 -0.192701
0.261064 0.023543 -0.192335
0.261526 0.023552 -0.191524
0.262115 0.023503 -0.189300
0.261970 0.023160 -0.191697
0.261846 0.021732 -0.192363
0.260549 0.020501 -0.192134
0.261198 0.020132 -0.191442
0.261351 0.020938 -0.192085
0.260716 0.021520 -0.191918
0.260446 0.021598 -0.191576
0.260048 0.021437 -0.191394
0.260444 0.021096 -0.192155
0.259747 0.020938 -0.192247
0.257553 0.023125 -0.190289
0.249688 0.037889 -0.182406
0.238451 0.058045 -0.171419
0.224453 0.081044 -0.158308
0.208306 0.104335 -0.144049
0.190622 0.125370 -0.129621
0.172013 0.141599 -0.116001
0.153091 0.150473 -0.104167
0.133538 0.145263 -0.095707
0.116283 0.133793 -0.090078
0.103327 0.119707 -0.087349
0.096667 0.106649 -0.087587
0.098304 0.098263 -0.090860
0.110237 0.098193 -0.097237
0.134465 0.110084 -0.106784
0.172988 0.137579 -0.119571
0.219305 0.188225 -0.125709
0.332127 0.284846 -0.160463
0.437603 0.353648 -0.212913
0.460497 0.289480 -0.294926
0.454467 0.196906 -0.374981
0.437539 0.142328 -0.425116
0.433130 0.132860 -0.435275
0.432335 0.132723 -0.435320
0.432898 0.133866 -0.434700
0.433055 0.135251 -0.434407
0.432861 0.135452 -0.434123
0.433049 0.134664 -0.433549
0.432844 0.134970 -0.433351
0.432521 0.135743 -0.433572
0.432722 0.136328 -0.433869
0.433576 0.135766 -0.434009
0.433512 0.134864 -0.433431
0.433732 0.134469 -0.433016
0.432717 0.134868 -0.433645
0.432097 0.135271 -0.433643
0.432730 0.134392 -0.433225
0.433102 0.134323 -0.432997
0.433212 0.134903 -0.433005
0.433057 0.135639 -0.433334
0.433204 0.135720 -0.433022
0.432426 0.135330 -0.433006
0.433062 0.135151 -0.432993
0.433452 0.135004 -0.432637
0.433771 0.134614 -0.432734
0.434019 0.134940 -0.433498
0.433280 0.135460 -0.433887
0.434034 0.134944 -0.433780
0.434110 0.134617 -0.433331
0.434233 0.135207 -0.433395
0.434465 0.134435 -0.433464
0.433122 0.134240 -0.433714
0.433769 0.135185 -0.433499
0.433844 0.134783 -0.433553
0.433610 0.135555 -0.433024
0.433595 0.134780 -0.433259
0.433926 0.135355 -0.433329
0.433693 0.134694 -0.433886
0.433825 0.134195 -0.433682
0.433623 0.134352 -0.433559
0.433539 0.134037 -0.433870
0.433602 0.134171 -0.433685
0.433927 0.134290 -0.433774
0.433849 0.134954 -0.433277
0.433983 0.135146 -0.433692
0.435083 0.135262 -0.433826
0.434178 0.135549 -0.434586
0.435242 0.136512 -0.434163
0.433112 0.135823 -0.433790
0.432257 0.134856 -0.433604
0.431826 0.134315 -0.433633
0.431768 0.134214 -0.433920
0.431783 0.134462 -0.434068
0.431823 0.135222 -0.433921
0.432020 0.134397 -0.433913
0.431769 0.134368 -0.434525
0.431507 0.135176 -0.434210
0.431426 0.135631 -0.433936
0.431436 0.134806 -0.434021
0.431572 0.134521 -0.433811
0.431624 0.134285 -0.434031
0.431498 0.134388 -0.433564
0.431708 0.134151 -0.433591
0.432138 0.134211 -0.433630
0.432129 0.134213 -0.433802
0.431667 0.134145 -0.434385
0.431555 0.134197 -0.434342
0.431741 0.134220 -0.433933
0.431930 0.134618 -0.433617
0.432430 0.134832 -0.433586
0.432331 0.135318 -0.433728
0.432167 0.135671 -0.433554
0.431280 0.135337 -0.433632
0.431415 0.135827 -0.433899
0.431961 0.135753 -0.433826
0.431739 0.134805 -0.433728
0.432116 0.134448 -0.433466
0.432159 0.134747 -0.433718
0.432046 0.135320 -0.433774
0.431729 0.136182 -0.433727
0.431478 0.135267 -0.433976
0.431835 0.134972 -0.433455
0.431554 0.135038 -0.433282
0.431043 0.134906 -0.433151
0.431146 0.134583 -0.433353
0.431104 0.135509 -0.433880
0.430808 0.135532 -0.433892
0.431099 0.134689 -0.433981
0.431349 0.134497 -0.433762
0.430915 0.135659 -0.433417
0.431081 0.136574 -0.433434
0.431309 0.138026 -0.433792
0.431805 0.135778 -0.433427
0.431691 0.134727 -0.433329
0.432145 0.134594 -0.433336
0.432295 0.135349 -0.433415
0.431974 0.134687 -0.433232
0.431629 0.134405 -0.433139
0.432550 0.135228 -0.433269
0.432004 0.134486 -0.433358
0.431882 0.134235 -0.433568
0.431481 0.134047 -0.433636
0.431802 0.133997 -0.433404
0.431642 0.134271 -0.433452
0.432045 0.134272 -0.433823
0.432604 0.134180 -0.433455
0.432192 0.134465 -0.433440
0.431851 0.134433 -0.433738
0.431078 0.134735 -0.433198
0.431389 0.135370 -0.433272
0.432499 0.134466 -0.433332
0.431967 0.134127 -0.433465
0.431749 0.134776 -0.433304
0.432365 0.134374 -0.433752
0.432105 0.134559 -0.433768
0.431899 0.134362 -0.433480
0.431469 0.134441 -0.433584
0.431728 0.134230 -0.433415
0.431999 0.134570 -0.433478
0.432036 0.134522 -0.433342
0.431898 0.135531 -0.433347
0.431606 0.135535 -0.433435
0.431789 0.136034 -0.433919
0.431589 0.134753 -0.434470
0.431785 0.134813 -0.434344
0.431965 0.136726 -0.434031
0.431746 0.135864 -0.433521
0.431553 0.134793 -0.433815
0.432844 0.134837 -0.433981
0.432347 0.134506 -0.434072
0.431824 0.135169 -0.433988
0.431457 0.134282 -0.433674
0.431721 0.134770 -0.433665
0.431787 0.135491 -0.433687
0.431346 0.135531 -0.433505
0.432272 0.134760 -0.433899
0.433448 0.135673 -0.434466
0.433272 0.135811 -0.434210
0.432705 0.135697 -0.433789
0.431832 0.135227 -0.433527
0.432060 0.134554 -0.433422
0.431782 0.133884 -0.433715
0.432321 0.134003 -0.433691
0.431955 0.133818 -0.433479
0.432513 0.133794 -0.433181
0.433406 0.133849 -0.433729
0.432747 0.133757 -0.433887
0.432381 0.133258 -0.433773
0.432177 0.134133 -0.433906
0.432285 0.134151 -0.433883
0.432658 0.134426 -0.434084
0.431779 0.135606 -0.433614
0.431826 0.135085 -0.433552
0.431623 0.135412 -0.433954
0.431592 0.134747 -0.433735
0.431035 0.135320 -0.433353
0.430954 0.134786 -0.433759
0.431349 0.135842 -0.433692
0.431252 0.134772 -0.433933
0.431446 0.135508 -0.433384
0.431561 0.135677 -0.433507
0.432227 0.135369 -0.433807
0.431771 0.135519 -0.433705
0.431861 0.134924 -0.433839
0.431661 0.134931 -0.433870
0.431641 0.135426 -0.433873
0.432069 0.135162 -0.433994
0.432328 0.135612 -0.434064
0.431832 0.135675 -0.433628
0.431679 0.135584 -0.433586
0.431795 0.135065 -0.433423
0.431964 0.135424 -0.433620
0.431496 0.135062 -0.433749
0.431851 0.135502 -0.433727
0.431215 0.135164 -0.433684
0.431310 0.135299 -0.433909
0.431943 0.135488 -0.434031
0.431778 0.134969 -0.433905
0.431130 0.135280 -0.433910
0.431334 0.134404 -0.433448
0.431719 0.134310 -0.433370
0.431462 0.134403 -0.433514
0.431594 0.134763 -0.433411
0.432068 0.134564 -0.433559
0.431890 0.134097 -0.433568
0.430846 0.134932 -0.433214
0.431176 0.136651 -0.433449
0.431688 0.135485 -0.433864
0.431328 0.134675 -0.433644
0.431802 0.135371 -0.433450
0.431213 0.134930 -0.433621
0.431279 0.134619 -0.433508
0.431199 0.134421 -0.433669
0.430784 0.135158 -0.433486
0.430378 0.135557 -0.433500
0.430816 0.135089 -0.433279
0.431222 0.134837 -0.433114
0.431115 0.134891 -0.432992
0.431347 0.134731 -0.433224
0.431127 0.134512 -0.433590
0.431326 0.133963 -0.433564
0.431538 0.133993 -0.433905
0.431106 0.134033 -0.433503
0.431196 0.133995 -0.433511
0.431652 0.134562 -0.433333
0.432120 0.134709 -0.433276
0.430987 0.134716 -0.433384
0.430531 0.134663 -0.433721
0.430942 0.134538 -0.433790
0.431177 0.135283 -0.433704
0.432087 0.134811 -0.433450
0.432484 0.134605 -0.433530
0.431944 0.135571 -0.433284
0.431947 0.135521 -0.433312
0.432887 0.134534 -0.433412
0.432328 0.134768 -0.433458
0.431867 0.135442 -0.433701
0.432134 0.135119 -0.433578
0.430891 0.135656 -0.433405
0.431687 0.135513 -0.433327
0.432397 0.134426 -0.433308
0.431687 0.134195 -0.433323
0.431556 0.134499 -0.433402
0.431399 0.133934 -0.433564
0.431558 0.133848 -0.433655
0.431594 0.134147 -0.433488
0.431344 0.134522 -0.433128
0.431398 0.135374 -0.433615
0.431161 0.135010 -0.433694
0.432144 0.135463 -0.433931
0.432297 0.135129 -0.433648
0.432365 0.135138 -0.434129
0.432039 0.134642 -0.433815
0.431137 0.134455 -0.433514
0.431288 0.134706 -0.433942
0.430984 0.134556 -0.433998
0.431402 0.134220 -0.434029
0.431434 0.134398 -0.433810
0.431527 0.135420 -0.433687
0.432194 0.135662 -0.433439
0.432033 0.135267 -0.433585
0.431214 0.134898 -0.433667
0.431586 0.135917 -0.433499
0.431071 0.134685 -0.433428
0.431004 0.134419 -0.433653
0.431682 0.135259 -0.433594
0.430991 0.134873 -0.433410
0.431011 0.134769 -0.433474
0.431312 0.134834 -0.433476
0.430882 0.135005 -0.433477
0.430700 0.134574 -0.433819
0.430809 0.135137 -0.433390
0.430968 0.134758 -0.433282
0.431428 0.135372 -0.433226
0.431769 0.134740 -0.433645
0.431063 0.134348 -0.433798
0.431022 0.134816 -0.433857
0.430416 0.135590 -0.434024
0.430531 0.135539 -0.433406
0.431603 0.134688 -0.433349
0.431119 0.135680 -0.433357
0.431178 0.135613 -0.433661
0.431029 0.134785 -0.433681
0.431114 0.135744 -0.433315
0.431595 0.135883 -0.433279
0.431076 0.136084 -0.433261
0.431095 0.135108 -0.433505
0.431569 0.135111 -0.433754
0.430904 0.134953 -0.433834
0.430878 0.135439 -0.433886
0.431330 0.135127 -0.434022
0.431560 0.135950 -0.433401
0.431836 0.136936 -0.433493
0.430993 0.136167 -0.433647
0.430656 0.135940 -0.433659
0.431619 0.135338 -0.433278
0.431770 0.135182 -0.433605
0.431702 0.135121 -0.433621
0.430885 0.134991 -0.433737
0.430590 0.135071 -0.434052
0.431346 0.135674 -0.433759
0.432029 0.135822 -0.433409
0.432052 0.135846 -0.433339
0.432177 0.135829 -0.433531
0.431445 0.135719 -0.433633
0.430988 0.135292 -0.433432
0.432249 0.135005 -0.433808
0.432211 0.134941 -0.433637
0.432245 0.135827 -0.433394
0.431608 0.135880 -0.433196
0.431504 0.135815 -0.433148
0.430874 0.135147 -0.433664
0.430475 0.135810 -0.433765
0.431016 0.135888 -0.433313
0.430907 0.136085 -0.433658
0.431143 0.136330 -0.433943
0.430967 0.137139 -0.433684
0.431230 0.136782 -0.434165
0.431252 0.136218 -0.434019
0.430959 0.136061 -0.433931
0.431217 0.135992 -0.434065
0.431263 0.135860 -0.433587
0.431216 0.135865 -0.433673
0.431090 0.137154 -0.433767
0.431871 0.137283 -0.433698
0.432235 0.138475 -0.433492
0.431955 0.137489 -0.433434
0.431537 0.136419 -0.433901
0.431469 0.136839 -0.433855
0.431850 0.136026 -0.433965
0.432505 0.135645 -0.433666
0.431805 0.136950 -0.433489
0.431058 0.135294 -0.433399
0.431216 0.135258 -0.433736
0.431087 0.135436 -0.433760
0.431744 0.134622 -0.433737
0.430782 0.134756 -0.433532
0.431288 0.134647 -0.433827
0.431488 0.134388 -0.433425
0.431370 0.134714 -0.433346
0.431406 0.135322 -0.433599
0.431092 0.137231 -0.433555
0.431292 0.135734 -0.433977
0.431247 0.135837 -0.434017
0.431115 0.135266 -0.433912
0.431520 0.135547 -0.433973
0.432150 0.135372 -0.433688
0.432432 0.136488 -0.433391
0.432142 0.136574 -0.433378
0.433150 0.135361 -0.433457
0.431781 0.134462 -0.433296
0.431611 0.134461 -0.433695
0.431523 0.134150 -0.433826
0.431455 0.134325 -0.433845
0.431389 0.134764 -0.433331
0.430940 0.135426 -0.433696
0.430614 0.136501 -0.433915
0.431185 0.135159 -0.433573
0.431358 0.135314 -0.433366
0.431447 0.135770 -0.433411
0.432729 0.135823 -0.433724
0.431752 0.135687 -0.433765
0.431747 0.135056 -0.433441
0.431223 0.135827 -0.433429
0.431680 0.135983 -0.433638
0.431685 0.136230 -0.433786
0.432330 0.135124 -0.433769
0.432003 0.135195 -0.433584
0.431515 0.135107 -0.433448
0.431197 0.135049 -0.433271
0.431835 0.135863 -0.433251
0.431456 0.135939 -0.433678
0.431341 0.135234 -0.433316
0.432053 0.134683 -0.433158
0.430723 0.135512 -0.433537
0.431253 0.134995 -0.433789
0.432477 0.135197 -0.434501
0.433152 0.134822 -0.436419
0.432278 0.134656 -0.434646
0.432507 0.134541 -0.433535
0.432714 0.134499 -0.432733
0.432204 0.134464 -0.433204
0.431763 0.134911 -0.433407
0.431664 0.135011 -0.434129
0.431363 0.135651 -0.436238
0.431486 0.135932 -0.437575
0.432728 0.135651 -0.437268
0.431098 0.135229 -0.436548
0.431616 0.136279 -0.434480
0.431960 0.136701 -0.433384
0.432442 0.137004 -0.432563
0.433039 0.137198 -0.431992
0.433725 0.137296 -0.431647
0.434475 0.137308 -0.431501
0.435266 0.137245 -0.431531
0.436072 0.137118 -0.431712
0.436868 0.136939 -0.432019
0.437629 0.136717 -0.432427
0.438332 0.136465 -0.432911
0.438951 0.136193 -0.433446
0.439461 0.135912 -0.434008
0.439838 0.135634 -0.434572
0.440057 0.135369 -0.435112
0.440093 0.135129 -0.435605
0.439921 0.134924 -0.436025
0.439517 0.134766 -0.436347
0.438856 0.134665 -0.436547
0.437913 0.134632 -0.436600
0.436663 0.134679 -0.436480
0.435083 0.134817 -0.436164
0.432312 0.135066 -0.434920
0.431373 0.135646 -0.436180
0.430940 0.135672 -0.435231
0.431613 0.135289 -0.434829
0.431267 0.135725 -0.434324
0.431808 0.136068 -0.435361
0.431096 0.137389 -0.433984
0.430946 0.136187 -0.433351
0.430364 0.136761 -0.433711
0.430500 0.135611 -0.434522
0.431089 0.135673 -0.433963
0.431714 0.134900 -0.434069
0.431570 0.134778 -0.433591
0.431922 0.135225 -0.433626
0.431742 0.137043 -0.433417
0.430560 0.137008 -0.433516
0.430236 0.137375 -0.433539
0.431175 0.137472 -0.433544
0.431197 0.136774 -0.433808
0.430497 0.135887 -0.434211
0.431690 0.135246 -0.434236
0.432125 0.135088 -0.433923
0.431970 0.135615 -0.433665
0.431610 0.136804 -0.433256
0.431335 0.136162 -0.433375
0.430930 0.135918 -0.433499
0.431075 0.135832 -0.433240
0.431577 0.135621 -0.432845
0.431597 0.134807 -0.433223
0.431866 0.134483 -0.433969
0.431943 0.134812 -0.433472
0.431842 0.134655 -0.433416
0.431917 0.134639 -0.433457
0.431878 0.134574 -0.432988
0.431644 0.134258 -0.433542
0.432044 0.135168 -0.433505
0.432110 0.134769 -0.433359
0.431941 0.134794 -0.433930
0.431959 0.134646 -0.433418
0.431470 0.134492 -0.433596
0.431933 0.134324 -0.433456
0.432130 0.134733 -0.433340
0.431907 0.135535 -0.433401
0.431938 0.134748 -0.432912
0.431892 0.134414 -0.433205
0.431616 0.134831 -0.433071
0.431564 0.134660 -0.432754
0.431622 0.134761 -0.432978
0.431155 0.134822 -0.432703
0.430899 0.134701 -0.432759
0.431206 0.134942 -0.433267
0.431789 0.134649 -0.433000
0.431223 0.134926 -0.433940
0.431876 0.134748 -0.433569
0.431741 0.134525 -0.432936
0.431926 0.134070 -0.433236
0.431935 0.134477 -0.433622
0.431862 0.134639 -0.432957
0.432060 0.134934 -0.432737
0.432491 0.134354 -0.432954
0.432525 0.134652 -0.432801
0.432533 0.134882 -0.433126
0.431821 0.135368 -0.433306
0.432196 0.134694 -0.432768
0.432082 0.134087 -0.432635
0.432410 0.134413 -0.432784
0.432221 0.134254 -0.432548
0.432667 0.134415 -0.432430
0.432702 0.134225 -0.433057
0.432220 0.133991 -0.433429
0.431944 0.134100 -0.433102
0.432874 0.134570 -0.432749
0.432797 0.134240 -0.432919
0.432653 0.134162 -0.432579
0.432324 0.133923 -0.432559
0.432116 0.133897 -0.432737
0.431988 0.134517 -0.433297
0.432423 0.134658 -0.433520
0.432181 0.134678 -0.432887
0.432275 0.135830 -0.432993
0.432248 0.134842 -0.433256
0.432087 0.135322 -0.433236
0.432703 0.134869 -0.433735
0.432694 0.134378 -0.433662
0.432205 0.134237 -0.433253
0.431678 0.134215 -0.432916
0.431932 0.134956 -0.433499
0.433190 0.135310 -0.433528
0.432965 0.135097 -0.433863
0.432300 0.134638 -0.433707
0.431843 0.135513 -0.433814
0.432233 0.135066 -0.433729
0.432871 0.135290 -0.433410
0.432622 0.134913 -0.433501
0.433131 0.133799 -0.433512
0.432294 0.134005 -0.433409
0.432227 0.134334 -0.433316
0.432299 0.134142 -0.433607
0.433051 0.134439 -0.434153
0.432970 0.135923 -0.434155
0.432731 0.135812 -0.433429
0.432545 0.134762 -0.433680
0.432263 0.135344 -0.433589
0.432718 0.134923 -0.433873
0.432594 0.135500 -0.433849
0.432310 0.135927 -0.433489
0.432608 0.135050 -0.433760
0.432832 0.135542 -0.433800
0.432773 0.136098 -0.433416
0.432931 0.135577 -0.433774
0.432604 0.135689 -0.433889
0.433010 0.136041 -0.433701
0.431955 0.136150 -0.433534
0.432525 0.135298 -0.433579
0.432994 0.134799 -0.433046
0.433031 0.134854 -0.433187
0.435583 0.134532 -0.434901
0.432679 0.134766 -0.434511
0.434499 0.136562 -0.436233
0.442738 0.143856 -0.451063
0.451603 0.151407 -0.466954
0.458028 0.156564 -0.478231
0.458951 0.156674 -0.479224
0.451305 0.149085 -0.464259
0.432027 0.131147 -0.427664
0.388895 0.092113 -0.346742
0.341657 0.049424 -0.258279
0.300907 0.012426 -0.182035
0.287983 -0.000151 -0.157738
0.286703 -0.002256 -0.155352
0.291632 0.001547 -0.164806
0.293000 0.003053 -0.168200
0.293333 0.004603 -0.170000
0.299979 0.010718 -0.181572
0.329974 0.038903 -0.238233
0.365038 0.071798 -0.304650
0.396790 0.101598 -0.364934
0.416851 0.120498 -0.403193
0.416838 0.120691 -0.403539
0.362068 0.069815 -0.300592
0.309692 0.021027 -0.201888
0.319495 0.029794 -0.219527
0.350233 0.058022 -0.276747
0.389603 0.094486 -0.350841
0.425298 0.127959 -0.419099
0.431037 0.135404 -0.435532
0.432027 0.135851 -0.436357
0.431737 0.135079 -0.435598
0.431950 0.134300 -0.437024
0.430622 0.134299 -0.436234
0.430828 0.133867 -0.437707
0.432072 0.134591 -0.437419
0.432148 0.135398 -0.435365
0.432085 0.135871 -0.436218
0.430693 0.135549 -0.436339
0.431663 0.135476 -0.434615
0.431856 0.135382 -0.434073
0.431607 0.134799 -0.434181
0.431601 0.134997 -0.433789
0.431864 0.136026 -0.433936
0.431914 0.136421 -0.434358
0.431707 0.135882 -0.434353
0.431951 0.136084 -0.434545
0.432013 0.135863 -0.434051
0.431615 0.135024 -0.434157
0.431924 0.135722 -0.433979
0.431957 0.136788 -0.434248
0.431302 0.137984 -0.434200
0.431241 0.136127 -0.433986
0.431614 0.135342 -0.434051
0.432010 0.135145 -0.433975
0.431700 0.134993 -0.433612
0.431799 0.134795 -0.433771
0.431947 0.134863 -0.434154
0.432078 0.135286 -0.433868
0.432416 0.135166 -0.433939
0.431646 0.134957 -0.433625
0.431346 0.135341 -0.433887
0.432043 0.135315 -0.433953
0.432208 0.135610 -0.434163
0.432138 0.135929 -0.433926
0.431763 0.135757 -0.433454
0.432243 0.137159 -0.433603
0.432667 0.135988 -0.433839
0.432230 0.135914 -0.434302
0.431658 0.135500 -0.434400
0.431562 0.135814 -0.433361
0.431971 0.135092 -0.433374
0.432123 0.134981 -0.433737
0.432065 0.134932 -0.433626
0.432197 0.135576 -0.433297
0.432167 0.134872 -0.433481
0.431961 0.134760 -0.432872
0.432339 0.135325 -0.433155
0.432349 0.135459 -0.433279
0.432082 0.135418 -0.433414
0.432084 0.134864 -0.433135
0.432332 0.134939 -0.433171
0.432631 0.135363 -0.433216
0.431937 0.135563 -0.433374
0.431588 0.135750 -0.433649
0.431568 0.135628 -0.433371
0.431587 0.135531 -0.433769
0.431687 0.135605 -0.433562
0.432247 0.135785 -0.433252
0.431863 0.136387 -0.433596
0.432649 0.136096 -0.433485
0.432848 0.136031 -0.433774
0.433245 0.136284 -0.433880
0.433380 0.136034 -0.433299
0.433257 0.137000 -0.433299
0.432909 0.135816 -0.433281
0.432495 0.135859 -0.433926
0.432606 0.135471 -0.433708
0.432755 0.135092 -0.433704
0.433088 0.135811 -0.433445
0.432669 0.136001 -0.433429
0.432194 0.135972 -0.433654
0.432154 0.135752 -0.434087
0.432712 0.136080 -0.433527
0.432602 0.136044 -0.433901
0.432473 0.135712 -0.433897
0.432308 0.136038 -0.433609
0.432377 0.136077 -0.433573
0.431819 0.135763 -0.433690
0.432489 0.136140 -0.433919
0.432800 0.136584 -0.434581
0.432663 0.137209 -0.434564
0.432231 0.136479 -0.434748
0.430974 0.136293 -0.435524
0.432484 0.136185 -0.434778
0.432370 0.136146 -0.434709
0.432625 0.135996 -0.434810
0.432546 0.135170 -0.434484
0.431786 0.135224 -0.433816
0.431983 0.136567 -0.434280
0.432306 0.136473 -0.434742
0.431728 0.136438 -0.434582
0.432014 0.136391 -0.434554
0.432452 0.136634 -0.434186
0.432293 0.137240 -0.434569
0.432281 0.136566 -0.433867
0.431705 0.136212 -0.434094
0.431768 0.135541 -0.434104
0.431883 0.135402 -0.433997
0.431837 0.135871 -0.434094
0.431912 0.135461 -0.433938
0.431937 0.135093 -0.434536
0.431683 0.135743 -0.434050
0.431919 0.135323 -0.434006
0.431679 0.136103 -0.434273
0.432402 0.136511 -0.434135
0.431906 0.136200 -0.434528
0.432000 0.135732 -0.434626
0.432062 0.135980 -0.434742
0.431877 0.135708 -0.434585
0.431447 0.136075 -0.434820
0.431647 0.136184 -0.434794
0.432321 0.135617 -0.434311
0.432562 0.135971 -0.434226
0.432080 0.136152 -0.434448
0.432609 0.136224 -0.434653
0.432247 0.136020 -0.434719
0.432086 0.135492 -0.434926
0.431750 0.135947 -0.434986
0.431459 0.135797 -0.434842
0.431742 0.136008 -0.434360
0.431642 0.135597 -0.434279
0.431938 0.135334 -0.434136
0.431832 0.135475 -0.434034
0.431742 0.135420 -0.434525
0.431922 0.134851 -0.434947
0.431250 0.134691 -0.435271
0.430772 0.134819 -0.435443
0.430324 0.135424 -0.435113
0.430631 0.135598 -0.434345
0.431784 0.134517 -0.434289
0.432487 0.135418 -0.434410
0.432386 0.135923 -0.434473
0.431525 0.135436 -0.434066
0.431291 0.135616 -0.434055
0.431625 0.136796 -0.434283
0.431551 0.135909 -0.434332
0.431464 0.135661 -0.433988
0.431314 0.135730 -0.433986
0.431456 0.136201 -0.433573
0.432141 0.136244 -0.434167
0.432170 0.135856 -0.434186
0.431614 0.136643 -0.433842
0.431017 0.137119 -0.434424
0.430844 0.136228 -0.434885
0.430795 0.135611 -0.434302
0.431447 0.135610 -0.434399
0.431985 0.136194 -0.434556
0.431891 0.136405 -0.434606
0.431872 0.136483 -0.434493
0.431286 0.136749 -0.433984
0.431785 0.136339 -0.434382
0.431158 0.136387 -0.434921
0.431799 0.135572 -0.435048
0.431641 0.135367 -0.434458
0.431472 0.134913 -0.433869
0.432143 0.135072 -0.434097
0.432233 0.135296 -0.434508
0.432182 0.135711 -0.434887
0.431390 0.136498 -0.434727
0.431935 0.136457 -0.434635
0.432195 0.135526 -0.434701
0.432217 0.135355 -0.434626
0.432248 0.134887 -0.434620
0.432173 0.135075 -0.434371
0.432594 0.134955 -0.434188
0.432617 0.135442 -0.434655
0.432354 0.135150 -0.434182
0.431696 0.135986 -0.434007
0.431755 0.135554 -0.433977
0.431479 0.134885 -0.434025
0.431466 0.135159 -0.434359
0.431748 0.134827 -0.434416
0.432460 0.135174 -0.434193
0.432640 0.135490 -0.434566
0.432511 0.135421 -0.434555
0.432828 0.135198 -0.434368
0.432137 0.135225 -0.434863
0.432018 0.135516 -0.434800
0.431770 0.135913 -0.434488
0.431865 0.135525 -0.434148
0.431794 0.135921 -0.434497
0.432608 0.135996 -0.434925
0.432032 0.135629 -0.434570
0.431959 0.135717 -0.434063
0.431992 0.136195 -0.433965
0.432973 0.136682 -0.433905
0.432336 0.136009 -0.433953
0.432729 0.136617 -0.433671
0.430988 0.136061 -0.433637
0.431360 0.136740 -0.434455
0.431624 0.136382 -0.434438
0.431924 0.135773 -0.434058
0.432097 0.135707 -0.434041
0.431669 0.136066 -0.434361
0.431573 0.136281 -0.434230
0.431752 0.136582 -0.434300
0.432444 0.136516 -0.433984
0.432651 0.137006 -0.434168
0.432675 0.135958 -0.434191
0.432781 0.136023 -0.434409
0.432522 0.135708 -0.434181
0.432157 0.135524 -0.434416
0.432717 0.135558 -0.434260
0.432689 0.135984 -0.434492
0.432154 0.135687 -0.434398
0.432135 0.135864 -0.434639
0.432664 0.136921 -0.434757
0.433102 0.135978 -0.434329
0.432225 0.136126 -0.434440
0.432026 0.136061 -0.434494
0.432592 0.135596 -0.434156
0.432826 0.135494 -0.434106
0.432819 0.135606 -0.433904
0.432253 0.136180 -0.434258
0.431765 0.136298 -0.434435
0.432305 0.136603 -0.434382
0.432456 0.136272 -0.434806
0.431871 0.135928 -0.434290
0.430853 0.135137 -0.434606
0.431206 0.135654 -0.434101
0.431610 0.136557 -0.434492
0.432212 0.135953 -0.434480
0.432765 0.136119 -0.434404
0.432645 0.136213 -0.433999
0.432342 0.135976 -0.433966
0.432109 0.136453 -0.434005
0.432308 0.136238 -0.433857
0.432708 0.136117 -0.434370
0.433087 0.135759 -0.434691
0.432539 0.136110 -0.434210
0.432622 0.136138 -0.434170
0.432521 0.135636 -0.433886
0.432116 0.135035 -0.433801
0.431101 0.135061 -0.433570
0.431297 0.135655 -0.433540
0.432229 0.135129 -0.433488
0.432484 0.135221 -0.433293
0.432123 0.134987 -0.433629
0.431477 0.135592 -0.433638
0.432724 0.136688 -0.433222
0.432201 0.135629 -0.433634
0.432214 0.135070 -0.433643
0.432379 0.135827 -0.433719
0.433160 0.136040 -0.433446
0.432654 0.137611 -0.432956
0.432049 0.136824 -0.432577
0.431798 0.135737 -0.432683
0.432436 0.135402 -0.433450
0.432587 0.134687 -0.433666
0.431876 0.134274 -0.433311
0.432667 0.134749 -0.432999
0.432801 0.135334 -0.432742
0.432576 0.134909 -0.433080
0.432130 0.134795 -0.433027
0.432150 0.134296 -0.433027
0.431917 0.134516 -0.433282
0.432211 0.134384 -0.433547
0.432445 0.135075 -0.433225
0.432653 0.134382 -0.432910
0.432770 0.134503 -0.433779
0.432603 0.134542 -0.433798
0.432193 0.134144 -0.433820
0.433207 0.134001 -0.433814
0.433356 0.134792 -0.433696
0.433050 0.134985 -0.433677
0.432986 0.134937 -0.433752
0.432981 0.134698 -0.434273
0.431759 0.135834 -0.433703
0.432520 0.134660 -0.433309
0.432728 0.134968 -0.433830
0.432282 0.134032 -0.433631
0.432238 0.133524 -0.433315
0.432221 0.133747 -0.432462
0.432269 0.134398 -0.433042
0.433133 0.134209 -0.433117
0.432773 0.134602 -0.433418
0.431711 0.133824 -0.433740
0.431400 0.133724 -0.433486
0.431222 0.133604 -0.433253
0.431210 0.133588 -0.433036
0.431349 0.133706 -0.432917
0.431625 0.133988 -0.432980
0.432367 0.134976 -0.433679
0.432213 0.134339 -0.433847
0.431884 0.135002 -0.433788
0.431380 0.134843 -0.433361
0.432041 0.135015 -0.433865
0.432350 0.135647 -0.433388
0.432636 0.135165 -0.433089
0.431944 0.135629 -0.433623
0.431086 0.134880 -0.433628
0.431248 0.134701 -0.432679
0.431149 0.134942 -0.432915
0.431868 0.135004 -0.432869
0.432166 0.134964 -0.433795
0.431516 0.134796 -0.434450
0.431371 0.135053 -0.434060
0.431507 0.135345 -0.433830
0.431911 0.135556 -0.433414
0.432212 0.135501 -0.433090
0.432445 0.135100 -0.433714
0.432136 0.135066 -0.433441
0.432094 0.135134 -0.433702
0.432288 0.134834 -0.433450
0.431620 0.134651 -0.433495
0.431536 0.134700 -0.433854
0.431544 0.134714 -0.433544
0.431988 0.134772 -0.433570
0.431786 0.134986 -0.432983
0.431990 0.135187 -0.433771
0.432183 0.135510 -0.433941
0.431302 0.136236 -0.433796
0.431909 0.138040 -0.434175
0.432384 0.136338 -0.433987
0.431903 0.135664 -0.433586
0.431685 0.136014 -0.433306
0.431837 0.135983 -0.434208
0.432595 0.136244 -0.436084
0.431265 0.135904 -0.434213
0.430970 0.135245 -0.433702
0.431347 0.136039 -0.433637
0.431516 0.136311 -0.433922
0.431991 0.136660 -0.433758
0.432530 0.136668 -0.433778
0.432685 0.135869 -0.433718
0.432653 0.135824 -0.433612
0.431797 0.136419 -0.433792
0.431717 0.136183 -0.433771
0.432504 0.135679 -0.433751
0.432306 0.135379 -0.433482
0.432029 0.135284 -0.433836
0.431768 0.135493 -0.434026
0.431118 0.135445 -0.434383
0.431492 0.135382 -0.434312
0.432379 0.135760 -0.433663
0.432489 0.135383 -0.433007
0.431978 0.135550 -0.433962
0.431475 0.135889 -0.434579
0.431415 0.136353 -0.434032
0.431234 0.136380 -0.433677
0.430642 0.136419 -0.433981
0.431043 0.136510 -0.433975
0.430898 0.137058 -0.433890
0.431204 0.138124 -0.433728
0.431280 0.136153 -0.434098
0.431237 0.135629 -0.433858
0.430988 0.135649 -0.433507
0.432425 0.135468 -0.432730
0.431825 0.136275 -0.433682
0.430597 0.136062 -0.434556
0.430649 0.136989 -0.434937
0.431537 0.136120 -0.434383
0.431225 0.136365 -0.434588
0.431821 0.135653 -0.433431
0.431962 0.135995 -0.434294
0.432418 0.136096 -0.432974
0.431974 0.136739 -0.433280
0.431555 0.136023 -0.433469
0.432019 0.136254 -0.433776
0.431751 0.136179 -0.433897
0.431952 0.135457 -0.434058
0.432261 0.135517 -0.434631
0.432615 0.135778 -0.435486
0.433275 0.136501 -0.437176
0.432887 0.136400 -0.438362
0.431980 0.136372 -0.437933
0.432949 0.135919 -0.435254
0.432233 0.135790 -0.434967
0.432018 0.134863 -0.434842
0.431946 0.135344 -0.434658
0.431695 0.135597 -0.434818
0.432388 0.136060 -0.435383
0.431723 0.136875 -0.434669
0.431864 0.135388 -0.433799
0.431895 0.135778 -0.433848
0.432183 0.136664 -0.434042
0.432367 0.135764 -0.434133
0.431851 0.135415 -0.434244
0.431983 0.136105 -0.434058
0.431916 0.135606 -0.433783
0.431749 0.135409 -0.434109
0.432299 0.135249 -0.433946
0.432350 0.136090 -0.434374
0.432502 0.135407 -0.434172
0.432616 0.135705 -0.433917
0.432808 0.136207 -0.434022
0.431604 0.136587 -0.434145
0.431737 0.136488 -0.434166
0.431936 0.136347 -0.434480
0.432169 0.135785 -0.434418
0.432172 0.135728 -0.434048
0.432218 0.135734 -0.434547
0.432099 0.135774 -0.434625
0.432216 0.136165 -0.434209
0.432274 0.135485 -0.434061
0.432305 0.135546 -0.434066
0.432636 0.135759 -0.434440
0.431804 0.135966 -0.434020
0.431718 0.135644 -0.434357
0.432110 0.135652 -0.433713
0.432134 0.135931 -0.433797
0.432139 0.136779 -0.434057
0.432035 0.136227 -0.433405
0.431999 0.135680 -0.433309
0.431886 0.135446 -0.433905
0.432520 0.135939 -0.433952
0.432173 0.135488 -0.434556
0.432206 0.135934 -0.434487
0.432141 0.136422 -0.434259
0.431261 0.136364 -0.433912
0.431564 0.136449 -0.434228
0.432313 0.136005 -0.434307
0.432142 0.135086 -0.434202
0.432216 0.135577 -0.434361
0.432022 0.136612 -0.434042
0.431314 0.137197 -0.433603
0.431616 0.136238 -0.433687
0.430089 0.136776 -0.434310
0.431708 0.135709 -0.434386
0.432047 0.134905 -0.434437
0.431991 0.134872 -0.434608
0.431935 0.135534 -0.434465
0.432261 0.136318 -0.434683
0.432548 0.136555 -0.433960
0.432396 0.137114 -0.433873
0.432791 0.135998 -0.434117
0.435024 0.136033 -0.435042
0.433182 0.136176 -0.435592
0.431252 0.136382 -0.435879
0.433795 0.136930 -0.435508
0.431941 0.135896 -0.434502
0.430266 0.134906 -0.435992
0.431833 0.134806 -0.436248
0.433854 0.135142 -0.437172
0.432108 0.135717 -0.434890
0.432343 0.135284 -0.435989
0.436920 0.135381 -0.436842
0.433842 0.135762 -0.437045
0.431883 0.135269 -0.436200
0.432019 0.135181 -0.434301
0.430466 0.135892 -0.435927
0.430883 0.135263 -0.437235
0.431392 0.135956 -0.434775
0.430535 0.136292 -0.435369
0.430859 0.135963 -0.435601
0.434746 0.135872 -0.436534
0.431581 0.135510 -0.436451
0.431082 0.136799 -0.435261
0.430877 0.136655 -0.434014
0.431078 0.137458 -0.433567
0.432682 0.135627 -0.433939
0.435735 0.134875 -0.435750
0.432948 0.135060 -0.436636
0.432306 0.135657 -0.436585
0.435306 0.135642 -0.435947
0.432571 0.134571 -0.434119
0.432027 0.134858 -0.433418
0.431991 0.136019 -0.433550
0.432367 0.135266 -0.433510
0.432889 0.134976 -0.434075
0.431725 0.135460 -0.434336
0.432820 0.134392 -0.433986
0.432830 0.135021 -0.433418
0.432560 0.134263 -0.432524
0.432106 0.134426 -0.433177
0.431763 0.134087 -0.433116
0.432345 0.134762 -0.433720
0.432087 0.135864 -0.434038
0.431882 0.135931 -0.434661
0.431446 0.135153 -0.435501
0.431171 0.135469 -0.433173
0.431882 0.134414 -0.433689
0.432037 0.134205 -0.432803
0.432228 0.135233 -0.433639
0.432410 0.137441 -0.433968
0.432098 0.134785 -0.433611
0.432125 0.134263 -0.433898
0.432142 0.135387 -0.433363
0.432216 0.135192 -0.433222
0.432427 0.135494 -0.434700
0.432120 0.135144 -0.434150
0.432248 0.135535 -0.433239
0.432973 0.134988 -0.433543
0.432307 0.135089 -0.433767
0.432229 0.134995 -0.433983
0.432016 0.135892 -0.433795
0.431280 0.136782 -0.433806
0.431715 0.135685 -0.433641
0.431541 0.135285 -0.433573
0.431176 0.135257 -0.433704
0.431429 0.135189 -0.433564
0.430616 0.135922 -0.433698
0.430877 0.135333 -0.433762
0.431743 0.135520 -0.432986
0.431899 0.134999 -0.433416
0.431659 0.135328 -0.433517
0.431588 0.134849 -0.433813
0.431939 0.134996 -0.433566
0.431642 0.135032 -0.434030
0.431922 0.135489 -0.433692
0.432114 0.135128 -0.433583
0.432622 0.135810 -0.433638
0.432416 0.135182 -0.433804
0.431885 0.134805 -0.434000
0.431562 0.134790 -0.433484
0.431564 0.135298 -0.433068
0.432211 0.136049 -0.433892
0.431601 0.135361 -0.434231
0.432512 0.134769 -0.434116
0.432358 0.134476 -0.433615
0.432246 0.134976 -0.433017
0.432186 0.135082 -0.432819
0.431941 0.135725 -0.432363
0.432158 0.136072 -0.433111
0.432369 0.134964 -0.433132
0.432926 0.135313 -0.433224
0.433698 0.134424 -0.433116
0.433343 0.134250 -0.433355
0.432330 0.134200 -0.433799
