99 99 99 None
99 99 99 None
99 99 99 None
99 99 99 None
99 99 99 None
99 99 99 None
99 99 99 None
99 99 99 None
99 99 99 None
99 99 99 None
99 99 99 None
99 99 99 None
99 99 99 None
99 99 99 None
99 99 99 None
99 99 99 None
99 99 99 None
99 99 99 None
99 99 99 None
99 99 99 None
99 99 99 None
99 99 99 None
99 99 99 None
99 99 99 None
99 99 99 None
99 99 99 None
99 99 99 None
99 99 99 None
99 99 99 None
99 99 99 None
99 99 99 None
99 99 99 None
99 99 99 None
99 99 99 None
99 99 99 None
99 99 99 None
99 99 99 None
0.152858716709 0.220677535047 -0.184017709322 0.130408492355 0.175308941063 0.194420699664 0.220677535047 -0.206870644903 -0.161164773741
0.15360116075 0.220470226356 -0.184958686267 0.130757570207 0.176444751293 0.192859926076 0.220470226356 -0.208752598792 -0.161164773741
0.153561316909 0.21919449003 -0.182936894327 0.130757570207 0.17636506361 0.19278043385 0.21919449003 -0.206355996816 -0.159517791838
0.152482731224 0.222665361041 -0.183124245711 0.129520296379 0.175445166069 0.190864249046 0.222665361041 -0.207700324539 -0.158548166884
0.152858716709 0.21959377647 -0.182253385738 0.130408492355 0.175308941063 0.194090088956 0.21959377647 -0.205958604593 -0.158548166884
0.153750163274 0.221920643138 -0.182253385738 0.130678066348 0.1768222602 0.192859926076 0.221920643138 -0.205958604593 -0.158548166884
0.153372746279 0.220836884561 -0.183324654156 0.130638314419 0.17610717814 0.195399379 0.220836884561 -0.208101141428 -0.158548166884
0.153958885604 0.22059786029 -0.182994814442 0.130717818278 0.17719995293 0.194991716219 0.22059786029 -0.20674035343 -0.159249275454
0.153025807793 0.21987476175 -0.182577131061 0.130408492355 0.175643123231 0.193159241076 0.21987476175 -0.20674035343 -0.158413908691
0.153180470754 0.219753491046 -0.184093661789 0.130717818278 0.175643123231 0.194090088956 0.219753491046 -0.207290455956 -0.160896867621
0.153025807793 0.219513919182 -0.183535829485 0.130408492355 0.175643123231 0.195399379 0.219513919182 -0.20674035343 -0.160331305539
0.153918995806 0.219931107115 -0.182108625948 0.130678066348 0.177159925265 0.195399379 0.219931107115 -0.205669085013 -0.158548166884
0.15301337967 0.21987476175 -0.18245501151 0.130717818278 0.175308941063 0.193521147491 0.21987476175 -0.206227597943 -0.158682425076
0.153200346719 0.21987476175 -0.182872694891 0.130757570207 0.175643123231 0.193763628431 0.21987476175 -0.206227597943 -0.159517791838
0.153140580957 0.220677535047 -0.182389713207 0.130678066348 0.175603095565 0.194169398651 0.220677535047 -0.206097001338 -0.158682425076
0.152973627741 0.220916559318 -0.182387882414 0.130638314419 0.175308941063 0.193763628431 0.220916559318 -0.206227597943 -0.158548166884
0.152806490701 0.220757209804 -0.181077375292 0.130678066348 0.174934915055 0.194826315239 0.220757209804 -0.206227597943 -0.15592715264
0.152786614737 0.220757209804 -0.181868853566 0.130638314419 0.174934915055 0.19278043385 0.220757209804 -0.205458056632 -0.158279650499
0.15294523429 0.221841150912 -0.182432515583 0.130368878293 0.175521590287 0.195731882268 0.221841150912 -0.207420747429 -0.157444283737
0.153173091845 0.219753491046 -0.182369353206 0.130368878293 0.175977305398 0.192085920306 0.219753491046 -0.207160164483 -0.157578541929
0.152993503706 0.219673633758 -0.182573909023 0.130678066348 0.175308941063 0.195731882268 0.219673633758 -0.206868167546 -0.158279650499
0.153082089601 0.221631962101 -0.183181877725 0.130638314419 0.175525864783 0.194499826828 0.221631962101 -0.207681330375 -0.158682425076
0.153893757627 0.219513919182 -0.18108515441 0.132184419689 0.175603095565 0.19278043385 0.219513919182 -0.202384000598 -0.159786308223
0.153109817034 0.220677535047 -0.182331859562 0.130870757251 0.175348876817 0.194420699664 0.220677535047 -0.205011669094 -0.15965205003
0.153099828317 0.219513919182 -0.182775296311 0.130678066348 0.175521590287 0.195370225634 0.219513919182 -0.206868167546 -0.158682425076
0.153140718825 0.220438510776 -0.182854165684 0.130638314419 0.175643123231 0.193763628431 0.220438510776 -0.207160164483 -0.158548166884
0.152993503706 0.220757209804 -0.181673950035 0.130678066348 0.175308941063 0.194826315239 0.220757209804 -0.207420747429 -0.15592715264
0.152973535829 0.220916559318 -0.181543658562 0.130678066348 0.17526900531 0.195071025915 0.220916559318 -0.207160164483 -0.15592715264
0.152542408665 0.221761658686 -0.182629936152 0.130136251637 0.174948565693 0.193763628431 0.221761658686 -0.207681330375 -0.157578541929
99 99 99 None
99 99 99 None
0.120563725181 0.261122771686 -0.17082711619 0.0937661708302 0.147361279532 0.215380728549 0.261122771686 -0.202990949895 -0.138663282486
0.11588145781 0.24617973486 -0.112445832581 0.0818377863547 0.149925129266 0.196209536829 0.24617973486 -0.152147821188 -0.0727438439752
99 99 99 None
99 99 99 None
99 99 99 None
99 99 99 None
99 99 99 None
99 99 99 None
99 99 99 None
99 99 99 None
99 99 99 None
99 99 99 None
99 99 99 None
99 99 99 None
99 99 99 None
99 99 99 None
99 99 99 None
99 99 99 None
99 99 99 None
99 99 99 None
99 99 99 None
0.243683608593 0.288858134653 -0.108515224415 0.176677646532 0.310689570653 0.202804339275 0.288858134653 -0.216983007212 -4.74416188321e-05
0.234074951139 0.29252523307 -0.109816213055 0.172936953502 0.295212948776 0.215331473307 0.29252523307 -0.219510771103 -0.000121655007487
99 99 99 None
99 99 99 None
99 99 99 None
99 99 99 None
99 99 99 None
99 99 99 None
0.236997371855 0.295415342248 -0.114202648994 0.165944876047 0.308049867664 0.195722395262 0.295415342248 -0.227554768371 -0.000850529617377
0.184700629277 0.311723207514 -0.165777963108 0.159606181755 0.209795076799 0.273646980847 0.311723207514 -0.186588535655 -0.14496739056
0.196772158525 0.256477669995 -0.141282156738 0.166784828594 0.226759488456 0.201492379777 0.256477669995 -0.172119195129 -0.110445118348
99 99 99 None
99 99 99 None
0.188308328648 0.219753491046 -0.175069243134 0.164516028342 0.212100628955 0.191358943953 0.219753491046 -0.198830759676 -0.151307726591
0.189634854729 0.221753408781 -0.175114758837 0.16330856863 0.215961140828 0.190550976035 0.221753408781 -0.19905742237 -0.151172095304
0.188671109295 0.220679741284 -0.174450629459 0.164665260002 0.212676958587 0.197370066475 0.220679741284 -0.199912063395 -0.148989195523
0.187764961982 0.220679741284 -0.175742626137 0.163348596295 0.21218132767 0.191449778 0.220679741284 -0.199912063395 -0.151573188879
0.188509122546 0.221114128746 -0.176366621232 0.163388623961 0.213629621132 0.191449778 0.221114128746 -0.199912063395 -0.15282117907
0.187671683143 0.222345194587 -0.17641936046 0.163202387973 0.212140978312 0.184054951309 0.222345194587 -0.19905742237 -0.15378129855
0.188010527151 0.221351840704 -0.177872838896 0.163880075989 0.212140978312 0.196424079583 0.221351840704 -0.20042091993 -0.155324757861
0.187857643394 0.222454060184 -0.176233202154 0.163574308477 0.212140978312 0.196424079583 0.222454060184 -0.199780551393 -0.152685852914
0.187877818073 0.22082105816 -0.174027184622 0.163574308477 0.21218132767 0.196424079583 0.22082105816 -0.199649039391 -0.148405329853
0.187932101704 0.220679741284 -0.17554207935 0.16330856863 0.212555634779 0.194992034954 0.220679741284 -0.199912063395 -0.151172095304
0.188348264402 0.221834096099 -0.17554207935 0.164595899849 0.212100628955 0.196424079583 0.221834096099 -0.199912063395 -0.151172095304
0.202162438516 0.230863613025 -0.18817564831 0.178638534749 0.225686342283 0.168780729745 0.230863613025 -0.2325557669 -0.143795529721
99 99 99 None
99 99 99 None
99 99 99 None
99 99 99 None
99 99 99 None
99 99 99 None
99 99 99 None
99 99 99 None
99 99 99 None
99 99 99 None
99 99 99 None
99 99 99 None
99 99 99 None
99 99 99 None
99 99 99 None
99 99 99 None
99 99 99 None
99 99 99 None
99 99 99 None
99 99 99 None
99 99 99 None
99 99 99 None
99 99 99 None
99 99 99 None
99 99 99 None
99 99 99 None
99 99 99 None
99 99 99 None
99 99 99 None
99 99 99 None
99 99 99 None
99 99 99 None
99 99 99 None
99 99 99 None
99 99 99 None
0.237108802236 0.281835664532 -0.118176112387 0.167873144474 0.306344459998 0.172610502437 0.281835664532 -0.233368867488 -0.00298335728631
0.203331333587 0.240880950558 -0.208339317117 0.179384507575 0.227278159599 0.213049438196 0.240880950558 -0.231508332323 -0.18517030191
0.216187394643 0.224833193596 -0.139650989764 0.176400745915 0.255974043371 0.11875647926 0.224833193596 -0.230739571054 -0.0485624084741
0.200012918943 0.228232901581 -0.208475217601 0.174652731616 0.225373106269 0.188893033868 0.228232901581 -0.232044910153 -0.184905525049
0.199388525196 0.219161168041 -0.207953596606 0.176214755124 0.222562295268 0.194504894261 0.219161168041 -0.232221518778 -0.183685674434
0.199575211482 0.223457526579 -0.209283909817 0.176175600622 0.222974822342 0.195468899052 0.223457526579 -0.231917212304 -0.186650607331
0.199368947945 0.220630544291 -0.207477083249 0.176214755124 0.222523140766 0.194504894261 0.220630544291 -0.232221518778 -0.182732647719
0.200546300508 0.220082131823 -0.210514156639 0.176214755124 0.224877845892 0.195468899052 0.220082131823 -0.232221518778 -0.1888067945
0.20029914102 0.220445898922 -0.210027697637 0.176214755124 0.224383526917 0.194504894261 0.220445898922 -0.233404787944 -0.186650607331
0.200565969671 0.222175783443 -0.207608220964 0.176214755124 0.224917184218 0.195468899052 0.222175783443 -0.232221518778 -0.18299492315
0.200071650695 0.220210434005 -0.210054034058 0.176214755124 0.223928546267 0.195755692776 0.220210434005 -0.231038249612 -0.189069818504
0.200546300508 0.222936872379 -0.208334748818 0.176214755124 0.224877845892 0.195833450959 0.222936872379 -0.231499866364 -0.185169631273
0.19957507977 0.221338188274 -0.209835124625 0.175723655622 0.223426503918 0.195833450959 0.221338188274 -0.230994966751 -0.188675282498
0.200186522418 0.219736179848 -0.210098979399 0.175871778678 0.224501266158 0.195833450959 0.219736179848 -0.231917212304 -0.188280746493
0.20054639242 0.221652141498 -0.209887107544 0.176175600622 0.224917184218 0.195833450959 0.221652141498 -0.231917212304 -0.187857002783
0.199800960358 0.219736179848 -0.209637856622 0.176214755124 0.223387165592 0.195833450959 0.219736179848 -0.230994966751 -0.188280746493
0.212273767446 0.221392725693 -0.164719592452 0.176214755124 0.248332779769 0.147474710425 0.221392725693 -0.2311226646 -0.0983165203038
99 99 99 None
99 99 99 None
99 99 99 None
99 99 99 None
99 99 99 None
99 99 99 None
99 99 99 None
99 99 99 None
99 99 99 None
99 99 99 None
99 99 99 None
99 99 99 None
99 99 99 None
99 99 99 None
99 99 99 None
99 99 99 None
99 99 99 None
99 99 99 None
99 99 99 None
99 99 99 None
99 99 99 None
99 99 99 None
99 99 99 None
99 99 99 None
99 99 99 None
99 99 99 None
99 99 99 None
99 99 99 None
99 99 99 None
99 99 99 None
99 99 99 None
99 99 99 None
99 99 99 None
99 99 99 None
99 99 99 None
99 99 99 None
99 99 99 None
99 99 99 None
99 99 99 None
99 99 99 None
99 99 99 None
99 99 99 None
99 99 99 None
99 99 99 None
99 99 99 None
99 99 99 None
99 99 99 None
99 99 99 None
99 99 99 None
99 99 99 None
99 99 99 None
99 99 99 None
99 99 99 None
99 99 99 None
99 99 99 None
99 99 99 None
99 99 99 None
99 99 99 None
99 99 99 None
99 99 99 None
99 99 99 None
99 99 99 None
99 99 99 None
99 99 99 None
99 99 99 None
99 99 99 None
99 99 99 None
99 99 99 None
99 99 99 None
99 99 99 None
99 99 99 None
99 99 99 None
99 99 99 None
99 99 99 None
99 99 99 None
99 99 99 None
99 99 99 None
99 99 99 None
99 99 99 None
99 99 99 None
99 99 99 None
99 99 99 None
99 99 99 None
99 99 99 None
99 99 99 None
99 99 99 None
99 99 99 None
99 99 99 None
99 99 99 None
99 99 99 None
99 99 99 None
99 99 99 None
99 99 99 None
99 99 99 None
99 99 99 None
99 99 99 None
99 99 99 None
99 99 99 None
99 99 99 None
99 99 99 None
99 99 99 None
99 99 99 None
99 99 99 None
99 99 99 None
99 99 99 None
99 99 99 None
99 99 99 None
99 99 99 None
99 99 99 None
99 99 99 None
99 99 99 None
99 99 99 None
99 99 99 None
99 99 99 None
99 99 99 None
99 99 99 None
99 99 99 None
99 99 99 None
99 99 99 None
99 99 99 None
99 99 99 None
99 99 99 None
99 99 99 None
99 99 99 None
99 99 99 None
99 99 99 None
99 99 99 None
99 99 99 None
99 99 99 None
99 99 99 None
99 99 99 None
99 99 99 None
99 99 99 None
99 99 99 None
99 99 99 None
99 99 99 None
99 99 99 None
99 99 99 None
99 99 99 None
99 99 99 None
99 99 99 None
99 99 99 None
99 99 99 None
99 99 99 None
99 99 99 None
99 99 99 None
99 99 99 None
99 99 99 None
99 99 99 None
99 99 99 None
99 99 99 None
99 99 99 None
99 99 99 None
99 99 99 None
99 99 99 None
99 99 99 None
99 99 99 None
99 99 99 None
99 99 99 None
99 99 99 None
99 99 99 None
99 99 99 None
99 99 99 None
99 99 99 None
99 99 99 None
99 99 99 None
99 99 99 None
99 99 99 None
99 99 99 None
99 99 99 None
99 99 99 None
99 99 99 None
99 99 99 None
99 99 99 None
99 99 99 None
99 99 99 None
99 99 99 None
99 99 99 None
99 99 99 None
99 99 99 None
99 99 99 None
99 99 99 None
99 99 99 None
99 99 99 None
99 99 99 None
99 99 99 None
99 99 99 None
99 99 99 None
99 99 99 None
99 99 99 None
99 99 99 None
99 99 99 None
99 99 99 None
99 99 99 None
99 99 99 None
99 99 99 None
99 99 99 None
99 99 99 None
99 99 99 None
99 99 99 None
99 99 99 None
99 99 99 None
99 99 99 None
99 99 99 None
99 99 99 None
99 99 99 None
99 99 99 None
99 99 99 None
99 99 99 None
99 99 99 None
99 99 99 None
99 99 99 None
99 99 99 None
99 99 99 None
99 99 99 None
99 99 99 None
99 99 99 None
99 99 99 None
99 99 99 None
99 99 99 None
99 99 99 None
99 99 99 None
99 99 99 None
99 99 99 None
99 99 99 None
99 99 99 None
99 99 99 None
99 99 99 None
99 99 99 None
99 99 99 None
99 99 99 None
99 99 99 None
99 99 99 None
99 99 99 None
99 99 99 None
99 99 99 None
99 99 99 None
99 99 99 None
99 99 99 None
99 99 99 None
99 99 99 None
99 99 99 None
99 99 99 None
99 99 99 None
99 99 99 None
99 99 99 None
99 99 99 None
99 99 99 None
99 99 99 None
99 99 99 None
99 99 99 None
99 99 99 None
99 99 99 None
99 99 99 None
99 99 99 None
99 99 99 None
99 99 99 None
99 99 99 None
99 99 99 None
99 99 99 None
99 99 99 None
99 99 99 None
99 99 99 None
99 99 99 None
99 99 99 None
99 99 99 None
99 99 99 None
99 99 99 None
99 99 99 None
99 99 99 None
99 99 99 None
99 99 99 None
99 99 99 None
99 99 99 None
99 99 99 None
99 99 99 None
99 99 99 None
99 99 99 None
99 99 99 None
99 99 99 None
99 99 99 None
99 99 99 None
99 99 99 None
99 99 99 None
99 99 99 None
99 99 99 None
99 99 99 None
99 99 99 None
99 99 99 None
99 99 99 None
99 99 99 None
99 99 99 None
99 99 99 None
99 99 99 None
99 99 99 None
99 99 99 None
99 99 99 None
99 99 99 None
99 99 99 None
99 99 99 None
99 99 99 None
99 99 99 None
99 99 99 None
99 99 99 None
99 99 99 None
99 99 99 None
99 99 99 None
99 99 99 None
99 99 99 None
99 99 99 None
99 99 99 None
99 99 99 None
99 99 99 None
99 99 99 None
99 99 99 None
99 99 99 None
99 99 99 None
99 99 99 None
99 99 99 None
99 99 99 None
99 99 99 None
99 99 99 None
99 99 99 None
99 99 99 None
99 99 99 None
99 99 99 None
99 99 99 None
99 99 99 None
99 99 99 None
99 99 99 None
99 99 99 None
99 99 99 None
99 99 99 None
99 99 99 None
99 99 99 None
99 99 99 None
99 99 99 None
99 99 99 None
99 99 99 None
99 99 99 None
99 99 99 None
99 99 99 None
99 99 99 None
99 99 99 None
99 99 99 None
99 99 99 None
99 99 99 None
99 99 99 None
99 99 99 None
99 99 99 None
99 99 99 None
99 99 99 None
99 99 99 None
99 99 99 None
99 99 99 None
99 99 99 None
99 99 99 None
99 99 99 None
99 99 99 None
99 99 99 None
99 99 99 None
99 99 99 None
99 99 99 None
99 99 99 None
99 99 99 None
99 99 99 None
99 99 99 None
99 99 99 None
99 99 99 None
99 99 99 None
99 99 99 None
99 99 99 None
99 99 99 None
99 99 99 None
99 99 99 None
99 99 99 None
99 99 99 None
99 99 99 None
99 99 99 None
99 99 99 None
99 99 99 None
99 99 99 None
99 99 99 None
99 99 99 None
99 99 99 None
99 99 99 None
99 99 99 None
99 99 99 None
99 99 99 None
99 99 99 None
99 99 99 None
99 99 99 None
99 99 99 None
99 99 99 None
99 99 99 None
99 99 99 None
99 99 99 None
99 99 99 None
99 99 99 None
99 99 99 None
99 99 99 None
99 99 99 None
99 99 99 None
99 99 99 None
99 99 99 None
99 99 99 None
99 99 99 None
99 99 99 None
99 99 99 None
99 99 99 None
99 99 99 None
99 99 99 None
99 99 99 None
99 99 99 None
99 99 99 None
99 99 99 None
99 99 99 None
99 99 99 None
99 99 99 None
99 99 99 None
99 99 99 None
99 99 99 None
99 99 99 None
99 99 99 None
99 99 99 None
99 99 99 None
99 99 99 None
99 99 99 None
99 99 99 None
99 99 99 None
99 99 99 None
99 99 99 None
99 99 99 None
99 99 99 None
99 99 99 None
99 99 99 None
99 99 99 None
99 99 99 None
99 99 99 None
99 99 99 None
99 99 99 None
99 99 99 None
99 99 99 None
99 99 99 None
99 99 99 None
99 99 99 None
99 99 99 None
99 99 99 None
99 99 99 None
99 99 99 None
99 99 99 None
99 99 99 None
99 99 99 None
99 99 99 None
99 99 99 None
99 99 99 None
99 99 99 None
99 99 99 None
99 99 99 None
99 99 99 None
99 99 99 None
99 99 99 None
99 99 99 None
99 99 99 None
99 99 99 None
99 99 99 None
99 99 99 None
99 99 99 None
99 99 99 None
99 99 99 None
99 99 99 None
99 99 99 None
99 99 99 None
99 99 99 None
99 99 99 None
99 99 99 None
99 99 99 None
99 99 99 None
99 99 99 None
99 99 99 None
99 99 99 None
99 99 99 None
99 99 99 None
99 99 99 None
99 99 99 None
99 99 99 None
99 99 99 None
99 99 99 None
99 99 99 None
99 99 99 None
99 99 99 None
99 99 99 None
99 99 99 None
99 99 99 None
99 99 99 None
99 99 99 None
99 99 99 None
99 99 99 None
99 99 99 None
99 99 99 None
99 99 99 None
99 99 99 None
99 99 99 None
99 99 99 None
99 99 99 None
99 99 99 None
99 99 99 None
99 99 99 None
99 99 99 None
99 99 99 None
99 99 99 None
99 99 99 None
99 99 99 None
99 99 99 None
99 99 99 None
99 99 99 None
99 99 99 None
99 99 99 None
99 99 99 None
99 99 99 None
99 99 99 None
99 99 99 None
99 99 99 None
99 99 99 None
99 99 99 None
99 99 99 None
99 99 99 None
99 99 99 None
99 99 99 None
99 99 99 None
99 99 99 None
99 99 99 None
99 99 99 None
99 99 99 None
99 99 99 None
99 99 99 None
99 99 99 None
99 99 99 None
99 99 99 None
99 99 99 None
99 99 99 None
99 99 99 None
99 99 99 None
99 99 99 None
99 99 99 None
99 99 99 None
99 99 99 None
99 99 99 None
99 99 99 None
99 99 99 None
99 99 99 None
99 99 99 None
99 99 99 None
99 99 99 None
99 99 99 None
99 99 99 None
99 99 99 None
99 99 99 None
99 99 99 None
99 99 99 None
99 99 99 None
99 99 99 None
99 99 99 None
99 99 99 None
99 99 99 None
99 99 99 None
99 99 99 None
99 99 99 None
99 99 99 None
99 99 99 None
99 99 99 None
99 99 99 None
99 99 99 None
99 99 99 None
99 99 99 None
99 99 99 None
99 99 99 None
99 99 99 None
99 99 99 None
99 99 99 None
99 99 99 None
99 99 99 None
99 99 99 None
99 99 99 None
99 99 99 None
99 99 99 None
99 99 99 None
99 99 99 None
99 99 99 None
99 99 99 None
99 99 99 None
99 99 99 None
99 99 99 None
99 99 99 None
99 99 99 None
99 99 99 None
99 99 99 None
99 99 99 None
99 99 99 None
99 99 99 None
99 99 99 None
99 99 99 None
99 99 99 None
99 99 99 None
99 99 99 None
99 99 99 None
99 99 99 None
99 99 99 None
99 99 99 None
99 99 99 None
99 99 99 None
99 99 99 None
99 99 99 None
99 99 99 None
99 99 99 None
99 99 99 None
99 99 99 None
99 99 99 None
99 99 99 None
99 99 99 None
99 99 99 None
99 99 99 None
99 99 99 None
99 99 99 None
99 99 99 None
99 99 99 None
99 99 99 None
99 99 99 None
99 99 99 None
99 99 99 None
99 99 99 None
99 99 99 None
99 99 99 None
99 99 99 None
99 99 99 None
99 99 99 None
99 99 99 None
99 99 99 None
99 99 99 None
99 99 99 None
99 99 99 None
99 99 99 None
99 99 99 None
99 99 99 None
99 99 99 None
99 99 99 None
99 99 99 None
99 99 99 None
99 99 99 None
99 99 99 None
99 99 99 None
99 99 99 None
99 99 99 None
99 99 99 None
99 99 99 None
99 99 99 None
99 99 99 None
99 99 99 None
99 99 99 None
99 99 99 None
99 99 99 None
99 99 99 None
99 99 99 None
99 99 99 None
99 99 99 None
99 99 99 None
99 99 99 None
99 99 99 None
99 99 99 None
99 99 99 None
99 99 99 None
99 99 99 None
99 99 99 None
99 99 99 None
99 99 99 None
99 99 99 None
99 99 99 None
99 99 99 None
99 99 99 None
99 99 99 None
99 99 99 None
99 99 99 None
99 99 99 None
99 99 99 None
99 99 99 None
99 99 99 None
99 99 99 None
99 99 99 None
99 99 99 None
99 99 99 None
99 99 99 None
99 99 99 None
99 99 99 None
99 99 99 None
99 99 99 None
99 99 99 None
99 99 99 None
99 99 99 None
99 99 99 None
99 99 99 None
99 99 99 None
99 99 99 None
99 99 99 None
99 99 99 None
99 99 99 None
99 99 99 None
99 99 99 None
99 99 99 None
99 99 99 None
99 99 99 None
99 99 99 None
99 99 99 None
99 99 99 None
99 99 99 None
99 99 99 None
99 99 99 None
99 99 99 None
99 99 99 None
99 99 99 None
99 99 99 None
99 99 99 None
99 99 99 None
99 99 99 None
99 99 99 None
99 99 99 None
99 99 99 None
99 99 99 None
99 99 99 None
99 99 99 None
99 99 99 None
99 99 99 None
99 99 99 None
99 99 99 None
99 99 99 None
99 99 99 None
99 99 99 None
99 99 99 None
99 99 99 None
99 99 99 None
99 99 99 None
99 99 99 None
99 99 99 None
99 99 99 None
99 99 99 None
99 99 99 None
99 99 99 None
99 99 99 None
99 99 99 None
99 99 99 None
99 99 99 None
99 99 99 None
99 99 99 None
99 99 99 None
99 99 99 None
99 99 99 None
99 99 99 None
99 99 99 None
99 99 99 None
99 99 99 None
99 99 99 None
99 99 99 None
99 99 99 None
99 99 99 None
99 99 99 None
99 99 99 None
99 99 99 None
99 99 99 None
99 99 99 None
99 99 99 None
99 99 99 None
99 99 99 None
99 99 99 None
99 99 99 None
99 99 99 None
99 99 99 None
99 99 99 None
99 99 99 None
99 99 99 None
99 99 99 None
99 99 99 None
99 99 99 None
99 99 99 None
99 99 99 None
99 99 99 None
99 99 99 None
99 99 99 None
99 99 99 None
99 99 99 None
99 99 99 None
99 99 99 None
99 99 99 None
99 99 99 None
99 99 99 None
99 99 99 None
99 99 99 None
99 99 99 None
99 99 99 None
99 99 99 None
99 99 99 None
99 99 99 None
99 99 99 None
99 99 99 None
99 99 99 None
99 99 99 None
99 99 99 None
99 99 99 None
99 99 99 None
99 99 99 None
99 99 99 None
99 99 99 None
99 99 99 None
99 99 99 None
99 99 99 None
99 99 99 None
99 99 99 None
99 99 99 None
99 99 99 None
99 99 99 None
99 99 99 None
99 99 99 None
99 99 99 None
99 99 99 None
99 99 99 None
99 99 99 None
99 99 99 None
99 99 99 None
99 99 99 None
99 99 99 None
99 99 99 None
99 99 99 None
99 99 99 None
99 99 99 None
99 99 99 None
99 99 99 None
99 99 99 None
99 99 99 None
99 99 99 None
99 99 99 None
99 99 99 None
99 99 99 None
99 99 99 None
99 99 99 None
99 99 99 None
99 99 99 None
99 99 99 None
99 99 99 None
99 99 99 None
99 99 99 None
99 99 99 None
99 99 99 None
99 99 99 None
99 99 99 None
99 99 99 None
99 99 99 None
99 99 99 None
99 99 99 None
99 99 99 None
99 99 99 None
99 99 99 None
99 99 99 None
99 99 99 None
99 99 99 None
99 99 99 None
99 99 99 None
99 99 99 None
99 99 99 None
99 99 99 None
99 99 99 None
99 99 99 None
99 99 99 None
99 99 99 None
99 99 99 None
99 99 99 None
99 99 99 None
99 99 99 None
99 99 99 None
99 99 99 None
99 99 99 None
99 99 99 None
99 99 99 None
99 99 99 None
99 99 99 None
99 99 99 None
99 99 99 None
99 99 99 None
99 99 99 None
99 99 99 None
99 99 99 None
99 99 99 None
99 99 99 None
99 99 99 None
99 99 99 None
99 99 99 None
99 99 99 None
99 99 99 None
99 99 99 None
99 99 99 None
99 99 99 None
99 99 99 None
99 99 99 None
99 99 99 None
99 99 99 None
99 99 99 None
99 99 99 None
99 99 99 None
99 99 99 None
99 99 99 None
99 99 99 None
99 99 99 None
99 99 99 None
99 99 99 None
99 99 99 None
99 99 99 None
99 99 99 None
99 99 99 None
99 99 99 None
99 99 99 None
99 99 99 None
99 99 99 None
99 99 99 None
99 99 99 None
99 99 99 None
0.244501864375 0.0276774233738 -0.0853132815922 0.222910952774 0.266092775976 0.012106583795 0.0276774233738 -0.1060128404 -0.0646137227843
0.244843344669 0.0237600474165 -0.0851190235338 0.22484313751 0.264843551827 0.0127803943581 0.0237600474165 -0.104836068296 -0.0654019787715
99 99 99 None
0.244452025106 0.0276774233738 -0.0851041486056 0.222861274351 0.266042775861 0.0121309263094 0.0276774233738 -0.1060128404 -0.064195456811
0.244377507472 0.0250838306381 -0.0840623389557 0.222712239082 0.266042775861 0.00251961001768 0.0250838306381 -0.106175781024 -0.0619488968871
0.244126745713 0.0276774233738 -0.0825646323398 0.222861274351 0.265392217075 0.00218342372253 0.0276774233738 -0.106175781024 -0.0589534836553
0.244053766158 0.0276774233738 -0.0833355216529 0.222064756454 0.266042775861 0.00251961001768 0.0276774233738 -0.107885687523 -0.0587853557827
99 99 99 None
99 99 99 None
0.244244067886 0.0226055673032 -0.0819103004145 0.226825000669 0.261663135103 0.0145925879025 0.0226055673032 -0.0984186220575 -0.0654019787715
99 99 99 None
99 99 99 None
99 99 99 None
99 99 99 None
99 99 99 None
99 99 99 None
99 99 99 None
99 99 99 None
99 99 99 None
99 99 99 None
99 99 99 None
99 99 99 None
99 99 99 None
99 99 99 None
99 99 99 None
99 99 99 None
0.244797758942 0.02733072376 -0.0878135603176 0.224253163057 0.265342354828 0.0134291160005 0.02733072376 -0.108602700237 -0.0670244203977
99 99 99 None
99 99 99 None
99 99 99 None
99 99 99 None
99 99 99 None
99 99 99 None
99 99 99 None
99 99 99 None
99 99 99 None
99 99 99 None
99 99 99 None
99 99 99 None
99 99 99 None
99 99 99 None
99 99 99 None
99 99 99 None
99 99 99 None
99 99 99 None
99 99 99 None
0.102972354605 0.219461449171 -0.174340766653 0.0882812052551 0.117663503955 0.194069220494 0.219461449171 -0.19569758752 -0.152983945785
99 99 99 None
99 99 99 None
99 99 99 None
-0.113552978022 0.245131489929 -0.0860425867997 -0.149592147301 -0.0775138087436 0.214973650024 0.245131489929 -0.140147632033 -0.0319375415668
99 99 99 None
99 99 99 None
99 99 99 None
99 99 99 None
99 99 99 None
99 99 99 None
99 99 99 None
99 99 99 None
99 99 99 None
99 99 99 None
99 99 99 None
99 99 99 None
99 99 99 None
99 99 99 None
99 99 99 None
99 99 99 None
99 99 99 None
99 99 99 None
99 99 99 None
99 99 99 None
99 99 99 None
99 99 99 None
99 99 99 None
99 99 99 None
99 99 99 None
99 99 99 None
99 99 99 None
99 99 99 None
99 99 99 None
99 99 99 None
99 99 99 None
99 99 99 None
99 99 99 None
99 99 99 None
99 99 99 None
99 99 99 None
99 99 99 None
99 99 99 None
99 99 99 None
99 99 99 None
99 99 99 None
99 99 99 None
99 99 99 None
99 99 99 None
99 99 99 None
99 99 99 None
99 99 99 None
99 99 99 None
99 99 99 None
99 99 99 None
99 99 99 None
99 99 99 None
99 99 99 None
99 99 99 None
99 99 99 None
99 99 99 None
99 99 99 None
99 99 99 None
99 99 99 None
99 99 99 None
99 99 99 None
99 99 99 None
99 99 99 None
99 99 99 None
99 99 99 None
99 99 99 None
99 99 99 None
99 99 99 None
99 99 99 None
99 99 99 None
99 99 99 None
99 99 99 None
0.0502708903692 0.0212379228375 -0.159559738151 0.032638846599 0.0679029341395 0.00204338200309 0.0212379228375 -0.181269565742 -0.137849910559
99 99 99 None
99 99 99 None
99 99 99 None
99 99 99 None
99 99 99 None
99 99 99 None
99 99 99 None
99 99 99 None
99 99 99 None
99 99 99 None
0.0539125777993 0.0212532203585 -0.157927814017 0.0309761133304 0.0768490422682 0.000711447967007 0.0212532203585 -0.183518773255 -0.132336854778
0.0536192557008 0.0229478549808 -0.15957506997 0.0310224369662 0.0762160744354 0.000526909182576 0.0229478549808 -0.183958276948 -0.135191862993
0.0539357396172 0.0212532203585 -0.157927814017 0.0310224369662 0.0768490422682 0.000619178574791 0.0212532203585 -0.183518773255 -0.132336854778
0.0538207040336 0.0229478549808 -0.159571866082 0.0310224369662 0.076618971101 0.000325927586081 0.0229478549808 -0.184110385377 -0.135033346786
0.0544942961414 0.0229478549808 -0.158553626014 0.0327725178473 0.0762160744354 0.00194198815909 0.0229478549808 -0.181304869661 -0.135802382368
0.0556179250191 0.0216102859634 -0.155716033622 0.0346168789372 0.076618971101 0.000325927586081 0.0216102859634 -0.175629684877 -0.135802382368
0.0544937446695 0.0208724196714 -0.157638070742 0.0328187495711 0.0761687397679 0.00412097130619 0.0208724196714 -0.18008427849 -0.135191862993
0.0564938738402 0.0206450800718 -0.157386820437 0.0363687765794 0.076618971101 0.000325927586081 0.0206450800718 -0.175323637225 -0.139450003649
0.0536192557008 0.0229478549808 -0.159243684388 0.0310224369662 0.0762160744354 0.000745443413853 0.0229478549808 -0.182684986409 -0.135802382368
0.0547485485802 0.0229478549808 -0.159355318124 0.031068760602 0.0784283365585 0.000420752411513 0.0229478549808 -0.183518773255 -0.135191862993
0.0538207040336 0.0229478549808 -0.159225051516 0.0310224369662 0.076618971101 0.000325927586081 0.0229478549808 -0.183258240039 -0.135191862993
0.0547267493332 0.0212532203585 -0.158938424701 0.0310251621078 0.0784283365585 0.000420752411513 0.0212532203585 -0.182684986409 -0.135191862993
0.0547253867623 0.0212532203585 -0.159355318124 0.0310224369662 0.0784283365585 0.000420752411513 0.0212532203585 -0.183518773255 -0.135191862993
0.0547253867623 0.0216102859634 -0.158938424701 0.0310224369662 0.0784283365585 0.000420752411513 0.0216102859634 -0.182684986409 -0.135191862993
0.0556030770324 0.0208724196714 -0.158077232843 0.0327778175063 0.0784283365585 0.000420752411513 0.0208724196714 -0.180962602693 -0.135191862993
0.0547253867623 0.0199085814969 -0.158796434439 0.0310224369662 0.0784283365585 0.000420752411513 0.0199085814969 -0.182401005886 -0.135191862993
0.0536206182716 0.0229478549808 -0.159355318124 0.0310251621078 0.0762160744354 0.000905540283345 0.0229478549808 -0.183518773255 -0.135191862993
0.0547485485802 0.0211493995028 -0.160676162912 0.031068760602 0.0784283365585 0.000420752411513 0.0211493995028 -0.182684986409 -0.138667339415
0.0547253867623 0.0211493995028 -0.159243684388 0.0310224369662 0.0784283365585 0.000420752411513 0.0211493995028 -0.182684986409 -0.135802382368
0.0547253867623 0.0228547641993 -0.159276103338 0.0310224369662 0.0784283365585 0.000420752411513 0.0228547641993 -0.183105673911 -0.135446532765
0.0555411274633 0.0211493995028 -0.15948265301 0.0326539183681 0.0784283365585 0.000420752411513 0.0211493995028 -0.183518773255 -0.135446532765
0.0547267493332 0.0212422164878 -0.159144331143 0.0310251621078 0.0784283365585 0.000420752411513 0.0212422164878 -0.182684986409 -0.135603675876
0.0547267493332 0.0207790550935 -0.159222902698 0.0310251621078 0.0784283365585 0.000420752411513 0.0207790550935 -0.182684986409 -0.135760818988
0.0547035185813 0.0212422164878 -0.159144331143 0.0309787006041 0.0784283365585 0.000420752411513 0.0212422164878 -0.182684986409 -0.135603675876
0.0564301443002 0.0200309637572 -0.158375701213 0.034431952042 0.0784283365585 0.000420752411513 0.0200309637572 -0.181304869661 -0.135446532765
0.0564301443002 0.0207790550935 -0.157765405628 0.034431952042 0.0784283365585 0.000420752411513 0.0207790550935 -0.18008427849 -0.135446532765
0.0553283126052 0.0207790550935 -0.157765405628 0.0344405507749 0.0762160744354 0.00194198815909 0.0207790550935 -0.18008427849 -0.135446532765
0.0556030770324 0.0207790550935 -0.156596202364 0.0327778175063 0.0784283365585 0.000420752411513 0.0207790550935 -0.18008427849 -0.133108126238
0.0547035185813 0.0195832357565 -0.15838996166 0.0309787006041 0.0784283365585 0.000420752411513 0.0195832357565 -0.183671797081 -0.133108126238
0.0536192557008 0.0211493995028 -0.157896556323 0.0310224369662 0.0762160744354 0.000745443413853 0.0211493995028 -0.182684986409 -0.133108126238
0.0547267493332 0.0228547641993 -0.15948265301 0.0310251621078 0.0784283365585 0.000420752411513 0.0228547641993 -0.183518773255 -0.135446532765
0.0538445781693 0.0191556275684 -0.157896556323 0.0310224369662 0.0766667193724 0.000905540283345 0.0191556275684 -0.182684986409 -0.133108126238
0.0547048122181 0.0208724196714 -0.157817755919 0.0309812878777 0.0784283365585 0.000420752411513 0.0208724196714 -0.182684986409 -0.132950525428
0.0547035185813 0.0199085814969 -0.157896556323 0.0309787006041 0.0784283365585 0.000420752411513 0.0199085814969 -0.182684986409 -0.133108126238
0.0547035185813 0.0229478549808 -0.158908616476 0.0309787006041 0.0784283365585 0.000420752411513 0.0229478549808 -0.182684986409 -0.135132246542
0.0547253867623 0.0211493995028 -0.159325509899 0.0310224369662 0.0784283365585 0.000420752411513 0.0211493995028 -0.183518773255 -0.135132246542
0.0547035185813 0.0207790550935 -0.157817755919 0.0309787006041 0.0784283365585 0.000420752411513 0.0207790550935 -0.182684986409 -0.132950525428
0.0547253867623 0.0218404644038 -0.157896556323 0.0310224369662 0.0784283365585 0.000420752411513 0.0218404644038 -0.182684986409 -0.133108126238
0.0547035185813 0.0199085814969 -0.157896556323 0.0309787006041 0.0784283365585 0.000420752411513 0.0199085814969 -0.182684986409 -0.133108126238
0.0555567533966 0.0200309637572 -0.158660944111 0.0326851702348 0.0784283365585 0.000420752411513 0.0200309637572 -0.182224541836 -0.135097346386
99 99 99 None
99 99 99 None
99 99 99 None
99 99 99 None
99 99 99 None
0.0547253867623 0.0208312616347 -0.157896556323 0.0310224369662 0.0784283365585 0.000420752411513 0.0208312616347 -0.182684986409 -0.133108126238
0.0539357396172 0.0208724196714 -0.158054157133 0.0310224369662 0.0768490422682 0.000765766857535 0.0208724196714 -0.182684986409 -0.133423327857
0.0535314303492 0.0230409457623 -0.157817755919 0.0309787006041 0.0760841600943 0.000997535879144 0.0230409457623 -0.182684986409 -0.132950525428
0.0536223484903 0.0208724196714 -0.157896556323 0.0309812878777 0.0762634091029 0.000745443413853 0.0208724196714 -0.182684986409 -0.133108126238
0.0535532985303 0.0208724196714 -0.157817755919 0.0310224369662 0.0760841600943 0.000745443413853 0.0208724196714 -0.182684986409 -0.132950525428
0.0539138714361 0.0209657842493 -0.157896556323 0.0309787006041 0.0768490422682 0.000619178574791 0.0209657842493 -0.182684986409 -0.133108126238
0.0539138714361 0.0207790550935 -0.157817755919 0.0309787006041 0.0768490422682 0.000745443413853 0.0207790550935 -0.182684986409 -0.132950525428
0.053937102188 0.0211493995028 -0.158313449747 0.0310251621078 0.0768490422682 0.000765766857535 0.0211493995028 -0.183518773255 -0.133108126238
0.0535532985303 0.0208724196714 -0.159065759587 0.0310224369662 0.0760841600943 0.000711447967007 0.0208724196714 -0.182684986409 -0.135446532765
0.0535532985303 0.0195309166274 -0.157896556323 0.0310224369662 0.0760841600943 0.000997535879144 0.0195309166274 -0.182684986409 -0.133108126238
0.0536210548535 0.0198615063095 -0.157817755919 0.0309787006041 0.0762634091029 0.000745443413853 0.0198615063095 -0.182684986409 -0.132950525428
0.0539357396172 0.0208724196714 -0.1546246612 0.0310224369662 0.0768490422682 0.000619178574791 0.0208724196714 -0.182684986409 -0.126564335991
0.0539357396172 0.0208724196714 -0.157817755919 0.0310224369662 0.0768490422682 0.000745443413853 0.0208724196714 -0.182684986409 -0.132950525428
0.053937102188 0.0208312616347 -0.158891166397 0.0310251621078 0.0768490422682 0.000711447967007 0.0208312616347 -0.182684986409 -0.135097346386
0.0539357396172 0.0208724196714 -0.159065759587 0.0310224369662 0.0768490422682 0.000765766857535 0.0208724196714 -0.182684986409 -0.135446532765
0.0539357396172 0.0211493995028 -0.158891166397 0.0310224369662 0.0768490422682 0.000765766857535 0.0211493995028 -0.182684986409 -0.135097346386
0.0539357396172 0.0228547641993 -0.158313449747 0.0310224369662 0.0768490422682 0.000765766857535 0.0228547641993 -0.183518773255 -0.133108126238
0.0539138714361 0.0190625367869 -0.157896556323 0.0309787006041 0.0768490422682 0.000711447967007 0.0190625367869 -0.182684986409 -0.133108126238
0.0539357396172 0.0199085814969 -0.159065759587 0.0310224369662 0.0768490422682 0.000765766857535 0.0199085814969 -0.182684986409 -0.135446532765
0.0547253867623 0.0198615063095 -0.157896556323 0.0310224369662 0.0784283365585 0.000420752411513 0.0198615063095 -0.182684986409 -0.133108126238
0.0547035185813 0.0209657842493 -0.157510920593 0.0309787006041 0.0784283365585 0.000420752411513 0.0209657842493 -0.182684986409 -0.132336854778
0.0547022249445 0.0208312616347 -0.157896556323 0.0309761133304 0.0784283365585 0.000420752411513 0.0208312616347 -0.182684986409 -0.133108126238
0.0547253867623 0.0209657842493 -0.159000662654 0.0310224369662 0.0784283365585 0.000420752411513 0.0209657842493 -0.182554792543 -0.135446532765
0.0539125777993 0.0195309166274 -0.157896556323 0.0309761133304 0.0768490422682 0.000765766857535 0.0195309166274 -0.182684986409 -0.133108126238
0.0547035185813 0.0228547641993 -0.157896556323 0.0309787006041 0.0784283365585 0.000420752411513 0.0228547641993 -0.182684986409 -0.133108126238
0.0539138714361 0.0209657842493 -0.157896556323 0.0309787006041 0.0768490422682 0.000325927586081 0.0209657842493 -0.182684986409 -0.133108126238
0.0547267493332 0.0208724196714 -0.157817755919 0.0310251621078 0.0784283365585 0.000420752411513 0.0208724196714 -0.182684986409 -0.132950525428
0.0538698148758 0.0190625367869 -0.157896556323 0.0310251621078 0.0767144676438 0.000745443413853 0.0190625367869 -0.182684986409 -0.133108126238
0.053868452305 0.0207790550935 -0.158891166397 0.0310224369662 0.0767144676438 0.000745443413853 0.0207790550935 -0.182684986409 -0.135097346386
0.053937102188 0.0190625367869 -0.158891166397 0.0310251621078 0.0768490422682 0.000745443413853 0.0190625367869 -0.182684986409 -0.135097346386
0.0538007039392 0.0188011264416 -0.158891166397 0.030934688506 0.0766667193724 0.000745443413853 0.0188011264416 -0.182684986409 -0.135097346386
99 99 99 None
0.0539589014351 0.0220271935596 -0.158796434439 0.031068760602 0.0768490422682 0.000325927586081 0.0220271935596 -0.182401005886 -0.135191862993
0.0547439444336 0.0220271935596 -0.158938424701 0.032638846599 0.0768490422682 0.000325927586081 0.0220271935596 -0.182684986409 -0.135191862993
0.0548134298873 0.0199551446838 -0.158708202414 0.0327778175063 0.0768490422682 0.000325927586081 0.0199551446838 -0.182224541836 -0.135191862993
0.0555567533966 0.0220271935596 -0.158230714367 0.0326851702348 0.0784283365585 0.000420752411513 0.0220271935596 -0.181269565742 -0.135191862993
0.0547671062515 0.0240992424353 -0.158241103784 0.0326851702348 0.0768490422682 0.000325927586081 0.0240992424353 -0.181290344574 -0.135191862993
0.0547876641959 0.0199551446838 -0.158307455129 0.0327262861235 0.0768490422682 0.000325927586081 0.0199551446838 -0.181423047266 -0.135191862993
0.0547671062515 0.0199551446838 -0.158660944111 0.0326851702348 0.0768490422682 0.000325927586081 0.0199551446838 -0.182224541836 -0.135097346386
0.0555567533966 0.0209657842493 -0.158708202414 0.0326851702348 0.0784283365585 0.000420752411513 0.0209657842493 -0.182224541836 -0.135191862993
0.0547671062515 0.0209657842493 -0.154726969735 0.0326851702348 0.0768490422682 0.000325927586081 0.0209657842493 -0.182224541836 -0.127229397634
0.0548365917051 0.0209657842493 -0.154249481688 0.0328241411421 0.0768490422682 0.000325927586081 0.0209657842493 -0.181269565742 -0.127229397634
0.0539357396172 0.0199551446838 -0.158826069464 0.0310224369662 0.0768490422682 0.000325927586081 0.0199551446838 -0.182554792543 -0.135097346386
0.0555567533966 0.0220271935596 -0.158672282808 0.0326851702348 0.0784283365585 0.000325927586081 0.0220271935596 -0.18224721923 -0.135097346386
99 99 99 None
99 99 99 None
99 99 99 None
99 99 99 None
99 99 99 None
99 99 99 None
99 99 99 None
99 99 99 None
99 99 99 None
99 99 99 None
99 99 99 None
99 99 99 None
99 99 99 None
99 99 99 None
99 99 99 None
99 99 99 None
99 99 99 None
0.197464234706 0.257026786905 -0.0621577210852 0.181956574162 0.21297189525 0.217956895538 0.257026786905 -0.0775859239441 -0.0467295182264
0.0264196409533 0.439461064617 -0.289252498779 -0.00726287325376 0.0601021551604 0.400130031904 0.439461064617 -0.324562472473 -0.253942525085
99 99 99 None
99 99 99 None
99 99 99 None
99 99 99 None
99 99 99 None
99 99 99 None
99 99 99 None
99 99 99 None
99 99 99 None
99 99 99 None
99 99 99 None
99 99 99 None
99 99 99 None
99 99 99 None
99 99 99 None
99 99 99 None
99 99 99 None
99 99 99 None
99 99 99 None
99 99 99 None
99 99 99 None
99 99 99 None
99 99 99 None
99 99 99 None
99 99 99 None
99 99 99 None
99 99 99 None
99 99 99 None
99 99 99 None
99 99 99 None
99 99 99 None
99 99 99 None
99 99 99 None
99 99 99 None
99 99 99 None
99 99 99 None
99 99 99 None
99 99 99 None
99 99 99 None
99 99 99 None
99 99 99 None
99 99 99 None
99 99 99 None
99 99 99 None
99 99 99 None
99 99 99 None
99 99 99 None
99 99 99 None
99 99 99 None
99 99 99 None
99 99 99 None
0.029697618271 0.362379609244 -0.178876799565 0.00486586375168 0.0545293727904 0.325897953395 0.362379609244 -0.190200109658 -0.167553489471
99 99 99 None
99 99 99 None
99 99 99 None
99 99 99 None
99 99 99 None
99 99 99 None
99 99 99 None
99 99 99 None
99 99 99 None
99 99 99 None
99 99 99 None
99 99 99 None
99 99 99 None
99 99 99 None
99 99 99 None
99 99 99 None
0.279499378558 0.0186417474381 -0.146990733624 0.269434992229 0.289563764887 0.0133267183959 0.0186417474381 -0.159904132044 -0.134077335204
99 99 99 None
99 99 99 None
99 99 99 None
99 99 99 None
99 99 99 None
0.294319270557 0.0206823842329 -0.140842455073 0.269387106089 0.319251435025 0.00042713651339 0.0206823842329 -0.168391973932 -0.113292936214
99 99 99 None
99 99 99 None
99 99 99 None
99 99 99 None
99 99 99 None
99 99 99 None
99 99 99 None
99 99 99 None
99 99 99 None
0.291104142559 0.0195005144486 -0.133616640901 0.270124036959 0.312084248159 0.00217299554357 0.0195005144486 -0.161835937599 -0.105397344202
0.290669249728 0.0220658502264 -0.135577345673 0.2682561988 0.313082300656 0.000331764095126 0.0220658502264 -0.167247155378 -0.103907535967
0.29058430755 0.0207786693059 -0.134266426662 0.269084366941 0.312084248159 0.00217299554357 0.0207786693059 -0.163135509122 -0.105397344202
0.293168013715 0.0220658502264 -0.135735861879 0.2682561988 0.31807982863 0.000331764095126 0.0220658502264 -0.167564187791 -0.103907535967
0.292193279303 0.0203580540422 -0.135498087569 0.26898804319 0.315398515415 0.00128178820926 0.0203580540422 -0.167088639172 -0.103907535967
0.293363262308 0.0201283669543 -0.135735861879 0.267524630146 0.31920189447 5.03645294891e-05 0.0201283669543 -0.167564187791 -0.103907535967
0.290316089052 0.0207786693059 -0.14325618606 0.269387106089 0.311245072016 0.00251757304068 0.0207786693059 -0.167247155378 -0.119265216743
99 99 99 None
99 99 99 None
99 99 99 None
0.293192025718 0.0206474637957 -0.136401507893 0.268304222807 0.31807982863 0.000331764095126 0.0206474637957 -0.167405671585 -0.105397344202
0.293241382449 0.0191212151468 -0.13632224979 0.268304222807 0.318178542092 0.000522508931654 0.0191212151468 -0.167247155378 -0.105397344202
0.293606776151 0.0220658502264 -0.142095295615 0.269084366941 0.318129185361 0.00042713651339 0.0220658502264 -0.167405671585 -0.116784919645
0.292850850823 0.0220658502264 -0.140034587388 0.267572516285 0.318129185361 0.000522508931654 0.0220658502264 -0.167564187791 -0.112504986985
0.290316089052 0.0220658502264 -0.1340293389 0.269387106089 0.311245072016 0.00217299554357 0.0220658502264 -0.162661333598 -0.105397344202
0.290596524377 0.0207786693059 -0.137726593079 0.2682561988 0.312936849955 0.00141599941211 0.0207786693059 -0.167184717588 -0.10826846857
0.290708796271 0.0207786693059 -0.13515282342 0.270124036959 0.311293555583 0.00217299554357 0.0207786693059 -0.164908302637 -0.105397344202
0.291791082321 0.0207786693059 -0.135214359257 0.26898804319 0.314594121451 0.000164453060691 0.0207786693059 -0.167184717588 -0.103244000926
0.290380202989 0.0191212151468 -0.14445390957 0.270459816413 0.310300589564 0.0127152766414 0.0191212151468 -0.164593101018 -0.124314718121
0.291506201673 0.0194914883853 -0.145274811513 0.270124036959 0.312888366388 0.00378889296408 0.0194914883853 -0.167247155378 -0.123302467649
0.289859313432 0.0193952033123 -0.144070580101 0.271201695894 0.30851693097 0.0122958574401 0.0193952033123 -0.161677879091 -0.126463281112
0.29201455684 0.0207786693059 -0.139100619426 0.269434992229 0.314594121451 0.00953765131412 0.0207786693059 -0.164908302637 -0.113292936214
0.291195778504 0.0227914196117 -0.135324836255 0.268650450956 0.313741106051 0.000164453060691 0.0227914196117 -0.167405671585 -0.103244000926
0.290536053763 0.0220658502264 -0.142264872866 0.269036205066 0.31203590246 0.000331764095126 0.0220658502264 -0.166930122965 -0.117599622766
0.291364574621 0.0220658502264 -0.142360012627 0.26898804319 0.313741106051 0.00251757304068 0.0220658502264 -0.167247155378 -0.117472869877
0.294319270557 0.0220658502264 -0.140214853875 0.269387106089 0.319251435025 5.03645294891e-05 0.0220658502264 -0.163644788104 -0.116784919645
0.290660542483 0.0220658502264 -0.139960214384 0.270076012951 0.311245072016 0.0111083480262 0.0220658502264 -0.163135509122 -0.116784919645
99 99 99 None
0.287921864512 0.0180432051044 -0.149371445728 0.274830875502 0.301012853522 0.013518740949 0.0180432051044 -0.159904132044 -0.138838759411
0.290660542483 0.0219695651534 -0.139768795257 0.270076012951 0.311245072016 0.0104349822903 0.0219695651534 -0.164908302637 -0.114629287877
0.294662965714 0.0221621352994 -0.139802155876 0.270124036959 0.31920189447 5.03645294891e-05 0.0221621352994 -0.162819392106 -0.116784919645
0.293582695213 0.0240749403021 -0.133268784278 0.269036205066 0.318129185361 0.000164453060691 0.0240749403021 -0.16329356763 -0.103244000926
0.291083333799 0.0240749403021 -0.134340580424 0.269084366941 0.313082300656 0.0015788573207 0.0240749403021 -0.164277022137 -0.104404138712
0.290116396757 0.0227914196117 -0.135245578152 0.269036205066 0.311196588448 0.000164453060691 0.0227914196117 -0.167247155378 -0.103244000926
0.290134382623 0.0207786693059 -0.142152222725 0.270909405439 0.309359359808 0.0132913443008 0.0207786693059 -0.162661333598 -0.121643111852
99 99 99 None
0.290164289254 0.0208749543788 -0.143174715748 0.270027988944 0.310300589564 0.00042713651339 0.0208749543788 -0.167247155378 -0.119102276118
0.291161978022 0.0221621352994 -0.134187397408 0.269387106089 0.312936849955 0.00217299554357 0.0221621352994 -0.162977450614 -0.105397344202
0.291137736238 0.0207786693059 -0.136470423437 0.269387106089 0.312888366388 0.00042713651339 0.0207786693059 -0.167543502673 -0.105397344202
0.291966234118 0.0220658502264 -0.13499522261 0.269387106089 0.314545362148 0.00217299554357 0.0220658502264 -0.164593101018 -0.105397344202
0.292646095026 0.0207786693059 -0.137132433377 0.267163004692 0.318129185361 0.000331764095126 0.0207786693059 -0.168867522552 -0.105397344202
0.291340493683 0.0207786693059 -0.135490828202 0.268939881315 0.313741106051 0.000363046727813 0.0207786693059 -0.167405671585 -0.103575984819
0.291437124195 0.0207786693059 -0.13697391717 0.267524630146 0.315349618244 0.00141599941211 0.0207786693059 -0.168550490139 -0.105397344202
0.289452881424 0.0184526453801 -0.144655135148 0.272269181871 0.306636580977 0.0133267183959 0.0184526453801 -0.161519820583 -0.127790449713
0.290660312703 0.0196220938142 -0.141847688568 0.270124036959 0.311196588448 0.0112701370066 0.0196220938142 -0.164593101018 -0.119102276118
0.290693261732 0.0207786693059 -0.135656603776 0.268304222807 0.313082300656 0.00128178820926 0.0207786693059 -0.167405671585 -0.103907535967
0.291022664429 0.0207786693059 -0.135245578152 0.268304222807 0.313741106051 0.000164453060691 0.0207786693059 -0.167247155378 -0.103244000926
0.294119049768 0.0192634432676 -0.137757811974 0.269036205066 0.31920189447 5.03645294891e-05 0.0192634432676 -0.167247155378 -0.10826846857
0.29199061377 0.0203580540422 -0.137955148717 0.269387106089 0.314594121451 0.00314688333369 0.0203580540422 -0.164593101018 -0.111317196416
0.290316089052 0.0207786693059 -0.139959635877 0.269387106089 0.311245072016 0.00997197539577 0.0207786693059 -0.163297292733 -0.116621979021
0.290291847269 0.0191212151468 -0.142102595637 0.269387106089 0.311196588448 0.00042713651339 0.0191212151468 -0.167088639172 -0.117116552101
0.291452880466 0.0220658502264 -0.132460940009 0.270861243564 0.312044517369 0.000164453060691 0.0220658502264 -0.161677879091 -0.103244000926
0.291424792477 0.0220658502264 -0.135490828202 0.268304222807 0.314545362148 0.000363046727813 0.0220658502264 -0.167405671585 -0.103575984819
0.29098652751 0.0220658502264 -0.135580854693 0.269036205066 0.312936849955 0.00042713651339 0.0220658502264 -0.167088639172 -0.104073070215
0.292826907753 0.0224680116869 -0.135897245532 0.267524630146 0.318129185361 0.000164453060691 0.0224680116869 -0.168550490139 -0.103244000926
0.290998652426 0.0192634432676 -0.1402829015 0.2682561988 0.313741106051 0.00042713651339 0.0192634432676 -0.167564187791 -0.113001615209
0.293168680077 0.0192634432676 -0.142093083406 0.268208174793 0.318129185361 0.00042713651339 0.0192634432676 -0.167564187791 -0.116621979021
0.293758145725 0.0208004458902 -0.139874436624 0.269387106089 0.318129185361 0.0027536873334 0.0208004458902 -0.164593101018 -0.115155772231
0.293355879809 0.0204543391152 -0.134266426662 0.269387106089 0.317324653528 0.00217299554357 0.0204543391152 -0.163135509122 -0.105397344202
0.292246755774 0.0221621352994 -0.139389049705 0.2699481494 0.314545362148 0.00583871627191 0.0221621352994 -0.164593101018 -0.114184998392
0.293216704084 0.0220658502264 -0.140716076885 0.268304222807 0.318129185361 0.00042713651339 0.0220658502264 -0.167247155378 -0.114184998392
0.292368362167 0.0207786693059 -0.13515282342 0.269387106089 0.315349618244 0.00217299554357 0.0207786693059 -0.164908302637 -0.105397344202
0.290938043943 0.018765919 -0.134765629656 0.269036205066 0.31283988282 0.00237104161786 0.018765919 -0.163802846612 -0.105728412699
0.291436817434 0.0204543391152 -0.139546650515 0.269132528816 0.313741106051 0.00583871627191 0.0204543391152 -0.164908302637 -0.114184998392
0.291814864544 0.0220658502264 -0.134076151782 0.269084366941 0.314545362148 0.000164453060691 0.0220658502264 -0.164908302637 -0.103244000926
0.290588523093 0.0206823842329 -0.137226352769 0.269132528816 0.312044517369 0.00314688333369 0.0206823842329 -0.163135509122 -0.111317196416
0.293169346438 0.0187820179027 -0.140113845491 0.268160150785 0.318178542092 0.000415749679937 0.0187820179027 -0.167722703998 -0.112504986985
0.293168680077 0.0213765135496 -0.136063237479 0.268208174793 0.318129185361 0.000331764095126 0.0213765135496 -0.168550490139 -0.103575984819
99 99 99 None
99 99 99 None
99 99 99 None
99 99 99 None
99 99 99 None
99 99 99 None
99 99 99 None
99 99 99 None
99 99 99 None
99 99 99 None
99 99 99 None
99 99 99 None
0.2031519676 0.294209429988 -0.454670278705 0.187739336523 0.218564598676 0.261228477635 0.294209429988 -0.479980586452 -0.429359970957
0.198538490536 0.212450575736 -0.484936427914 0.19092595216 0.206151028912 0.194660351472 0.212450575736 -0.493783302012 -0.476089553815
99 99 99 None
0.206463602231 0.215692517106 -0.460105496831 0.182371943235 0.230555261228 0.193371782727 0.215692517106 -0.482805631424 -0.437405362237
0.206735000277 0.217276632466 -0.45973395912 0.182946173223 0.230523827332 0.16626613405 0.217276632466 -0.482396143938 -0.437071774302
0.207381606515 0.216535590107 -0.460791728672 0.184207951803 0.230555261228 0.191966008493 0.216535590107 -0.483852882436 -0.437730574908
0.206868123455 0.216535590107 -0.461166249358 0.182594879039 0.231141367871 0.191966008493 0.216535590107 -0.483852882436 -0.43847961628
0.206479296201 0.216535590107 -0.460747902734 0.182403331175 0.230555261228 0.191966008493 0.216535590107 -0.483016189187 -0.43847961628
0.206479296201 0.216214238776 -0.460755722797 0.182403331175 0.230555261228 0.168593015676 0.216214238776 -0.483016189187 -0.438495256406
0.206740892649 0.214538542078 -0.459857665013 0.182371943235 0.231109842063 0.193292920938 0.214538542078 -0.482309967788 -0.437405362237
0.20652791929 0.215755581547 -0.460210775712 0.182532011247 0.230523827332 0.194154274068 0.215755581547 -0.483016189187 -0.437405362237
0.206836735515 0.215692517106 -0.460210775712 0.182500577352 0.231172893678 0.192751703737 0.215692517106 -0.483016189187 -0.437405362237
0.206496485394 0.215692517106 -0.460200152257 0.182469143456 0.230523827332 0.192751703737 0.215692517106 -0.482994942276 -0.437405362237
0.207215962005 0.215692517106 -0.46022788545 0.183259030332 0.231172893678 0.192751703737 0.215692517106 -0.483050408662 -0.437405362237
0.206778357349 0.215755581547 -0.460485969383 0.183001453471 0.230555261228 0.191903674175 0.215755581547 -0.483135482966 -0.4378364558
0.20652791929 0.215692517106 -0.460200152257 0.182500577352 0.230555261228 0.191903674175 0.215692517106 -0.482994942276 -0.437405362237
0.206734954321 0.215692517106 -0.460149042604 0.182914647415 0.230555261228 0.192689460685 0.215692517106 -0.482892722971 -0.437405362237
0.206995531168 0.216535590107 -0.460448518056 0.183435801108 0.230555261228 0.160628382527 0.216535590107 -0.483491673875 -0.437405362237
0.207172979297 0.216535590107 -0.460448518056 0.182693847973 0.231652110621 0.191903674175 0.216535590107 -0.483491673875 -0.437405362237
0.207042613077 0.215692517106 -0.460200152257 0.183529964927 0.230555261228 0.191903674175 0.215692517106 -0.482994942276 -0.437405362237
0.20735368036 0.215692517106 -0.460446534697 0.18356599285 0.231141367871 0.192689460685 0.215692517106 -0.483593740615 -0.437299328779
0.206485160162 0.215755581547 -0.460028917019 0.182086323464 0.230883996861 0.192674652245 0.215755581547 -0.482652471801 -0.437405362237
0.207400831204 0.215692517106 -0.460210775712 0.183660294537 0.231141367871 0.192689460685 0.215692517106 -0.483016189187 -0.437405362237
0.20702689613 0.215692517106 -0.460200152257 0.183529964927 0.230523827332 0.191903674175 0.215692517106 -0.482994942276 -0.437405362237
0.206934662065 0.216535590107 -0.460426322494 0.182403331175 0.231465992956 0.191903674175 0.216535590107 -0.483016189187 -0.4378364558
0.207543978843 0.215755581547 -0.460844669118 0.183404413168 0.231683544517 0.192689460685 0.215755581547 -0.483852882436 -0.4378364558
0.207369397308 0.215692517106 -0.460210775712 0.183597426745 0.231141367871 0.192689460685 0.215692517106 -0.483016189187 -0.437405362237
0.206543636238 0.216535590107 -0.461166249358 0.182563445143 0.230523827332 0.192689460685 0.216535590107 -0.483852882436 -0.43847961628
0.20712349483 0.216535590107 -0.460747902734 0.182563445143 0.231683544517 0.191903674175 0.216535590107 -0.483016189187 -0.43847961628
0.206750717225 0.216535590107 -0.460664064838 0.182946173223 0.230555261228 0.191195030423 0.216535590107 -0.483491673875 -0.4378364558
99 99 99 None
99 99 99 None
99 99 99 None
99 99 99 None
99 99 99 None
99 99 99 None
99 99 99 None
99 99 99 None
99 99 99 None
99 99 99 None
99 99 99 None
99 99 99 None
99 99 99 None
99 99 99 None
99 99 99 None
99 99 99 None
99 99 99 None
99 99 99 None
99 99 99 None
99 99 99 None
99 99 99 None
99 99 99 None
99 99 99 None
99 99 99 None
99 99 99 None
99 99 99 None
99 99 99 None
99 99 99 None
99 99 99 None
99 99 99 None
99 99 99 None
99 99 99 None
99 99 99 None
99 99 99 None
99 99 99 None
99 99 99 None
99 99 99 None
99 99 99 None
99 99 99 None
99 99 99 None
99 99 99 None
99 99 99 None
99 99 99 None
99 99 99 None
99 99 99 None
99 99 99 None
99 99 99 None
99 99 99 None
99 99 99 None
99 99 99 None
99 99 99 None
99 99 99 None
99 99 99 None
99 99 99 None
99 99 99 None
99 99 99 None
99 99 99 None
99 99 99 None
99 99 99 None
99 99 99 None
99 99 99 None
99 99 99 None
0.0621659300318 0.219682636886 -0.215208009542 0.0378567636089 0.0864750964548 0.191266002635 0.219682636886 -0.238480436131 -0.191935582953
99 99 99 None
0.0633600218653 0.215874052838 -0.226919190493 0.0421415844604 0.0845784592701 0.191901600954 0.215874052838 -0.238615149965 -0.215223231022
0.0596039162311 0.218351950124 -0.221671732245 0.0407706987491 0.078437133713 0.194201569348 0.218351950124 -0.238994581924 -0.204348882566
0.0637284905365 0.211929015616 -0.235062728685 0.0520887074641 0.0753682736088 0.194301470635 0.211929015616 -0.23938757318 -0.23073788419
0.0672560107267 0.211929015616 -0.235871462204 0.0591052826827 0.0754067387707 0.194301470635 0.211929015616 -0.239513745368 -0.23222917904
99 99 99 None
99 99 99 None
99 99 99 None
0.065034402725 0.219759391148 -0.215402073656 0.0420555191797 0.0880132862702 0.194278141079 0.219759391148 -0.238480436131 -0.192323711181
99 99 99 None
0.063327136162 0.215263823477 -0.227373042039 0.0420555191797 0.0845987531443 0.192930978293 0.215263823477 -0.238480436131 -0.216265647948
0.0640424417095 0.215874052838 -0.226588952422 0.0420938005176 0.0859910829014 0.192058039235 0.215874052838 -0.237954673823 -0.215223231022
99 99 99 None
0.0649701347538 0.220022393364 -0.214888459788 0.0420650201788 0.0878752493289 0.192210817635 0.220022393364 -0.238100088775 -0.1916768308
0.0642412149359 0.220708721393 -0.214777196875 0.0421609541064 0.0863214757654 0.192626151616 0.220708721393 -0.237954673823 -0.191599719928
0.0643709580888 0.21892217728 -0.215078633466 0.0420938005176 0.08664811566 0.192626151616 0.21892217728 -0.238480436131 -0.1916768308
0.0650535433939 0.220506737707 -0.215485352914 0.0420938005176 0.0880132862702 0.191877116236 0.220506737707 -0.238000114266 -0.192970591562
0.0649845249233 0.220506737707 -0.215723468827 0.0420938005176 0.0878752493289 0.193909911397 0.220506737707 -0.238476346092 -0.192970591562
0.0643037270231 0.220506737707 -0.215462632692 0.0420938005176 0.0865136535286 0.192626151616 0.220506737707 -0.237954673823 -0.192970591562
0.0650584317614 0.220506737707 -0.214051023397 0.0420650201788 0.0880518433441 0.192549944947 0.220506737707 -0.238476346092 -0.189625700702
0.0643998439717 0.220022393364 -0.214932845704 0.0421703631934 0.0866293247501 0.193949742339 0.220022393364 -0.238476346092 -0.191389345316
0.0643373038175 0.221638463533 -0.214375226418 0.0421609541064 0.0865136535286 0.194025949008 0.221638463533 -0.238476346092 -0.190274106744
0.0654233491399 0.220708721393 -0.214887587254 0.0435383174786 0.0873083808012 0.195230331843 0.220708721393 -0.238476346092 -0.191298828415
0.0650452640405 0.220385103987 -0.212549048781 0.0435383174786 0.0865522106024 0.194816095033 0.220385103987 -0.237438019205 -0.187660078357
99 99 99 None
99 99 99 None
0.07257721239 0.225274730414 -0.215460476651 0.0497972030969 0.0953572216832 0.194406982354 0.225274730414 -0.238011723205 -0.192909230097
0.167002942862 0.222611769099 -0.221180419435 0.143948645148 0.190057240575 0.191142989438 0.222611769099 -0.243551671565 -0.198809167305
0.183201409943 0.222380411128 -0.14394780114 0.143871898649 0.222530921237 0.101637474462 0.222380411128 -0.244162425779 -0.0437331765006
0.166818998306 0.223857955022 -0.220390813056 0.143714251383 0.189923745229 0.195418653226 0.223857955022 -0.24359404473 -0.197187581383
0.167635562349 0.227020205026 -0.220494618206 0.143714251383 0.191556873316 0.195342081495 0.227020205026 -0.243398069481 -0.197591166931
0.167966073064 0.220245109555 -0.219052202499 0.144336715737 0.19159543039 0.195342081495 0.220245109555 -0.243296566909 -0.194807838088
0.167041065338 0.225376446791 -0.221020106767 0.142648028276 0.1914341024 0.195342081495 0.225376446791 -0.244289818496 -0.197750395038
0.166910065186 0.222236966521 -0.220778652541 0.142609655026 0.191210475346 0.195342081495 0.222236966521 -0.243398069481 -0.198159235602
0.16691001923 0.224182569179 -0.221397848629 0.142648028276 0.191172010184 0.195342081495 0.224182569179 -0.244636461656 -0.198159235602
99 99 99 None
99 99 99 None
0.167117963698 0.224182569179 -0.220904748445 0.142840657806 0.19139526959 0.195342081495 0.224182569179 -0.24378024763 -0.198029249261
99 99 99 None
0.166874862756 0.225299509998 -0.22070080976 0.142802192644 0.190947532869 0.194070916349 0.225299509998 -0.243242383919 -0.198159235602
99 99 99 None
99 99 99 None
99 99 99 None
0.166946460206 0.224105449856 -0.220037148672 0.142840657806 0.191052262606 0.194070916349 0.224105449856 -0.243525462197 -0.196548835148
99 99 99 None
99 99 99 None
0.167098914941 0.224105449856 -0.220164541389 0.142763727482 0.1914341024 0.194070916349 0.224105449856 -0.24378024763 -0.196548835148
99 99 99 None
0.167737994709 0.221349446315 -0.220830796101 0.142648028276 0.192827961142 0.194070916349 0.221349446315 -0.243242383919 -0.198419208283
0.166987101414 0.222236966521 -0.220355630463 0.142763727482 0.191210475346 0.194070916349 0.222236966521 -0.244162425779 -0.196548835148
