-0.276923 -0.129750 0.244740 False
-0.304627 -0.141988 0.272158 False
-0.332483 -0.154354 0.299593 False
-0.360396 -0.166802 0.326970 False
-0.388271 -0.179287 0.354214 False
-0.416015 -0.191763 0.381249 False
-0.443532 -0.204185 0.408001 False
-0.470728 -0.216507 0.434394 False
-0.497508 -0.228685 0.460353 False
-0.523778 -0.240672 0.485803 False
-0.549442 -0.252423 0.510669 False
-0.574408 -0.263894 0.534876 False
-0.598579 -0.275038 0.558348 False
-0.621861 -0.285810 0.581010 False
-0.644160 -0.296165 0.602787 False
-0.665381 -0.306057 0.623605 False
-0.685430 -0.315441 0.643387 False
-0.704211 -0.324271 0.662059 False
-0.721631 -0.332503 0.679546 False
-0.737594 -0.340090 0.695772 False
-0.752007 -0.346987 0.710662 False
-0.764773 -0.353150 0.724141 False
-0.775800 -0.358532 0.736134 False
-0.784992 -0.363088 0.746566 False
-0.792255 -0.366772 0.755362 False
-0.797494 -0.369540 0.762446 False
-0.800614 -0.371346 0.767743 False
-0.801522 -0.372145 0.771178 False
-0.800121 -0.371890 0.772677 False
-0.796319 -0.370537 0.772163 False
-0.790019 -0.368040 0.769562 False
-0.781128 -0.364355 0.764798 False
-0.769551 -0.359434 0.757796 False
-0.755194 -0.353234 0.748482 False
-0.737961 -0.345709 0.736780 False
-0.717758 -0.336812 0.722615 False
-0.694491 -0.326500 0.705911 False
-0.668064 -0.314726 0.686594 False
-0.638384 -0.301445 0.664588 False
-0.605356 -0.286612 0.639819 False
-0.568885 -0.270181 0.612211 False
-0.528877 -0.252107 0.581688 False
-0.485236 -0.232344 0.548177 False
-0.437869 -0.210847 0.511601 False
-0.386681 -0.187571 0.471885 False
-0.331577 -0.162471 0.428955 False
-0.272462 -0.135500 0.382735 False
-0.209243 -0.106613 0.333150 False
-0.141824 -0.075766 0.280124 False
-0.070111 -0.042912 0.223584 False
0.005991 -0.008007 0.163452 False
0.086577 0.028996 0.099656 False
0.171740 0.068141 0.032118 False
0.261576 0.109474 -0.039235 False
0.371390 0.165134 -0.113566 False
0.464103 0.200168 -0.198085 False
0.515959 0.216674 -0.294951 False
0.543976 0.209039 -0.364162 False
0.582744 0.183561 -0.408923 False
0.623784 0.199462 -0.389792 False
0.604863 0.158457 -0.422039 False
0.598073 0.154866 -0.412889 False
0.610010 0.177778 -0.338814 False
0.757350 0.220781 -0.080330 False
0.768795 0.248516 -0.024597 False
0.725848 0.260764 -0.024860 False
0.675980 0.256054 -0.033405 False
0.623547 0.238746 -0.040619 False
0.579716 0.219632 -0.043872 False
0.533862 0.196030 -0.048845 False
0.486427 0.170117 -0.054242 False
0.442205 0.148399 -0.073526 False
0.438272 0.135940 -0.127013 False
0.504628 0.141358 -0.205918 False
0.613449 0.125701 -0.278860 False
0.683758 0.080956 -0.289468 False
0.696851 0.048120 -0.297736 True
0.691150 0.061809 -0.298722 True
0.689694 0.078364 -0.312222 True
0.667773 0.096984 -0.331947 False
0.567398 0.153475 -0.334074 False
0.452832 0.198457 -0.280217 False
0.371751 0.202698 -0.214417 False
0.315883 0.169102 -0.159903 False
0.260328 0.146549 -0.140397 False
0.232056 0.137230 -0.133599 False
0.236452 0.139344 -0.130583 False
0.285098 0.162101 -0.121857 False
0.282492 0.166760 -0.111700 False
0.266844 0.163343 -0.105333 False
0.272759 0.172279 -0.099838 False
0.241748 0.165824 -0.099421 False
0.283589 0.181182 -0.097231 False
0.298908 0.181714 -0.101782 False
0.297721 0.175916 -0.108083 False
0.284476 0.166194 -0.117172 False
0.245013 0.160552 -0.128874 False
0.275498 0.163611 -0.124980 False
0.272224 0.176888 -0.133850 False
0.272917 0.173769 -0.128284 False
0.264021 0.169880 -0.124580 False
0.223039 0.159362 -0.124070 False
0.204204 0.152221 -0.123214 False
0.236044 0.165465 -0.111753 False
0.258797 0.168772 -0.102791 False
0.262743 0.164135 -0.098933 False
0.267434 0.147092 -0.114646 False
0.273901 0.127704 -0.159680 False
0.276909 0.124735 -0.196062 False
0.277682 0.123666 -0.207301 False
0.277978 0.116573 -0.213003 False
0.276519 0.111988 -0.217117 False
0.270125 0.107967 -0.221447 False
0.278015 0.100479 -0.225712 False
0.289683 0.099474 -0.249448 False
0.260595 0.112339 -0.276024 False
0.229616 0.118433 -0.287432 False
0.219907 0.119887 -0.285309 False
0.223944 0.130194 -0.274007 False
0.237451 0.134736 -0.242895 False
0.252270 0.109873 -0.213501 False
0.261354 0.079022 -0.204684 False
0.270030 0.057721 -0.205528 False
0.278861 0.052823 -0.215614 False
0.279024 0.053472 -0.227913 True
0.275472 0.050481 -0.233848 True
0.273078 0.045903 -0.233585 True
0.274228 0.042776 -0.227893 False
0.267217 0.039210 -0.222049 False
0.265449 0.041136 -0.217942 True
0.266452 0.043246 -0.216493 False
0.269730 0.044040 -0.215378 False
0.269802 0.043957 -0.214214 False
0.265721 0.044131 -0.212904 False
0.257755 0.044160 -0.212310 True
0.253971 0.045187 -0.212039 False
0.260323 0.043845 -0.215001 True
0.281724 0.043015 -0.223098 False
0.271704 0.059815 -0.235815 False
0.275468 0.064530 -0.214886 False
0.288192 0.088205 -0.200530 False
0.304698 0.100505 -0.191028 False
0.324918 0.118019 -0.182352 False
0.331950 0.151524 -0.193394 False
0.345680 0.149967 -0.158380 False
0.339582 0.163116 -0.129800 False
0.340666 0.168290 -0.111114 False
0.352818 0.155186 -0.123912 False
0.396338 0.098197 -0.225647 False
0.441943 0.083740 -0.272252 False
0.501597 0.080249 -0.311449 False
0.549364 0.078239 -0.340403 False
0.587830 0.067831 -0.369691 False
0.610619 0.052598 -0.385687 False
0.621045 0.043156 -0.387660 True
0.620561 0.062626 -0.383891 True
0.644011 0.079374 -0.368726 False
0.669266 0.072547 -0.362868 False
0.687647 0.071477 -0.363354 False
0.684097 0.076391 -0.359559 False
0.653316 0.088628 -0.349950 False
0.565846 0.133498 -0.323261 False
0.481635 0.202824 -0.225473 False
0.409895 0.168303 -0.239820 False
0.348929 0.111129 -0.245285 False
0.326604 0.064445 -0.227996 False
0.317047 0.041968 -0.226296 True
0.315999 0.037693 -0.226438 True
0.321445 0.051034 -0.227022 True
0.338122 0.095554 -0.219206 False
0.323660 0.171121 -0.168188 False
0.344593 0.197105 -0.139461 False
0.417511 0.233796 -0.154478 False
0.426091 0.236333 -0.179826 False
0.393424 0.211471 -0.185274 False
0.353758 0.174623 -0.196779 False
0.349229 0.141094 -0.188373 False
0.347810 0.131832 -0.189178 False
0.346487 0.127956 -0.189201 False
0.345078 0.130460 -0.189347 False
0.335962 0.129427 -0.186302 False
0.340099 0.130542 -0.181187 False
0.336515 0.134594 -0.183988 False
0.342191 0.132074 -0.181900 False
0.343355 0.128456 -0.181905 False
0.343659 0.127330 -0.181992 False
0.344119 0.126489 -0.181633 False
0.345957 0.127636 -0.181603 False
0.345474 0.128120 -0.183355 False
0.345479 0.128391 -0.184761 False
0.347375 0.127669 -0.184271 False
0.351609 0.128535 -0.186427 False
0.350836 0.130774 -0.188488 False
0.354211 0.127575 -0.188302 False
0.355461 0.127114 -0.188743 False
0.358170 0.127053 -0.188918 False
0.357977 0.126898 -0.190844 False
0.359148 0.129755 -0.191097 False
0.367158 0.135007 -0.190175 False
0.378394 0.150560 -0.187915 False
0.367147 0.177305 -0.177381 False
0.354664 0.188842 -0.157442 False
0.351323 0.187509 -0.152515 False
0.348297 0.185676 -0.151654 False
0.341292 0.182557 -0.149122 False
0.332271 0.174816 -0.155135 False
0.328013 0.190553 -0.153986 False
0.331778 0.188134 -0.154014 False
0.351641 0.182638 -0.165977 False
0.400529 0.202884 -0.174255 False
0.424813 0.185108 -0.155582 False
0.495652 0.181159 -0.212916 False
0.589723 0.145776 -0.282934 True
0.648318 0.085985 -0.307064 False
0.662599 0.050569 -0.307103 True
0.616037 0.077726 -0.311258 True
0.475375 0.134244 -0.311900 False
0.342668 0.103989 -0.312046 True
0.307059 0.097510 -0.288768 False
0.304446 0.135997 -0.269249 False
0.305076 0.206950 -0.247187 False
0.291197 0.245983 -0.233219 False
0.268837 0.240352 -0.228467 False
0.257171 0.223158 -0.231810 False
0.249888 0.214541 -0.238175 False
0.246768 0.208473 -0.243245 False
0.245180 0.199775 -0.251859 False
0.262007 0.198737 -0.247052 False
0.308967 0.168390 -0.227473 False
0.539583 0.204818 -0.161014 False
0.300911 0.154442 -0.225510 False
0.235389 0.140928 -0.243373 False
0.222388 0.139075 -0.247083 False
0.223438 0.142330 -0.246535 False
0.236837 0.161199 -0.240952 False
0.293193 0.236805 -0.219236 False
0.331590 0.241393 -0.193903 False
0.352333 0.193576 -0.196292 False
0.387859 0.179749 -0.373543 False
0.419587 0.163457 -0.374301 False
0.440357 0.137683 -0.132533 False
0.456885 0.140727 -0.084307 False
0.458744 0.144135 -0.085750 False
0.452076 0.169071 -0.096849 False
0.460803 0.241514 -0.144265 False
0.534492 0.362652 -0.276139 False
0.603231 0.356750 -0.387276 False
0.666998 0.259855 -0.436326 False
0.705006 0.197283 -0.452042 False
0.716678 0.198490 -0.455074 False
0.704272 0.252569 -0.457963 False
0.622011 0.331618 -0.420299 False
0.516075 0.379357 -0.347498 False
0.418004 0.361674 -0.280980 False
0.314721 0.269014 -0.241276 False
0.238377 0.204490 -0.219117 False
0.204369 0.176537 -0.208862 False
0.194968 0.173206 -0.204684 False
0.200254 0.174937 -0.204595 False
0.204288 0.176987 -0.208928 False
0.213367 0.178356 -0.204782 False
0.263244 0.169937 -0.194713 False
0.372349 0.141400 -0.179826 False
0.392463 0.151654 -0.171755 False
0.290435 0.187581 -0.183520 False
0.218310 0.171568 -0.197563 False
0.203630 0.179475 -0.195252 False
0.206464 0.179848 -0.193304 False
0.213655 0.173193 -0.185992 False
0.230179 0.135579 -0.162129 False
0.197849 0.164712 -0.190398 False
0.189728 0.191737 -0.199563 False
0.193298 0.187012 -0.199229 False
0.198743 0.191332 -0.209521 False
0.193774 0.181635 -0.200901 False
0.193569 0.184969 -0.199306 False
0.207160 0.217998 -0.196299 False
0.243144 0.247190 -0.210013 False
0.308127 0.206242 -0.241768 False
0.351177 0.125885 -0.254189 False
0.371910 0.057242 -0.262277 False
0.362229 0.043449 -0.251106 True
0.349629 0.050440 -0.243401 False
0.341278 0.048006 -0.241110 True
0.337666 0.054673 -0.241416 False
0.326613 0.080625 -0.238541 False
0.295073 0.158415 -0.227804 False
0.263703 0.210611 -0.214538 False
0.245393 0.227463 -0.211919 False
0.225084 0.222486 -0.201145 False
0.206212 0.210203 -0.190444 False
0.216541 0.228972 -0.200690 False
0.227287 0.234813 -0.249540 False
0.207344 0.199442 -0.342508 False
0.194000 0.208454 -0.327367 False
0.174178 0.127531 -0.415495 False
0.162901 0.105384 -0.438432 False
0.169243 0.112673 -0.433460 False
0.214380 0.135936 -0.400703 False
0.291659 0.144518 -0.338356 False
0.366025 0.124169 -0.263833 False
0.408800 0.098434 -0.206936 False
0.415958 0.102239 -0.180222 False
0.405516 0.127415 -0.171852 False
0.391809 0.156618 -0.174482 False
0.379556 0.194029 -0.173233 False
0.354059 0.239274 -0.160836 False
0.314016 0.268127 -0.144214 False
0.280615 0.273072 -0.133695 False
0.261423 0.270650 -0.126335 False
0.248774 0.265565 -0.121270 False
0.238658 0.258890 -0.119771 False
0.235810 0.258371 -0.122348 False
0.249394 0.265394 -0.129819 False
0.289773 0.257454 -0.127177 False
0.325197 0.235891 -0.112352 False
0.349235 0.211948 -0.098406 False
0.369129 0.188703 -0.087450 False
0.387787 0.170494 -0.080215 False
0.399030 0.158468 -0.078825 False
0.405655 0.149922 -0.089783 False
0.400304 0.144921 -0.106117 False
0.380481 0.133571 -0.148986 False
0.320248 0.111157 -0.235852 False
0.251619 0.103913 -0.300735 True
0.176284 0.091431 -0.345235 True
0.135756 0.063262 -0.327411 False
0.126903 0.016778 -0.147405 True
0.126180 0.005615 -0.101639 True
0.125910 0.006077 -0.101712 True
0.125136 0.011011 -0.150474 True
0.121695 0.031029 -0.333123 False
0.120814 0.034129 -0.340432 False
0.127996 0.031956 -0.198568 True
0.169161 0.090329 -0.312858 False
0.277186 0.088563 -0.239595 False
0.372635 0.066339 -0.173551 False
0.486468 0.060645 -0.169500 False
0.579521 0.041637 -0.202788 False
0.603442 0.041090 -0.231104 True
0.605498 0.049710 -0.248881 True
0.606164 0.056707 -0.258623 False
0.606067 0.060612 -0.264927 False
0.601451 0.066573 -0.267886 False
0.567445 0.092791 -0.260335 False
0.475024 0.152214 -0.216381 False
0.378499 0.205146 -0.146599 False
0.303841 0.239195 -0.098799 False
0.288793 0.230435 -0.071760 False
0.239435 0.242825 -0.098920 False
0.232470 0.258018 -0.137143 False
0.224629 0.223909 -0.184019 False
0.213832 0.194328 -0.192760 False
0.213236 0.184336 -0.192097 False
0.213281 0.179575 -0.188828 False
0.205723 0.161645 -0.186398 False
0.202563 0.154733 -0.186803 False
0.204437 0.177726 -0.190807 False
0.200979 0.181831 -0.192905 False
0.213159 0.188187 -0.194948 False
0.202122 0.194429 -0.194443 False
0.205994 0.187307 -0.196506 False
0.192037 0.187802 -0.200777 False
0.204398 0.195391 -0.193584 False
0.218862 0.222228 -0.195706 False
0.249990 0.239821 -0.209603 False
0.298120 0.205098 -0.239819 False
0.332798 0.113399 -0.248143 False
0.354462 0.045327 -0.252691 True
0.370558 0.027842 -0.255989 True
0.386264 0.023967 -0.254713 True
0.400453 0.030524 -0.239825 True
0.381538 0.100933 -0.192948 False
0.350352 0.159253 -0.121219 False
0.313907 0.179877 -0.085660 False
0.321677 0.178951 -0.078689 False
0.373240 0.173956 -0.092763 False
0.391019 0.181307 -0.116898 False
0.387527 0.191937 -0.139843 False
0.376228 0.207118 -0.166092 False
0.358630 0.237301 -0.207038 False
0.327729 0.276038 -0.276076 False
0.285081 0.290304 -0.353362 False
0.242027 0.279136 -0.406670 False
0.209087 0.248004 -0.444679 False
0.195118 0.211714 -0.470873 False
0.192800 0.199389 -0.479087 False
0.191239 0.196958 -0.485748 False
0.189558 0.192482 -0.486928 False
0.194079 0.189510 -0.488024 False
0.195844 0.183587 -0.487082 False
0.199232 0.181790 -0.488408 False
0.194201 0.178847 -0.488119 False
0.197120 0.177159 -0.486313 False
0.195042 0.179056 -0.487297 False
0.189607 0.177066 -0.487551 False
0.192561 0.177583 -0.487057 False
0.187022 0.178930 -0.487922 False
0.186488 0.175123 -0.486015 False
0.191326 0.176073 -0.485636 False
0.190985 0.177758 -0.486879 False
0.189690 0.176089 -0.484598 False
0.188782 0.176750 -0.481807 False
0.184429 0.176165 -0.482344 False
0.182279 0.172337 -0.482160 False
0.184454 0.172155 -0.481671 False
0.184172 0.169949 -0.481084 False
0.189136 0.170099 -0.480677 False
0.194631 0.167610 -0.480289 False
0.197027 0.171328 -0.479420 False
0.194517 0.173570 -0.480213 False
0.191644 0.171491 -0.479829 False
0.195057 0.169902 -0.476811 False
0.195722 0.173459 -0.477141 False
0.191599 0.174338 -0.476706 False
0.192041 0.173529 -0.474338 False
0.195692 0.177505 -0.472482 False
0.195272 0.179031 -0.471363 False
0.192184 0.179296 -0.468385 False
0.189474 0.177100 -0.467514 False
0.190259 0.178004 -0.466101 False
0.188596 0.181039 -0.467457 False
0.183436 0.180270 -0.468794 False
0.186281 0.174067 -0.467963 False
0.195494 0.174701 -0.464669 False
0.197787 0.177084 -0.465991 False
0.192378 0.173763 -0.468816 False
0.195280 0.169796 -0.466839 False
0.204912 0.170520 -0.465280 False
0.207002 0.172043 -0.466861 False
0.209787 0.169765 -0.466413 False
0.215775 0.170079 -0.466075 True
0.211285 0.169003 -0.466554 False
0.210661 0.165233 -0.464366 False
0.214739 0.165394 -0.463174 False
0.207526 0.165670 -0.464052 False
0.211216 0.163873 -0.461551 False
0.210454 0.165581 -0.462725 True
0.206020 0.162922 -0.463242 False
0.212662 0.162508 -0.459302 False
0.206781 0.165104 -0.460341 False
0.203511 0.162495 -0.460876 False
0.211203 0.161623 -0.458184 False
0.206124 0.164436 -0.459684 False
0.203685 0.162565 -0.459306 False
0.210874 0.160747 -0.455316 False
0.205316 0.164062 -0.455545 False
0.207941 0.163049 -0.453033 False
0.212549 0.168815 -0.449103 False
0.204394 0.175490 -0.445171 False
0.195694 0.196773 -0.432880 False
0.186895 0.232380 -0.405011 False
0.188932 0.264549 -0.358394 False
0.201163 0.281917 -0.324721 False
0.217059 0.276015 -0.287811 False
0.233926 0.262886 -0.259295 False
0.254363 0.254703 -0.235733 False
0.300508 0.235379 -0.208391 False
0.364217 0.177595 -0.175130 False
0.427161 0.112646 -0.140858 False
0.462391 0.069475 -0.124513 False
0.467571 0.051392 -0.128597 False
0.457011 0.049161 -0.134418 False
0.449145 0.046887 -0.134939 True
0.448122 0.042608 -0.132085 True
0.449213 0.041290 -0.130998 True
0.441016 0.047334 -0.142291 True
0.395136 0.062955 -0.202203 False
0.351617 0.053399 -0.249370 False
0.329312 0.059738 -0.242811 True
0.306357 0.161087 -0.242461 False
0.274765 0.235114 -0.229507 False
0.231894 0.234554 -0.210121 False
0.219277 0.201065 -0.198220 False
0.215882 0.184821 -0.192465 False
0.191611 0.180966 -0.195622 False
0.195239 0.177447 -0.190884 False
0.203212 0.186817 -0.188304 False
0.201567 0.180536 -0.188558 False
0.204565 0.191657 -0.203344 False
0.238768 0.212817 -0.198181 False
0.206024 0.177033 -0.191692 False
0.205234 0.171578 -0.193576 False
0.201275 0.168957 -0.188554 False
0.200780 0.161079 -0.182688 False
0.201038 0.158381 -0.181784 False
0.212966 0.165629 -0.182317 False
0.274769 0.214272 -0.189018 False
0.370468 0.279318 -0.219671 False
0.483649 0.313912 -0.271165 False
0.581527 0.318839 -0.334425 False
0.651622 0.296824 -0.387815 False
0.693900 0.267488 -0.425073 False
0.717798 0.242057 -0.451849 False
0.730252 0.226403 -0.464588 False
0.737529 0.212460 -0.468825 False
0.738246 0.206055 -0.469472 False
0.729764 0.199979 -0.470083 False
0.715328 0.190041 -0.466244 False
0.723439 0.193345 -0.463155 False
0.731593 0.219480 -0.452312 False
0.675093 0.282473 -0.414008 False
0.518132 0.309898 -0.316654 False
0.386576 0.244362 -0.203969 False
0.297265 0.118887 -0.098493 False
0.263626 0.065856 -0.058581 False
0.256257 0.042237 -0.047144 True
0.253534 0.030767 -0.043785 True
0.253460 0.030308 -0.045012 True
0.253222 0.032395 -0.047034 True
0.253766 0.033553 -0.047150 True
0.254557 0.033541 -0.047297 True
0.255100 0.033896 -0.047472 True
0.255580 0.034819 -0.047936 True
0.256948 0.035428 -0.048859 True
0.260142 0.034926 -0.048753 True
0.262030 0.034063 -0.048226 True
0.264033 0.032844 -0.047216 True
0.267562 0.033782 -0.048466 True
0.277271 0.044759 -0.064814 True
0.320781 0.100700 -0.142859 False
0.411069 0.217286 -0.304982 False
0.456817 0.266294 -0.415967 False
0.453818 0.237018 -0.439369 False
0.417117 0.254336 -0.413553 False
0.353489 0.284331 -0.352109 False
0.320408 0.283356 -0.300644 False
0.292901 0.272844 -0.259201 False
0.248583 0.247026 -0.228988 False
0.217019 0.210807 -0.216469 False
0.185964 0.149835 -0.214938 False
0.187594 0.148655 -0.216463 False
0.210859 0.197070 -0.211671 False
0.191054 0.146189 -0.214291 False
0.185336 0.131743 -0.214614 False
0.182232 0.129735 -0.212238 False
0.183448 0.132088 -0.212654 False
0.191031 0.144779 -0.212660 False
0.220828 0.191889 -0.212536 False
0.216254 0.194404 -0.209700 False
0.210792 0.197573 -0.209818 False
0.198181 0.165839 -0.207409 False
0.199623 0.159756 -0.206878 False
0.195205 0.146817 -0.207243 False
0.194728 0.139971 -0.207686 False
0.200131 0.167685 -0.208479 False
0.195591 0.147550 -0.208210 False
0.200009 0.175557 -0.210683 False
0.194927 0.148593 -0.208375 False
0.199000 0.175795 -0.209339 False
0.202228 0.157198 -0.208759 False
0.239346 0.215196 -0.219437 False
0.287190 0.227905 -0.263367 False
0.317133 0.137730 -0.290242 True
0.317729 0.070202 -0.306512 False
0.309229 0.037482 -0.313216 True
0.306050 0.030325 -0.313186 True
0.285146 0.066844 -0.346366 False
0.235698 0.123263 -0.400557 False
0.188215 0.118717 -0.445132 True
0.167807 0.105714 -0.469935 False
0.161766 0.095434 -0.477745 False
0.158005 0.094862 -0.478349 False
0.160398 0.103203 -0.470496 False
0.174224 0.132080 -0.442400 False
0.190846 0.163798 -0.404479 False
0.205703 0.186598 -0.370716 False
0.224255 0.207994 -0.336700 False
0.236724 0.219435 -0.318001 False
0.237832 0.230061 -0.304088 False
0.233780 0.243221 -0.289011 False
0.223651 0.257641 -0.269924 False
0.216714 0.262083 -0.255079 False
0.206883 0.255035 -0.245965 False
0.199898 0.246959 -0.239833 False
0.197046 0.240745 -0.236085 False
0.204255 0.238753 -0.234982 False
0.245850 0.237434 -0.234792 False
0.264754 0.230953 -0.228668 False
0.274902 0.221121 -0.216992 False
0.278933 0.215672 -0.211456 False
0.281675 0.212526 -0.209470 False
0.287592 0.210485 -0.208045 False
0.291799 0.209098 -0.207047 False
0.296305 0.207121 -0.205539 False
0.297555 0.205581 -0.204957 False
0.297802 0.204330 -0.204740 False
0.300711 0.202588 -0.203921 False
0.303049 0.199581 -0.203619 False
0.305338 0.196621 -0.203475 False
0.307054 0.195204 -0.202852 False
0.307663 0.193352 -0.202571 False
0.308985 0.191707 -0.202322 False
0.309136 0.191393 -0.202599 False
0.308254 0.190226 -0.203595 False
0.306734 0.187673 -0.205805 False
0.305371 0.188340 -0.206924 False
0.305731 0.189273 -0.206808 False
0.304473 0.189755 -0.208272 False
0.301357 0.189005 -0.210945 False
0.293674 0.192941 -0.212474 False
0.280922 0.206305 -0.211019 False
0.266963 0.218677 -0.209394 False
0.256239 0.221375 -0.216323 False
0.249102 0.223151 -0.225085 False
0.239926 0.215023 -0.251960 False
0.230012 0.199912 -0.313917 False
0.205684 0.155116 -0.387591 False
0.180158 0.109361 -0.440185 True
0.169642 0.092653 -0.454812 False
0.186788 0.090406 -0.450706 False
0.239090 0.084115 -0.420969 True
0.294277 0.048930 -0.358910 True
0.298923 0.028474 -0.315785 True
0.298121 0.046278 -0.294850 True
0.297375 0.115609 -0.277016 False
0.290847 0.210487 -0.255354 False
0.251846 0.249784 -0.214421 False
0.229855 0.217002 -0.194121 False
0.229889 0.209633 -0.192332 False
0.243424 0.230047 -0.200980 False
0.245787 0.248117 -0.203683 False
0.243044 0.263311 -0.203008 False
0.248262 0.269794 -0.205021 False
0.249869 0.272321 -0.209836 False
0.251422 0.269398 -0.215382 False
0.243480 0.269526 -0.222011 False
0.257376 0.269173 -0.220106 False
0.247696 0.272645 -0.221225 False
0.256260 0.268262 -0.213510 False
0.242278 0.255177 -0.203166 False
0.220327 0.225120 -0.196237 False
0.212359 0.208099 -0.192781 False
0.238095 0.230614 -0.181890 False
0.283040 0.221086 -0.135234 False
0.318022 0.163411 -0.080815 False
0.333849 0.136844 -0.048215 False
0.334452 0.138211 -0.032561 False
0.331740 0.135973 -0.024650 False
0.328199 0.134266 -0.016978 False
0.310337 0.144924 -0.023257 False
0.284592 0.179278 -0.058280 False
0.248975 0.207704 -0.110689 False
0.179454 0.173946 -0.183370 False
0.181121 0.155251 -0.203820 False
0.186549 0.141853 -0.202189 False
0.189522 0.138181 -0.201838 False
0.192727 0.141873 -0.201060 False
0.202425 0.161577 -0.200467 False
0.208142 0.180313 -0.200513 False
0.196237 0.182187 -0.201391 False
0.197688 0.167775 -0.201845 False
0.197905 0.186618 -0.204334 False
0.195074 0.159575 -0.203155 False
0.201813 0.187951 -0.209073 False
0.193161 0.148833 -0.201256 False
0.192460 0.139765 -0.198594 False
0.193361 0.139815 -0.198034 False
0.197973 0.145800 -0.200283 False
0.209773 0.178101 -0.200916 False
0.204155 0.164226 -0.200478 False
0.223660 0.214193 -0.205541 False
0.279673 0.239861 -0.230445 False
0.327104 0.150845 -0.228912 False
0.331598 0.067678 -0.229765 False
0.343968 0.029950 -0.215868 True
0.415157 0.046136 -0.169695 False
0.448626 0.045609 -0.121578 True
0.453332 0.046146 -0.107607 True
0.459218 0.046657 -0.118217 True
0.479210 0.047859 -0.181782 False
0.548748 0.073103 -0.305286 False
0.582597 0.059184 -0.364204 True
0.602988 0.042802 -0.387807 True
0.588244 0.037317 -0.380726 True
0.520058 0.089231 -0.317609 False
0.425598 0.120380 -0.188036 False
0.384153 0.113609 -0.071634 False
0.433028 0.192605 -0.043653 False
0.559671 0.218176 -0.043140 False
0.662945 0.231347 -0.103763 False
0.686230 0.233475 -0.122059 False
0.671751 0.230173 -0.129651 False
0.619180 0.211195 -0.121517 False
0.593463 0.204020 -0.117817 False
0.559128 0.203749 -0.139140 False
0.553320 0.211175 -0.135548 False
0.556783 0.214750 -0.152225 False
0.566635 0.211738 -0.131522 False
0.570770 0.215722 -0.117452 False
0.567016 0.222719 -0.105755 False
0.549584 0.227823 -0.096019 False
0.516077 0.238906 -0.082402 False
0.480031 0.261323 -0.067773 False
0.503106 0.297815 -0.047227 False
0.444084 0.309561 -0.027656 False
0.295761 0.294239 -0.025794 False
0.215005 0.297322 -0.020773 False
0.160699 0.306361 -0.016825 False
0.124438 0.318044 -0.018613 False
0.098651 0.330188 -0.021994 False
0.084643 0.342574 -0.027831 False
0.081074 0.354342 -0.036077 False
0.086607 0.364632 -0.046687 False
0.099901 0.372586 -0.059612 False
0.119618 0.377344 -0.074807 False
0.144418 0.378046 -0.092225 False
0.172963 0.373833 -0.111820 False
0.203913 0.363845 -0.133544 False
0.224012 0.352621 -0.153484 False
0.270204 0.340938 -0.189763 False
0.351154 0.260187 -0.234061 False
0.395383 0.129386 -0.236769 False
0.399040 0.051750 -0.244384 True
0.396341 0.033153 -0.243191 True
0.342525 0.084420 -0.236556 False
0.264119 0.117732 -0.221876 False
0.241780 0.129204 -0.215385 False
0.251408 0.116919 -0.214097 False
0.280614 0.112507 -0.225805 False
0.314606 0.115718 -0.243959 False
0.329568 0.119108 -0.255972 False
0.328087 0.117881 -0.254343 False
0.322343 0.121252 -0.250915 False
0.320024 0.121276 -0.250312 False
0.319951 0.120667 -0.250135 False
0.319926 0.118803 -0.250100 False
0.320311 0.117594 -0.249933 False
0.321076 0.117574 -0.249027 False
0.321601 0.117164 -0.248520 False
0.320478 0.118787 -0.249708 False
0.320515 0.118162 -0.249368 False
0.321010 0.117581 -0.249172 False
0.321426 0.118221 -0.248729 False
0.321380 0.118505 -0.248706 False
0.320873 0.118221 -0.249284 False
0.320702 0.117945 -0.249268 False
0.320796 0.118670 -0.249223 False
0.321170 0.118127 -0.248672 False
0.321059 0.117835 -0.248595 False
0.321133 0.118291 -0.248959 False
0.321191 0.118133 -0.248876 False
0.320949 0.117630 -0.249313 False
0.321010 0.117743 -0.249165 False
0.321407 0.118664 -0.248799 False
0.321639 0.118083 -0.248745 False
0.320837 0.118348 -0.249951 False
0.320816 0.117615 -0.249317 False
0.321103 0.118187 -0.248663 False
0.320919 0.117491 -0.248809 False
0.321335 0.117383 -0.248750 False
0.320011 0.119377 -0.250308 False
0.320758 0.117805 -0.249402 False
0.321478 0.117975 -0.248927 False
0.321366 0.117788 -0.249123 False
0.320591 0.117595 -0.249443 False
0.320815 0.117738 -0.249100 False
0.321100 0.117076 -0.249065 False
0.321310 0.118319 -0.249207 False
0.321801 0.118175 -0.248673 False
0.321607 0.118453 -0.249076 False
0.322091 0.117892 -0.248600 False
0.321762 0.117804 -0.248765 False
0.321191 0.119109 -0.249200 False
0.322050 0.116352 -0.248825 False
0.321547 0.117431 -0.249067 False
0.320741 0.118696 -0.250033 False
0.320683 0.118608 -0.249367 False
0.319592 0.119583 -0.250095 False
0.319815 0.118517 -0.249433 False
0.320720 0.117474 -0.250739 False
0.335386 0.118735 -0.250877 False
0.380420 0.113089 -0.247854 False
0.424614 0.076594 -0.241352 False
0.426558 0.044921 -0.242162 True
0.423276 0.030651 -0.245171 True
0.427418 0.039372 -0.239363 True
0.435138 0.087694 -0.229381 False
0.417074 0.179862 -0.206482 False
0.339650 0.266833 -0.197273 False
0.238897 0.290125 -0.176699 False
0.176912 0.249632 -0.185870 False
0.165984 0.225710 -0.193646 False
0.169495 0.216290 -0.193865 False
0.164971 0.218991 -0.188993 False
0.168719 0.239517 -0.184738 False
0.170033 0.267516 -0.186186 False
0.169847 0.279589 -0.180913 False
0.180989 0.275631 -0.164621 False
0.243526 0.292722 -0.131562 False
0.194519 0.286911 -0.170851 False
0.180029 0.283791 -0.178070 False
0.177162 0.283665 -0.175509 False
0.175575 0.283254 -0.174360 False
0.177234 0.279969 -0.177950 False
0.175298 0.280689 -0.181792 False
0.180871 0.283937 -0.183102 False
0.184894 0.277801 -0.183635 False
0.209270 0.274818 -0.163137 False
0.276784 0.282002 -0.086431 False
0.202412 0.269345 -0.117597 False
0.173744 0.198634 -0.152308 False
0.195090 0.074287 -0.173182 True
0.162463 0.188167 -0.155908 False
0.162570 0.233885 -0.122704 False
0.214276 0.289477 -0.120987 False
0.296536 0.327745 -0.102471 False
0.383780 0.338551 -0.084806 False
0.511197 0.324218 -0.079776 False
0.617564 0.305978 -0.094430 False
0.686291 0.291441 -0.121569 False
0.715627 0.269556 -0.148285 False
0.694104 0.225141 -0.152177 False
0.715397 0.225525 -0.157694 False
0.700439 0.209426 -0.122462 False
0.677806 0.203821 -0.080836 False
0.602722 0.186683 -0.070903 False
0.528415 0.165861 -0.062727 False
0.463406 0.142942 -0.047777 False
0.438215 0.128583 -0.038380 False
0.419792 0.126096 -0.035768 False
0.385552 0.126206 -0.035527 False
0.347333 0.121437 -0.030135 False
0.314820 0.116359 -0.019065 False
0.283897 0.109731 -0.010346 False
0.199391 0.097283 -0.006725 False
0.150842 0.086840 -0.021680 False
0.306657 0.093499 -0.074175 False
0.386445 0.097497 -0.182593 False
0.371236 0.062397 -0.292554 False
0.349241 0.035708 -0.319381 True
0.357373 0.061819 -0.314289 True
0.354085 0.150767 -0.307919 False
0.331896 0.219283 -0.276270 False
0.305606 0.203392 -0.254429 False
0.294459 0.189440 -0.249335 False
0.275500 0.153325 -0.249900 False
0.271426 0.145973 -0.250299 False
0.274495 0.153212 -0.250879 False
0.288511 0.188397 -0.250294 False
0.299160 0.217446 -0.251333 False
0.323048 0.260960 -0.251381 False
0.351226 0.268004 -0.222293 False
0.456474 0.311983 -0.126472 False
0.380475 0.310524 -0.216621 False
0.319887 0.237535 -0.245973 False
0.312173 0.232435 -0.259488 False
0.282560 0.166459 -0.254124 False
0.280464 0.166580 -0.251783 False
0.275737 0.152243 -0.250774 False
0.282139 0.167766 -0.248820 False
0.299828 0.214556 -0.236703 False
0.324329 0.274885 -0.213579 False
0.358135 0.356822 -0.175251 False
0.368130 0.335946 -0.187000 False
0.348126 0.326440 -0.161540 False
0.337792 0.350034 -0.124285 False
0.339225 0.325787 -0.123780 False
0.335295 0.336833 -0.095560 False
0.334925 0.346371 -0.073718 False
0.325377 0.335403 -0.099563 False
0.318856 0.329424 -0.090609 False
0.318625 0.340461 -0.106824 False
0.322516 0.313016 -0.130844 False
0.321299 0.283544 -0.140380 False
0.330267 0.286595 -0.143059 False
0.336975 0.277568 -0.142674 False
0.334883 0.285829 -0.115719 False
0.334576 0.279227 -0.145756 False
0.332970 0.254749 -0.167726 False
0.333253 0.271559 -0.151511 False
0.332739 0.274652 -0.165527 False
0.335138 0.251511 -0.181995 False
0.334557 0.271161 -0.162645 False
0.336105 0.278369 -0.169303 False
0.335677 0.258703 -0.181839 False
0.333410 0.271006 -0.163800 False
0.336558 0.283252 -0.156550 False
0.338899 0.259895 -0.170951 False
0.333157 0.265712 -0.170910 False
0.336705 0.271906 -0.179939 False
0.327967 0.259143 -0.198192 False
0.313521 0.255465 -0.206444 False
0.313574 0.257929 -0.225074 False
0.314852 0.260932 -0.248155 False
0.317435 0.248140 -0.261271 False
0.321695 0.236890 -0.265628 False
0.323420 0.228718 -0.267710 False
0.323254 0.221659 -0.268906 True
0.323413 0.215357 -0.270478 False
0.323396 0.212935 -0.271885 False
0.324090 0.210810 -0.274649 False
0.326412 0.209579 -0.279891 False
0.346053 0.230680 -0.276685 True
0.381824 0.281194 -0.206828 False
0.437746 0.232352 -0.067880 False
0.483495 0.214001 0.036537 False
0.529245 0.195651 0.140955 False
0.574994 0.177300 0.245372 False
0.620743 0.158950 0.349789 False
0.666493 0.140599 0.454206 False
0.712242 0.122249 0.558623 False
0.757992 0.103898 0.663040 False
0.803741 0.085548 0.767457 False
0.849491 0.067197 0.871875 False
0.895240 0.048847 0.976292 False
0.940989 0.030496 1.080709 False
0.986739 0.012146 1.185126 False
1.032488 -0.006205 1.289543 False
1.078238 -0.024555 1.393960 False
1.123987 -0.042906 1.498377 False
1.169737 -0.061256 1.602795 False
1.215486 -0.079607 1.707212 False
1.261235 -0.097957 1.811629 False
1.306985 -0.116308 1.916046 False
1.352734 -0.134658 2.020463 False
1.398484 -0.153009 2.124880 False
1.444233 -0.171359 2.229297 False
1.489983 -0.189710 2.333714 False
1.535732 -0.208060 2.438132 False
1.581481 -0.226411 2.542549 False
1.627231 -0.244761 2.646966 False
1.672980 -0.263112 2.751383 False
1.718730 -0.281462 2.855800 False
1.764479 -0.299813 2.960217 False
1.810229 -0.318163 3.064634 False
1.855978 -0.336514 3.169052 False
1.901727 -0.354864 3.273469 False
1.947477 -0.373215 3.377886 False
1.993226 -0.391565 3.482303 False
2.038976 -0.409916 3.586720 False
2.084725 -0.428266 3.691137 False
2.130474 -0.446617 3.795554 False
2.176224 -0.464967 3.899972 False
2.221973 -0.483318 4.004389 False
2.267723 -0.501668 4.108806 False
2.313472 -0.520019 4.213223 False
2.359222 -0.538369 4.317640 False
2.404971 -0.556720 4.422057 False
2.450720 -0.575070 4.526474 False
2.496470 -0.593421 4.630892 False
2.542219 -0.611771 4.735309 False
2.587969 -0.630122 4.839726 False
2.633718 -0.648472 4.944143 False
2.679468 -0.666823 5.048560 False
2.725217 -0.685173 5.152977 False
2.770966 -0.703524 5.257394 False
2.816716 -0.721874 5.361812 False
2.862465 -0.740225 5.466229 False
2.908215 -0.758575 5.570646 False
2.953964 -0.776926 5.675063 False
2.999714 -0.795276 5.779480 False
3.045463 -0.813627 5.883897 False
3.091212 -0.831977 5.988314 False
3.136962 -0.850328 6.092732 False
3.182711 -0.868678 6.197149 False
3.228461 -0.887029 6.301566 False
3.274210 -0.905379 6.405983 False
3.319960 -0.923730 6.510400 False
3.365709 -0.942080 6.614817 False
3.411458 -0.960431 6.719234 False
3.457208 -0.978781 6.823652 False
3.502957 -0.997132 6.928069 False
3.548707 -1.015482 7.032486 False
3.594456 -1.033833 7.136903 False
3.640206 -1.052183 7.241320 False
3.685955 -1.070534 7.345737 False
3.731704 -1.088884 7.450154 False
3.777454 -1.107235 7.554572 False
3.823203 -1.125585 7.658989 False
3.868953 -1.143936 7.763406 False
3.914702 -1.162286 7.867823 False
3.960451 -1.180637 7.972240 False
4.006201 -1.198987 8.076657 False
4.051950 -1.217338 8.181074 False
4.097700 -1.235688 8.285492 False
4.143449 -1.254039 8.389909 False
4.189199 -1.272389 8.494326 False
4.234948 -1.290740 8.598743 False
4.280697 -1.309090 8.703160 False
4.326447 -1.327441 8.807577 False
4.372196 -1.345791 8.911994 False
4.417946 -1.364142 9.016412 False
4.463695 -1.382492 9.120829 False
4.509445 -1.400843 9.225246 False
4.555194 -1.419193 9.329663 False
4.600943 -1.437544 9.434080 False
4.646693 -1.455894 9.538497 False
4.692442 -1.474245 9.642914 False
4.738192 -1.492595 9.747332 False
4.783941 -1.510946 9.851749 False
4.829691 -1.529296 9.956166 False
4.875440 -1.547647 10.060583 False
4.921189 -1.565997 10.165000 False
4.966939 -1.584348 10.269417 False
5.012688 -1.602698 10.373834 False
5.058438 -1.621049 10.478252 False
5.104187 -1.639399 10.582669 False
