0.623559 0.219486 -0.377577 False
0.624078 0.219521 -0.378185 False
0.623996 0.219234 -0.378651 False
0.623826 0.219174 -0.378705 False
0.624323 0.219170 -0.378556 False
0.624430 0.219193 -0.378404 False
0.624435 0.219250 -0.378193 False
0.624353 0.219336 -0.377939 False
0.624201 0.219447 -0.377657 False
0.623994 0.219577 -0.377362 False
0.623748 0.219722 -0.377068 False
0.623478 0.219877 -0.376792 False
0.623201 0.220038 -0.376549 False
0.622931 0.220200 -0.376353 False
0.622685 0.220358 -0.376220 False
0.622478 0.220508 -0.376164 False
0.622326 0.220645 -0.376202 False
0.622244 0.220765 -0.376348 False
0.622249 0.220862 -0.376618 False
0.622357 0.220932 -0.377026 False
0.622581 0.220972 -0.377587 False
0.622940 0.220974 -0.378318 False
0.623447 0.220936 -0.379233 False
0.624145 0.220846 -0.380376 False
0.624991 0.220714 -0.381697 False
0.625969 0.220546 -0.383174 False
0.627063 0.220344 -0.384786 False
0.628257 0.220114 -0.386511 False
0.629533 0.219859 -0.388328 False
0.630875 0.219584 -0.390215 False
0.632268 0.219293 -0.392151 False
0.633694 0.218990 -0.394114 False
0.635138 0.218680 -0.396083 False
0.636583 0.218366 -0.398037 False
0.638012 0.218052 -0.399953 False
0.639409 0.217744 -0.401811 False
0.640758 0.217445 -0.403588 False
0.642042 0.217159 -0.405264 False
0.643245 0.216890 -0.406817 False
0.644351 0.216643 -0.408225 False
0.645343 0.216422 -0.409467 False
0.646205 0.216231 -0.410521 False
0.646920 0.216075 -0.411367 False
0.647471 0.215957 -0.411981 False
0.647844 0.215881 -0.412344 False
0.648021 0.215853 -0.412433 False
0.647985 0.215875 -0.412227 False
0.647721 0.215953 -0.411705 False
0.647211 0.216090 -0.410844 False
0.646441 0.216291 -0.409624 False
0.645392 0.216559 -0.408023 False
0.644050 0.216900 -0.406020 False
0.642396 0.217317 -0.403592 False
0.640416 0.217814 -0.400719 False
0.638092 0.218396 -0.397379 False
0.635409 0.219067 -0.393551 False
0.632349 0.219831 -0.389213 False
0.628897 0.220692 -0.384343 False
0.625036 0.221654 -0.378920 False
0.624969 0.222848 -0.371102 False
0.624205 0.223403 -0.369676 False
0.608135 0.222968 -0.367291 False
0.535914 0.229183 -0.351884 False
0.447954 0.236423 -0.332533 False
0.360397 0.242673 -0.312120 False
0.303799 0.243842 -0.295909 False
0.261735 0.242590 -0.281422 False
0.232196 0.239499 -0.268562 False
0.213171 0.235155 -0.257232 False
0.202648 0.230141 -0.247334 False
0.198619 0.225041 -0.238771 False
0.199071 0.220439 -0.231445 False
0.201995 0.216919 -0.225260 False
0.201886 0.216392 -0.217974 False
0.204630 0.216452 -0.214319 False
0.224549 0.214169 -0.225060 False
0.226131 0.213741 -0.228524 False
0.213993 0.213932 -0.230083 False
0.223070 0.214072 -0.229895 False
0.209733 0.216474 -0.224096 False
0.206961 0.217048 -0.222936 False
0.206713 0.218485 -0.223747 False
0.207080 0.216889 -0.222465 False
0.207154 0.216401 -0.222703 False
0.207267 0.216048 -0.222397 False
0.207707 0.215853 -0.221220 False
0.207716 0.215698 -0.220854 False
0.207389 0.217203 -0.220297 False
0.207965 0.221265 -0.220814 False
0.208183 0.216938 -0.220935 False
0.208498 0.215543 -0.222777 False
0.207948 0.215764 -0.222881 False
0.207357 0.215690 -0.222998 False
0.207758 0.216280 -0.222336 False
0.207820 0.216210 -0.222661 False
0.207554 0.216899 -0.222616 False
0.206348 0.216558 -0.221223 False
0.206404 0.216756 -0.221739 False
0.207297 0.215952 -0.221686 False
0.207171 0.216269 -0.223010 False
0.206890 0.217080 -0.223023 False
0.206318 0.220491 -0.221913 False
0.207134 0.218102 -0.221343 False
0.206298 0.218902 -0.221964 False
0.206113 0.216909 -0.222009 False
0.206270 0.216788 -0.221887 False
0.206312 0.215453 -0.220398 False
0.205795 0.215352 -0.222911 False
0.204673 0.214103 -0.229823 False
0.206656 0.214508 -0.228153 False
0.207480 0.214227 -0.228726 False
0.206742 0.215532 -0.223759 False
0.205447 0.215574 -0.224515 False
0.201925 0.216159 -0.226387 False
0.202110 0.216072 -0.227055 False
0.202731 0.215278 -0.227421 False
0.199710 0.216585 -0.230879 False
0.195716 0.219958 -0.241094 False
0.196358 0.229917 -0.253684 False
0.212054 0.235697 -0.249162 False
0.221152 0.203835 -0.235878 False
0.228161 0.166980 -0.234155 False
0.229912 0.136227 -0.236306 False
0.229173 0.124779 -0.241284 False
0.225237 0.112387 -0.249920 False
0.222095 0.101502 -0.254194 False
0.219082 0.096744 -0.252051 False
0.213000 0.090123 -0.249383 False
0.208558 0.081188 -0.248710 False
0.206414 0.073280 -0.246700 False
0.210079 0.069418 -0.246952 False
0.213385 0.070573 -0.247722 False
0.212325 0.072764 -0.246918 False
0.207643 0.071542 -0.244873 False
0.197145 0.073332 -0.241076 False
0.191481 0.070317 -0.238529 False
0.200479 0.068971 -0.241390 False
0.235446 0.078950 -0.252631 False
0.233075 0.088610 -0.250015 False
0.236124 0.116549 -0.239814 False
0.257852 0.155348 -0.222467 False
0.281690 0.171681 -0.212373 False
0.304107 0.186943 -0.200022 False
0.318560 0.205413 -0.187888 False
0.321124 0.229318 -0.169658 False
0.306586 0.247538 -0.136052 False
0.299420 0.260721 -0.104818 False
0.306318 0.262322 -0.087077 False
0.329212 0.269798 -0.071866 False
0.354359 0.270096 -0.060160 False
0.391131 0.270118 -0.044535 False
0.413376 0.267819 -0.040484 False
0.430999 0.264547 -0.041604 False
0.445040 0.261048 -0.046593 False
0.456538 0.258066 -0.054143 False
0.466531 0.256350 -0.062950 False
0.476060 0.256645 -0.071709 False
0.489691 0.262509 -0.075951 False
0.500488 0.268353 -0.081495 False
0.505046 0.271397 -0.090999 False
0.499957 0.268865 -0.107119 False
0.481815 0.257978 -0.132511 False
0.444743 0.238348 -0.186472 False
0.377578 0.185968 -0.224206 False
0.310169 0.130770 -0.249981 False
0.267732 0.098440 -0.243462 False
0.258486 0.076639 -0.237585 False
0.261807 0.068815 -0.235780 False
0.266436 0.066125 -0.237679 False
0.269451 0.067225 -0.237938 False
0.270629 0.068880 -0.239098 False
0.272183 0.069001 -0.238800 False
0.273152 0.067765 -0.239633 False
0.275264 0.066817 -0.240385 False
0.277259 0.066660 -0.241594 False
0.278801 0.066751 -0.243192 False
0.279524 0.066875 -0.244028 False
0.280535 0.067307 -0.246214 False
0.280074 0.066842 -0.246068 False
0.278893 0.066885 -0.243171 False
0.277366 0.067316 -0.241694 False
0.276173 0.066914 -0.241296 False
0.275645 0.067304 -0.240765 False
0.275661 0.066697 -0.240240 False
0.275231 0.066400 -0.239901 False
0.275095 0.068194 -0.240640 False
0.274915 0.067054 -0.240813 False
0.275544 0.067147 -0.240772 False
0.276911 0.066282 -0.240496 False
0.277314 0.066604 -0.240987 False
0.277380 0.066539 -0.242115 False
0.278212 0.066140 -0.243260 False
0.279100 0.066748 -0.243333 False
0.278223 0.067263 -0.243219 False
0.278338 0.067236 -0.242987 False
0.279258 0.066321 -0.243856 False
0.279356 0.067144 -0.244548 False
0.279920 0.067067 -0.245631 False
0.279789 0.067831 -0.244126 False
0.278785 0.066893 -0.242572 False
0.276411 0.066504 -0.240437 False
0.274612 0.068478 -0.240629 False
0.275556 0.067252 -0.240573 False
0.277257 0.067385 -0.242000 False
0.279513 0.067166 -0.243758 False
0.281373 0.068426 -0.247095 False
0.282443 0.067460 -0.248631 False
0.283874 0.066821 -0.247485 False
0.285176 0.070378 -0.248611 False
0.285502 0.069567 -0.249192 False
0.286303 0.070194 -0.248139 False
0.287055 0.071494 -0.247998 False
0.287538 0.072381 -0.248375 False
0.287189 0.072331 -0.248344 False
0.287519 0.071387 -0.248522 False
0.287779 0.070019 -0.248167 False
0.286781 0.069662 -0.246645 False
0.281544 0.072489 -0.240416 False
0.273972 0.077251 -0.231615 False
0.264544 0.083740 -0.220782 False
0.253740 0.091750 -0.208454 False
0.242040 0.101073 -0.195168 False
0.229923 0.111501 -0.181464 False
0.217869 0.122827 -0.167877 False
0.206357 0.134844 -0.154948 False
0.195868 0.147344 -0.143212 False
0.186881 0.160119 -0.133208 False
0.179875 0.172963 -0.125475 False
0.175330 0.185667 -0.120549 False
0.173725 0.198025 -0.118969 False
0.175541 0.209828 -0.121272 False
0.181257 0.220870 -0.127997 False
0.191353 0.230943 -0.139680 False
0.206308 0.239839 -0.156861 False
0.226602 0.247351 -0.180076 False
0.252714 0.253271 -0.209865 False
0.279500 0.256168 -0.240867 False
0.335190 0.266302 -0.307912 False
0.397288 0.258297 -0.369275 False
0.435152 0.243473 -0.398810 False
0.449161 0.229665 -0.405111 False
0.449622 0.220503 -0.398333 False
0.448748 0.218685 -0.397849 False
0.448757 0.219300 -0.398751 False
0.449441 0.219525 -0.405231 False
0.448571 0.220429 -0.406549 False
0.448422 0.220145 -0.406680 False
0.448655 0.220097 -0.406643 False
0.448504 0.220252 -0.406651 False
0.448946 0.220995 -0.406833 False
0.449042 0.220460 -0.406878 False
0.449014 0.219809 -0.406877 False
0.448535 0.219467 -0.407043 False
0.448557 0.219558 -0.406888 False
0.448461 0.220277 -0.406767 False
0.448384 0.220342 -0.407265 False
0.448358 0.219970 -0.406708 False
0.448450 0.220363 -0.406619 False
0.448569 0.220454 -0.406539 False
0.449048 0.220434 -0.406368 False
0.449041 0.220193 -0.406653 False
0.448965 0.219093 -0.407136 False
0.449025 0.219458 -0.406898 False
0.448847 0.220158 -0.406943 False
0.448477 0.219862 -0.407317 False
0.448590 0.220009 -0.406859 False
0.449136 0.221060 -0.407305 False
0.449648 0.221027 -0.407590 False
0.449203 0.219863 -0.406912 False
0.449228 0.220306 -0.406606 False
0.449000 0.220322 -0.406746 False
0.448723 0.219867 -0.406810 False
0.449011 0.219858 -0.406919 False
0.449250 0.220217 -0.407134 False
0.449139 0.219709 -0.406739 False
0.449216 0.219152 -0.406805 False
0.449185 0.220193 -0.406985 False
0.449623 0.220326 -0.406877 False
0.449123 0.219877 -0.407012 False
0.449145 0.219839 -0.406832 False
0.449145 0.220090 -0.406691 False
0.449208 0.219210 -0.406251 False
0.449079 0.220212 -0.406565 False
0.448897 0.220477 -0.406797 False
0.448539 0.220678 -0.406832 False
0.448495 0.220404 -0.406834 False
0.448621 0.219953 -0.407002 False
0.448556 0.220247 -0.407021 False
0.449130 0.219945 -0.406977 False
0.449139 0.220353 -0.406764 False
0.449230 0.220443 -0.407223 False
0.449022 0.220442 -0.407358 False
0.448567 0.220350 -0.406729 False
0.448535 0.219956 -0.406600 False
0.448798 0.220348 -0.406583 False
0.448526 0.220438 -0.406574 False
0.448457 0.220454 -0.406524 False
0.448417 0.220454 -0.406414 False
0.448560 0.220435 -0.406787 False
0.448881 0.220323 -0.407078 False
0.448617 0.219836 -0.407218 False
0.448804 0.220323 -0.406841 False
0.448459 0.220436 -0.406436 False
0.448411 0.220455 -0.406753 False
0.448547 0.220457 -0.406835 False
0.448831 0.220443 -0.406885 False
0.448637 0.220340 -0.407031 False
0.448827 0.219861 -0.407026 False
0.448560 0.219865 -0.406904 False
0.448512 0.220330 -0.407037 False
0.448919 0.220287 -0.407046 False
0.448790 0.219610 -0.407012 False
0.448037 0.219625 -0.407037 False
0.448282 0.220327 -0.407063 False
0.448420 0.219522 -0.407019 False
0.448390 0.220252 -0.406854 False
0.448380 0.220251 -0.406873 False
0.448383 0.219504 -0.407117 False
0.448468 0.220128 -0.406921 False
0.448908 0.219637 -0.406989 False
0.449335 0.219243 -0.406966 False
0.448570 0.219526 -0.406836 False
0.448465 0.220272 -0.406814 False
0.448549 0.220240 -0.406963 False
0.449258 0.219389 -0.406982 False
0.449092 0.219588 -0.406820 False
0.448961 0.220533 -0.406844 False
0.448560 0.220533 -0.406914 False
0.448586 0.220489 -0.407089 False
0.448988 0.219279 -0.407055 False
0.449034 0.218820 -0.406995 False
0.448930 0.218841 -0.406809 False
0.448833 0.218748 -0.406636 False
0.448486 0.218781 -0.406835 False
0.448604 0.219022 -0.407187 False
0.448973 0.219108 -0.407107 False
0.449048 0.219388 -0.407053 False
0.448657 0.219414 -0.407177 False
0.448947 0.219365 -0.406896 False
0.448958 0.219144 -0.407072 False
0.448978 0.219246 -0.407172 False
0.449083 0.219988 -0.407204 False
0.449163 0.219030 -0.407265 False
0.449139 0.219074 -0.407188 False
0.448901 0.219261 -0.407271 False
0.448464 0.219090 -0.406844 False
0.448379 0.220210 -0.406983 False
0.448392 0.220385 -0.407047 False
0.448517 0.220077 -0.407126 False
0.448804 0.219546 -0.407168 False
0.448533 0.219560 -0.407375 False
0.448838 0.220059 -0.407035 False
0.448195 0.219131 -0.407059 False
0.448355 0.218651 -0.406938 False
0.448514 0.219529 -0.407107 False
0.448564 0.220757 -0.407207 False
0.448681 0.219966 -0.407062 False
0.449054 0.220908 -0.407037 False
0.448674 0.220376 -0.406964 False
0.448609 0.219632 -0.407210 False
0.449012 0.220968 -0.407259 False
0.449656 0.220946 -0.407242 False
0.448795 0.219420 -0.407149 False
0.448571 0.219121 -0.407461 False
0.448546 0.219825 -0.407173 False
0.448620 0.219614 -0.407063 False
0.448964 0.219961 -0.407120 False
0.448914 0.219782 -0.407100 False
0.448712 0.220657 -0.407054 False
0.449074 0.219082 -0.407042 False
0.448844 0.218757 -0.407007 False
0.449160 0.218716 -0.406835 False
0.449086 0.218734 -0.406741 False
0.448680 0.218860 -0.406808 False
0.448638 0.219351 -0.406895 False
0.448954 0.219558 -0.407025 False
0.448717 0.219429 -0.407044 False
0.449042 0.219188 -0.407052 False
0.449059 0.219299 -0.407106 False
0.448825 0.218962 -0.407085 False
0.449123 0.219320 -0.407105 False
0.449402 0.219338 -0.407095 False
0.449139 0.218972 -0.407142 False
0.448846 0.219326 -0.407261 False
0.448408 0.219352 -0.407111 False
0.448603 0.219095 -0.407084 False
0.448923 0.218893 -0.407080 False
0.448680 0.219266 -0.407079 False
0.449031 0.219117 -0.407073 False
0.449043 0.219044 -0.407110 False
0.448970 0.218893 -0.407123 False
0.448650 0.219318 -0.407080 False
0.449007 0.219355 -0.407065 False
0.449001 0.219081 -0.407066 False
0.449119 0.218798 -0.407087 False
0.449023 0.218839 -0.407088 False
0.448698 0.219302 -0.407067 False
0.448946 0.219336 -0.407065 False
0.448941 0.219065 -0.407076 False
0.449134 0.219400 -0.407065 False
0.448802 0.219638 -0.407066 False
0.449212 0.219324 -0.407080 False
0.448992 0.218691 -0.407081 False
0.449263 0.219041 -0.407072 False
0.448920 0.219335 -0.407054 False
0.448899 0.219231 -0.407054 False
0.448918 0.219554 -0.407073 False
0.448916 0.219130 -0.407160 False
0.449305 0.218947 -0.407074 False
0.449744 0.219561 -0.407066 False
0.449766 0.219474 -0.407093 False
0.449717 0.219463 -0.407165 False
0.449494 0.219000 -0.407189 False
0.449589 0.218976 -0.407136 False
0.449193 0.219338 -0.407094 False
0.449697 0.219458 -0.407214 False
0.449725 0.219574 -0.407236 False
0.449374 0.219499 -0.407211 False
0.449742 0.219650 -0.407058 False
0.449810 0.219374 -0.407211 False
0.449717 0.218979 -0.407247 False
0.449464 0.219450 -0.407252 False
0.449392 0.218935 -0.407249 False
0.449721 0.219109 -0.407228 False
0.449636 0.220056 -0.407139 False
0.449188 0.219541 -0.407226 False
0.449644 0.219347 -0.407235 False
0.449749 0.220145 -0.407212 False
0.449551 0.219843 -0.407198 False
0.449762 0.219764 -0.407125 False
0.449757 0.219747 -0.407198 False
0.449760 0.219752 -0.407117 False
0.449765 0.219812 -0.407128 False
0.449809 0.220108 -0.406885 False
0.449700 0.220308 -0.406988 False
0.449111 0.219947 -0.407159 False
0.449153 0.220177 -0.407115 False
0.449218 0.219512 -0.407124 False
0.449205 0.220117 -0.407122 False
0.449125 0.219600 -0.407083 False
0.449706 0.219694 -0.407153 False
0.449814 0.219607 -0.407265 False
0.449700 0.219143 -0.407114 False
0.449090 0.220181 -0.407102 False
0.449213 0.220233 -0.406872 False
0.449349 0.219480 -0.406908 False
0.449849 0.220264 -0.406876 False
0.449782 0.220443 -0.407050 False
0.449492 0.220450 -0.407032 False
0.449740 0.220281 -0.406889 False
0.449607 0.219476 -0.407049 False
0.448991 0.219111 -0.407200 False
0.449283 0.220193 -0.407107 False
0.449512 0.220433 -0.407085 False
0.449706 0.220465 -0.407081 False
0.449414 0.220441 -0.407031 False
0.449643 0.220306 -0.406856 False
0.449254 0.219736 -0.406855 False
0.449475 0.220304 -0.407031 False
0.449620 0.220436 -0.407097 False
0.449559 0.220462 -0.407257 False
0.449627 0.220469 -0.407169 False
0.449295 0.220443 -0.406894 False
0.449431 0.220220 -0.406954 False
0.449517 0.219140 -0.407051 False
0.449868 0.219020 -0.407160 False
0.449784 0.218967 -0.407370 False
0.449459 0.219332 -0.406943 False
0.449349 0.219558 -0.406936 False
0.449516 0.220301 -0.407010 False
0.448613 0.220448 -0.406903 False
0.448908 0.220463 -0.406866 False
0.449284 0.220460 -0.406829 False
0.448903 0.220459 -0.406844 False
0.448510 0.220439 -0.406912 False
0.448826 0.220289 -0.406840 False
0.448961 0.219594 -0.406860 False
0.449268 0.219598 -0.407043 False
0.448927 0.220302 -0.407108 False
0.449779 0.220436 -0.407109 False
0.449942 0.220295 -0.407081 False
0.449923 0.219512 -0.406884 False
0.449308 0.219113 -0.406941 False
0.448762 0.219722 -0.407335 False
0.448726 0.220291 -0.407120 False
0.449701 0.220077 -0.407075 False
0.449356 0.219702 -0.407141 False
0.448684 0.220299 -0.407235 False
0.449129 0.220389 -0.407170 False
0.448914 0.220220 -0.407181 False
0.449178 0.220404 -0.407177 False
0.448836 0.220444 -0.407160 False
0.448496 0.220449 -0.407074 False
0.448823 0.220448 -0.406933 False
0.448962 0.220447 -0.406998 False
0.449292 0.220446 -0.407104 False
0.449402 0.220446 -0.406982 False
0.449132 0.220446 -0.406882 False
0.449652 0.220446 -0.407013 False
0.449526 0.220450 -0.407034 False
0.449529 0.220472 -0.407262 False
0.449681 0.220476 -0.407798 False
0.449464 0.220476 -0.407238 False
0.449000 0.220472 -0.406935 False
0.448827 0.220456 -0.407090 False
0.448416 0.220473 -0.407350 False
0.448339 0.220475 -0.407379 False
0.448329 0.220456 -0.407258 False
0.448338 0.220433 -0.406902 False
0.448379 0.220303 -0.406862 False
0.448451 0.219737 -0.406611 False
0.448741 0.220308 -0.406664 False
0.448420 0.220442 -0.406708 False
0.448427 0.220443 -0.406825 False
0.448833 0.220292 -0.406585 False
0.449007 0.219593 -0.406557 False
0.449289 0.219592 -0.406699 False
0.448979 0.220290 -0.407405 False
0.448924 0.220444 -0.407465 False
0.449118 0.220476 -0.407130 False
0.449446 0.220498 -0.406962 False
0.449408 0.220507 -0.406976 False
0.448795 0.220301 -0.406686 False
0.447502 0.218938 -0.405312 False
0.445660 0.216831 -0.403244 False
0.443301 0.214025 -0.400528 False
0.440458 0.210562 -0.397213 False
0.437163 0.206488 -0.393344 False
0.433449 0.201847 -0.388971 False
0.429347 0.196682 -0.384139 False
0.424890 0.191038 -0.378897 False
0.420111 0.184959 -0.373290 False
0.415041 0.178488 -0.367368 False
0.409714 0.171671 -0.361177 False
0.404162 0.164550 -0.354763 False
0.398416 0.157171 -0.348176 False
0.392510 0.149577 -0.341461 False
0.386476 0.141812 -0.334666 False
0.380346 0.133921 -0.327838 False
0.374152 0.125947 -0.321025 False
0.367927 0.117934 -0.314274 False
0.361704 0.109927 -0.307632 False
0.355514 0.101970 -0.301147 False
0.349390 0.094107 -0.294865 False
0.343364 0.086382 -0.288834 False
0.337469 0.078838 -0.283101 False
0.331737 0.071521 -0.277714 False
0.326201 0.064474 -0.272719 False
0.320893 0.057741 -0.268165 False
0.315845 0.051367 -0.264098 False
0.311089 0.045395 -0.260565 False
0.306658 0.039870 -0.257614 False
0.302585 0.034835 -0.255292 False
0.298902 0.030335 -0.253647 False
0.295640 0.026413 -0.252725 False
0.292833 0.023115 -0.252575 False
0.290513 0.020483 -0.253242 False
0.288712 0.018563 -0.254775 False
0.287463 0.017397 -0.257220 False
0.286798 0.017031 -0.260626 False
0.287175 0.018551 -0.269355 False
0.287292 0.018657 -0.268572 False
0.287560 0.017816 -0.260350 False
0.287913 0.017814 -0.260267 False
0.287416 0.017805 -0.267901 False
0.286786 0.017604 -0.268518 False
0.287109 0.016584 -0.260794 False
0.286812 0.016395 -0.268388 False
0.287178 0.016354 -0.269879 False
0.287250 0.016433 -0.268584 False
0.287179 0.016757 -0.262388 False
0.286778 0.018128 -0.268624 False
0.286679 0.016708 -0.269407 False
0.286631 0.016426 -0.267991 False
0.286729 0.016722 -0.260970 False
0.287282 0.018343 -0.268163 False
0.287871 0.017971 -0.268139 False
0.287563 0.017833 -0.261077 False
0.288004 0.017622 -0.268714 False
0.288010 0.016801 -0.270007 False
0.287616 0.017591 -0.269884 False
0.287906 0.017591 -0.270196 False
0.287543 0.016801 -0.270279 False
0.287954 0.017617 -0.270303 False
0.287554 0.017805 -0.270104 False
0.287995 0.017857 -0.268362 False
0.288056 0.017964 -0.259980 False
0.288107 0.018339 -0.258571 False
0.288102 0.016772 -0.260513 False
0.288058 0.016635 -0.268910 False
0.288049 0.017585 -0.269660 False
0.288071 0.017769 -0.266255 False
0.288098 0.017838 -0.261986 False
0.288118 0.017844 -0.258791 False
0.288146 0.017900 -0.261375 False
0.288108 0.017921 -0.265450 False
0.287955 0.017883 -0.269493 False
0.287413 0.017816 -0.270168 False
0.287189 0.017560 -0.270009 False
0.286649 0.016381 -0.270684 False
0.286747 0.016991 -0.270711 False
0.287700 0.015739 -0.270322 False
0.287373 0.015839 -0.270148 False
0.287317 0.016495 -0.269620 False
0.287230 0.017596 -0.268957 False
0.287242 0.017605 -0.268957 False
0.287198 0.016593 -0.269037 False
0.287317 0.016398 -0.269186 False
0.286995 0.016455 -0.269303 False
0.287183 0.017105 -0.268242 False
0.287273 0.016819 -0.258414 False
0.286337 0.019185 -0.251917 False
0.284813 0.022952 -0.245551 False
0.282755 0.027996 -0.239326 False
0.280216 0.034196 -0.233253 False
0.277250 0.041430 -0.227341 False
0.273908 0.049576 -0.221599 False
0.270245 0.058511 -0.216038 False
0.266312 0.068113 -0.210667 False
0.262164 0.078262 -0.205495 False
0.257854 0.088833 -0.200533 False
0.253433 0.099707 -0.195790 False
0.248956 0.110759 -0.191276 False
0.244476 0.121869 -0.187001 False
0.240045 0.132915 -0.182974 False
0.235716 0.143773 -0.179206 False
0.231543 0.154323 -0.175705 False
0.227579 0.164442 -0.172482 False
0.223876 0.174009 -0.169546 False
0.220488 0.182900 -0.166907 False
0.217468 0.190995 -0.164575 False
0.214869 0.198171 -0.162560 False
0.212743 0.204305 -0.160870 False
0.211145 0.209277 -0.159517 False
0.210126 0.212964 -0.158509 False
0.210242 0.215424 -0.158101 False
0.210015 0.214627 -0.157656 False
0.209589 0.214850 -0.156415 False
0.209218 0.214058 -0.157155 False
0.209318 0.213792 -0.157251 False
0.209005 0.214307 -0.154983 False
0.209712 0.216605 -0.153535 False
0.214025 0.230645 -0.146646 False
0.230658 0.295996 -0.114994 False
0.229536 0.287028 -0.130091 False
0.225799 0.263377 -0.153472 False
0.226597 0.250385 -0.165636 False
0.228570 0.236938 -0.175533 False
0.231583 0.223131 -0.183366 False
0.235499 0.209059 -0.189340 False
0.240184 0.194818 -0.193658 False
0.245502 0.180502 -0.196522 False
0.251317 0.166206 -0.198136 False
0.257494 0.152027 -0.198704 False
0.263898 0.138058 -0.198429 False
0.270392 0.124394 -0.197513 False
0.276842 0.111132 -0.196162 False
0.283112 0.098366 -0.194577 False
0.289067 0.086191 -0.192962 False
0.294570 0.074702 -0.191521 False
0.299487 0.063994 -0.190457 False
0.303682 0.054162 -0.189973 False
0.307019 0.045302 -0.190273 False
0.309363 0.037509 -0.191559 False
0.310578 0.030877 -0.194036 False
0.310530 0.025502 -0.197906 False
0.309081 0.021479 -0.203374 False
0.304092 0.019788 -0.215451 False
0.301502 0.017133 -0.217248 False
0.301114 0.016676 -0.217875 False
0.301134 0.016693 -0.217805 False
0.301193 0.016727 -0.217256 False
0.301092 0.016718 -0.217506 False
0.300532 0.016744 -0.217157 False
0.301126 0.016900 -0.217118 False
0.301202 0.017444 -0.217149 False
0.301246 0.016908 -0.217276 False
0.301376 0.016784 -0.217644 False
0.301216 0.016761 -0.216702 False
0.301314 0.016740 -0.213950 False
0.301453 0.016739 -0.210920 False
0.301589 0.016749 -0.208389 False
0.301677 0.016762 -0.207134 False
0.301673 0.016769 -0.207933 False
0.301327 0.016759 -0.216152 False
0.301265 0.016812 -0.217684 False
0.301232 0.016745 -0.217789 False
0.301140 0.016500 -0.217256 False
0.301014 0.015188 -0.217040 False
0.300952 0.014805 -0.216937 False
0.300917 0.014690 -0.216859 False
0.300906 0.014787 -0.216808 False
0.300913 0.015040 -0.216784 False
0.300935 0.015393 -0.216788 False
0.300968 0.015791 -0.216821 False
0.301008 0.016177 -0.216886 False
0.301052 0.016495 -0.216982 False
0.301095 0.016690 -0.217111 False
0.301170 0.016611 -0.217486 False
0.301097 0.016120 -0.217189 False
0.301083 0.016610 -0.217148 False
0.301108 0.016723 -0.217478 False
0.301205 0.016735 -0.217183 False
0.301149 0.016673 -0.217103 False
0.301327 0.016475 -0.217036 False
0.301226 0.015961 -0.217088 False
0.301245 0.015857 -0.217102 False
0.301193 0.015845 -0.217145 False
0.300695 0.015844 -0.217561 False
0.301113 0.015859 -0.217522 False
0.301070 0.015984 -0.217533 False
0.300689 0.016599 -0.217048 False
0.301258 0.016726 -0.216865 False
0.301784 0.016762 -0.216978 False
0.300931 0.016772 -0.217741 False
0.300986 0.016997 -0.218162 False
0.300635 0.017188 -0.217827 False
0.300354 0.017925 -0.218514 False
0.302627 0.018066 -0.220117 False
0.316956 0.018054 -0.230764 False
0.333584 0.018005 -0.243569 False
0.348439 0.018018 -0.255880 False
0.352303 0.018946 -0.262074 False
0.353603 0.017940 -0.273179 False
0.352339 0.017026 -0.257264 False
0.352054 0.018011 -0.259692 False
0.351979 0.018413 -0.260123 False
0.351853 0.019254 -0.260237 False
0.351295 0.019082 -0.258184 False
0.351193 0.017512 -0.252956 False
0.351233 0.017903 -0.259072 False
0.351246 0.018972 -0.260068 False
0.351255 0.018246 -0.260225 False
0.351306 0.019047 -0.260069 False
0.351742 0.018406 -0.258872 False
0.351306 0.018260 -0.253376 False
0.351256 0.018227 -0.253166 False
0.351252 0.018163 -0.258836 False
0.351255 0.018216 -0.259873 False
0.351256 0.018049 -0.260879 False
0.351255 0.017486 -0.260830 False
0.351254 0.016252 -0.260824 False
0.351251 0.017395 -0.259961 False
0.351251 0.017419 -0.260148 False
0.351307 0.017607 -0.259802 False
0.351790 0.017303 -0.260058 False
0.351354 0.018059 -0.260271 False
0.351271 0.018195 -0.260761 False
0.351359 0.018164 -0.261144 False
0.351856 0.018461 -0.261133 False
0.351856 0.019529 -0.261447 False
0.351361 0.019498 -0.261548 False
0.351254 0.023298 -0.261401 False
0.351242 0.019528 -0.260441 False
0.351249 0.018258 -0.260061 False
0.351247 0.018488 -0.255673 False
0.351255 0.018268 -0.260360 False
0.351256 0.018221 -0.261374 False
0.351257 0.018172 -0.260598 False
0.351257 0.018251 -0.254328 False
0.351258 0.018244 -0.252139 False
0.351262 0.018277 -0.250622 False
0.351261 0.018361 -0.254090 False
0.351249 0.018870 -0.259134 False
0.351246 0.018617 -0.256059 False
0.351248 0.019409 -0.259690 False
0.351262 0.018592 -0.255472 False
0.351361 0.019249 -0.259210 False
0.351814 0.017868 -0.255385 False
0.351457 0.018801 -0.259514 False
0.351772 0.018759 -0.259966 False
0.351464 0.018677 -0.259658 False
0.351938 0.017172 -0.253013 False
0.352035 0.017982 -0.253687 False
0.351993 0.018502 -0.259012 False
0.351916 0.018489 -0.254400 False
0.351352 0.017958 -0.258851 False
0.351235 0.017670 -0.259804 False
0.351234 0.019691 -0.259841 False
0.351340 0.018651 -0.259567 False
0.351813 0.017865 -0.259899 False
0.351910 0.017736 -0.259758 False
0.351908 0.017909 -0.258551 False
0.351827 0.018645 -0.253157 False
0.351452 0.018925 -0.258544 False
0.351854 0.017167 -0.259772 False
0.351909 0.016918 -0.260056 False
0.351845 0.017578 -0.260564 False
0.351355 0.018891 -0.260572 False
0.351354 0.017969 -0.260078 False
0.351837 0.017068 -0.259859 False
0.351812 0.018291 -0.259255 False
0.351342 0.015721 -0.253982 False
0.351238 0.017671 -0.259213 False
0.351178 0.018760 -0.259217 False
0.351223 0.017100 -0.253638 False
0.351252 0.017281 -0.256920 False
0.351347 0.016181 -0.252979 False
0.351747 0.018059 -0.258562 False
0.351347 0.016187 -0.259453 False
0.351262 0.015776 -0.260169 False
0.351216 0.015628 -0.260451 False
0.351200 0.015709 -0.260385 False
0.351205 0.015982 -0.260058 False
0.351222 0.016413 -0.259555 False
0.351241 0.016966 -0.258964 False
0.351254 0.017605 -0.258371 False
0.351248 0.018847 -0.259080 False
0.351189 0.018789 -0.257760 False
0.351175 0.017337 -0.250400 False
0.351172 0.017091 -0.248662 False
0.351170 0.017432 -0.252421 False
0.351181 0.018447 -0.257918 False
0.351237 0.017136 -0.259711 False
0.351245 0.017928 -0.259981 False
0.351249 0.017903 -0.259767 False
0.351246 0.017472 -0.258154 False
0.351246 0.015532 -0.251223 False
0.351233 0.016441 -0.258107 False
0.351181 0.017673 -0.259728 False
0.351178 0.017750 -0.259895 False
0.351176 0.016990 -0.259816 False
0.351185 0.017874 -0.259652 False
0.351228 0.017743 -0.258288 False
0.351199 0.016944 -0.251732 False
0.351240 0.017738 -0.258217 False
0.351258 0.017879 -0.259677 False
0.351259 0.017653 -0.259862 False
0.351200 0.016564 -0.259538 False
0.350806 0.017044 -0.259715 False
0.350191 0.018278 -0.259969 False
0.349367 0.020233 -0.260294 False
0.348342 0.022878 -0.260687 False
0.347127 0.026183 -0.261143 False
0.345733 0.030116 -0.261657 False
0.344169 0.034645 -0.262227 False
0.342446 0.039739 -0.262846 False
0.340572 0.045367 -0.263511 False
0.338560 0.051498 -0.264217 False
0.336418 0.058099 -0.264960 False
0.334156 0.065140 -0.265736 False
0.331786 0.072590 -0.266540 False
0.329316 0.080416 -0.267368 False
0.326757 0.088589 -0.268216 False
0.324120 0.097075 -0.269078 False
0.321413 0.105845 -0.269952 False
0.318648 0.114866 -0.270832 False
0.315834 0.124108 -0.271713 False
0.312981 0.133538 -0.272593 False
0.310100 0.143127 -0.273466 False
0.307200 0.152841 -0.274328 False
0.304292 0.162650 -0.275174 False
0.301385 0.172523 -0.276001 False
0.298491 0.182428 -0.276803 False
0.295618 0.192334 -0.277577 False
0.292777 0.202210 -0.278319 False
0.289979 0.212024 -0.279023 False
0.287232 0.221744 -0.279685 False
0.284548 0.231340 -0.280301 False
0.281936 0.240780 -0.280867 False
0.279406 0.250034 -0.281379 False
0.276969 0.259068 -0.281831 False
0.274634 0.267853 -0.282220 False
0.272412 0.276356 -0.282541 False
0.270312 0.284547 -0.282790 False
0.268346 0.292394 -0.282962 False
0.266522 0.299865 -0.283054 False
0.264851 0.306930 -0.283060 False
0.263344 0.313557 -0.282977 False
0.262009 0.319715 -0.282800 False
0.260858 0.325372 -0.282524 False
0.259900 0.330497 -0.282146 False
0.259145 0.335059 -0.281661 False
0.258604 0.339026 -0.281064 False
0.258286 0.342367 -0.280351 False
0.258202 0.345051 -0.279519 False
0.258362 0.347046 -0.278561 False
0.258775 0.348321 -0.277475 False
0.259453 0.348844 -0.276256 False
0.260404 0.348585 -0.274899 False
0.261639 0.347511 -0.273400 False
0.263169 0.345592 -0.271755 False
0.265003 0.342797 -0.269959 False
0.267151 0.339093 -0.268007 False
0.269623 0.334450 -0.265897 False
0.272430 0.328835 -0.263623 False
0.275582 0.322219 -0.261180 False
0.279088 0.314569 -0.258565 False
0.282958 0.305854 -0.255773 False
0.287204 0.296043 -0.252800 False
0.291835 0.285105 -0.249641 False
0.296860 0.273007 -0.246292 False
0.302291 0.259720 -0.242749 False
0.308136 0.245210 -0.239007 False
0.317340 0.222077 -0.233411 False
0.318773 0.217047 -0.231615 False
0.319404 0.216409 -0.231791 False
0.321377 0.214099 -0.231789 False
0.323454 0.212635 -0.232244 False
0.325576 0.211884 -0.233081 False
0.327683 0.211709 -0.234224 False
0.329714 0.211978 -0.235598 False
0.331610 0.212555 -0.237127 False
0.333312 0.213307 -0.238738 False
0.334758 0.214099 -0.240354 False
0.335890 0.214797 -0.241900 False
0.336647 0.215266 -0.243302 False
0.337034 0.215142 -0.244434 False
0.336846 0.214809 -0.245333 False
0.335943 0.214424 -0.245987 False
0.334184 0.214140 -0.246383 False
0.331429 0.214113 -0.246508 False
0.322656 0.215517 -0.245893 False
0.327189 0.214792 -0.246762 False
0.331979 0.214012 -0.246957 False
0.327014 0.214589 -0.244118 False
0.319870 0.215465 -0.240466 False
0.314457 0.216102 -0.237463 False
0.309043 0.216740 -0.234461 False
0.303630 0.217377 -0.231458 False
0.298216 0.218015 -0.228455 False
0.292802 0.218652 -0.225452 False
0.287389 0.219290 -0.222449 False
0.281975 0.219927 -0.219446 False
0.276562 0.220565 -0.216443 False
0.271148 0.221202 -0.213441 False
0.265735 0.221840 -0.210438 False
0.260321 0.222477 -0.207435 False
0.254908 0.223115 -0.204432 False
0.249494 0.223752 -0.201429 False
0.244080 0.224390 -0.198426 False
0.238667 0.225027 -0.195423 False
0.233253 0.225665 -0.192421 False
0.227840 0.226302 -0.189418 False
0.222426 0.226940 -0.186415 False
0.217013 0.227577 -0.183412 False
0.211599 0.228215 -0.180409 False
0.206186 0.228852 -0.177406 False
0.200772 0.229490 -0.174403 False
0.195358 0.230127 -0.171401 False
0.189945 0.230765 -0.168398 False
0.184531 0.231402 -0.165395 False
0.179118 0.232040 -0.162392 False
0.173704 0.232677 -0.159389 False
0.168291 0.233315 -0.156386 False
0.162877 0.233952 -0.153383 False
0.157464 0.234590 -0.150380 False
0.152050 0.235227 -0.147378 False
0.146636 0.235865 -0.144375 False
0.141223 0.236502 -0.141372 False
0.135809 0.237140 -0.138369 False
0.130396 0.237777 -0.135366 False
0.124982 0.238415 -0.132363 False
0.119569 0.239052 -0.129360 False
0.114155 0.239689 -0.126358 False
0.108742 0.240327 -0.123355 False
0.103328 0.240964 -0.120352 False
0.097915 0.241602 -0.117349 False
0.092501 0.242239 -0.114346 False
0.087087 0.242877 -0.111343 False
0.081674 0.243514 -0.108340 False
0.076260 0.244152 -0.105338 False
0.070847 0.244789 -0.102335 False
0.065433 0.245427 -0.099332 False
0.060020 0.246064 -0.096329 False
0.054606 0.246702 -0.093326 False
0.049193 0.247339 -0.090323 False
0.043779 0.247977 -0.087320 False
0.038365 0.248614 -0.084318 False
0.032952 0.249252 -0.081315 False
0.027538 0.249889 -0.078312 False
0.022125 0.250527 -0.075309 False
0.016711 0.251164 -0.072306 False
0.011298 0.251802 -0.069303 False
0.005884 0.252439 -0.066300 False
0.000471 0.253077 -0.063297 False
-0.004943 0.253714 -0.060295 False
-0.010357 0.254352 -0.057292 False
-0.015770 0.254989 -0.054289 False
-0.021184 0.255627 -0.051286 False
-0.026597 0.256264 -0.048283 False
-0.032011 0.256902 -0.045280 False
-0.037424 0.257539 -0.042277 False
-0.042838 0.258177 -0.039275 False
-0.048251 0.258814 -0.036272 False
-0.053665 0.259452 -0.033269 False
-0.059078 0.260089 -0.030266 False
-0.064492 0.260727 -0.027263 False
-0.069906 0.261364 -0.024260 False
-0.075319 0.262002 -0.021257 False
-0.080733 0.262639 -0.018255 False
-0.086146 0.263277 -0.015252 False
-0.091560 0.263914 -0.012249 False
-0.096973 0.264552 -0.009246 False
-0.102387 0.265189 -0.006243 False
-0.107800 0.265827 -0.003240 False
-0.113214 0.266464 -0.000237 False
-0.118628 0.267102 0.002765 False
