-0.036650 0.123200 -0.023446 False
-0.034613 0.121188 -0.024440 False
-0.032582 0.119195 -0.025431 False
-0.030544 0.117185 -0.026413 False
-0.028488 0.115124 -0.027380 False
-0.026403 0.112977 -0.028326 False
-0.024277 0.110710 -0.029245 False
-0.022098 0.108287 -0.030131 False
-0.019856 0.105674 -0.030978 False
-0.017539 0.102836 -0.031780 False
-0.015135 0.099737 -0.032532 False
-0.012633 0.096345 -0.033226 False
-0.010021 0.092623 -0.033857 False
-0.007288 0.088536 -0.034420 False
-0.004422 0.084051 -0.034908 False
-0.001412 0.079131 -0.035314 False
0.001754 0.073743 -0.035634 False
0.005086 0.067852 -0.035861 False
0.008598 0.061422 -0.035990 False
0.012299 0.054420 -0.036013 False
0.016202 0.046809 -0.035926 False
0.020318 0.038556 -0.035721 False
0.024658 0.029626 -0.035394 False
0.030872 0.017343 -0.034823 True
0.034577 0.009253 -0.033925 True
0.036787 0.004139 -0.033812 False
0.038086 0.000944 -0.033838 False
0.038669 -0.000688 -0.033893 False
0.038736 -0.001116 -0.033865 False
0.038484 -0.000699 -0.033644 False
0.038111 0.000206 -0.033117 False
0.037816 0.001241 -0.032173 True
0.037869 0.001437 -0.030862 True
0.038527 0.001837 -0.027350 True
0.039313 0.002336 -0.025716 True
0.040944 0.003136 -0.022943 False
0.043248 0.004177 -0.019880 False
0.046273 0.005483 -0.016620 False
0.050066 0.007074 -0.013255 False
0.054674 0.008974 -0.009878 False
0.060143 0.011203 -0.006581 False
0.066522 0.013783 -0.003457 False
0.073857 0.016737 -0.000598 False
0.082194 0.020086 0.001904 False
0.091582 0.023852 0.003956 False
0.102067 0.028057 0.005465 False
0.113696 0.032723 0.006339 False
0.126516 0.037872 0.006487 False
0.140575 0.043526 0.005814 False
0.155919 0.049706 0.004230 False
0.172595 0.056434 0.001641 False
0.190650 0.063733 -0.002045 False
0.210132 0.071624 -0.006920 False
0.231087 0.080129 -0.013078 False
0.246574 0.083654 -0.018444 False
0.263488 0.091301 -0.026852 False
0.294412 0.114302 -0.036588 False
0.391742 0.193661 -0.060342 False
0.494891 0.250898 -0.113233 False
0.605073 0.273583 -0.155252 False
0.657299 0.267798 -0.181068 False
0.685432 0.246956 -0.197396 False
0.699302 0.224874 -0.201938 False
0.704332 0.214279 -0.202686 False
0.706612 0.212657 -0.202352 False
0.710893 0.211242 -0.201255 False
0.713104 0.209720 -0.198720 False
0.716047 0.210340 -0.194209 False
0.722650 0.215491 -0.185360 False
0.712748 0.224838 -0.177287 False
0.664291 0.274030 -0.169968 False
0.610062 0.327063 -0.167456 False
0.564699 0.349619 -0.169650 False
0.502314 0.345367 -0.170985 False
0.439387 0.324536 -0.170899 False
0.377426 0.302854 -0.167354 False
0.347648 0.294975 -0.171917 False
0.324735 0.284701 -0.197221 False
0.304996 0.270822 -0.228802 False
0.301376 0.262114 -0.261435 False
0.318657 0.242959 -0.258637 False
0.324302 0.211426 -0.228712 False
0.310837 0.181152 -0.209163 False
0.270189 0.186248 -0.234552 False
0.263687 0.152433 -0.212341 False
0.303855 0.137932 -0.186241 False
0.305892 0.178131 -0.185752 False
0.317493 0.128255 -0.189199 False
0.319220 0.106151 -0.194210 False
0.318291 0.095174 -0.197525 False
0.317977 0.093064 -0.197269 False
0.326947 0.094014 -0.195583 False
0.371125 0.088545 -0.192508 False
0.448882 0.088145 -0.217220 False
0.527981 0.058802 -0.263930 False
0.560853 0.037256 -0.288237 False
0.567404 0.043179 -0.288232 True
0.550759 0.080889 -0.272607 False
0.504261 0.151721 -0.235564 False
0.459260 0.199358 -0.199021 False
0.411889 0.232874 -0.141847 False
0.370438 0.257681 -0.093813 False
0.336107 0.253524 -0.071746 False
0.298267 0.272284 -0.040423 False
0.286620 0.262063 -0.034352 False
0.257402 0.244733 -0.065063 False
0.245049 0.237351 -0.068045 False
0.238623 0.238767 -0.061584 False
0.235490 0.241319 -0.059501 False
0.233167 0.242649 -0.057607 False
0.232774 0.241072 -0.056319 False
0.231718 0.244100 -0.055295 False
0.231886 0.252881 -0.054765 False
0.243177 0.259490 -0.056281 False
0.275466 0.275432 -0.049089 False
0.240033 0.261573 -0.053936 False
0.229396 0.257279 -0.056305 False
0.233030 0.259127 -0.058382 False
0.233476 0.259732 -0.059538 False
0.231789 0.260356 -0.059782 False
0.228279 0.263034 -0.059900 False
0.222482 0.267228 -0.058105 False
0.221411 0.268119 -0.057479 False
0.219883 0.264904 -0.057628 False
0.222498 0.257616 -0.057514 False
0.220090 0.248089 -0.058979 False
0.221950 0.245439 -0.059466 False
0.234711 0.250631 -0.065362 False
0.276942 0.276965 -0.079580 False
0.262224 0.255076 -0.068711 False
0.248270 0.244199 -0.062866 False
0.257511 0.239737 -0.058648 False
0.301410 0.239636 -0.047919 False
0.313304 0.231982 -0.040690 False
0.313922 0.218930 -0.038148 False
0.310840 0.209718 -0.042858 False
0.308306 0.206873 -0.053029 False
0.310370 0.193706 -0.064338 False
0.317258 0.173531 -0.072644 False
0.318942 0.152048 -0.077971 False
0.321139 0.129586 -0.088437 False
0.328111 0.114860 -0.108302 False
0.330587 0.111776 -0.127511 False
0.329800 0.107726 -0.142968 False
0.325911 0.100773 -0.152156 False
0.327664 0.097918 -0.156095 False
0.331400 0.095854 -0.160175 False
0.343951 0.096905 -0.165535 False
0.355291 0.101329 -0.167921 False
0.377726 0.106374 -0.167625 False
0.410426 0.096095 -0.163962 False
0.428550 0.094297 -0.175895 False
0.406703 0.115498 -0.199896 False
0.357983 0.124224 -0.234176 False
0.320709 0.129990 -0.252402 False
0.300710 0.137470 -0.260110 False
0.296929 0.129370 -0.258320 False
0.303133 0.103115 -0.243570 False
0.311788 0.072103 -0.221467 False
0.314401 0.063129 -0.218093 False
0.311767 0.059917 -0.218065 False
0.309796 0.060635 -0.222335 True
0.308225 0.071448 -0.227706 False
0.294844 0.077375 -0.227799 False
0.287667 0.078754 -0.231030 False
0.276521 0.080985 -0.230742 False
0.268936 0.079943 -0.227848 False
0.264702 0.078768 -0.226370 False
0.262906 0.078156 -0.224444 False
0.264522 0.076807 -0.225425 False
0.266773 0.075885 -0.227047 False
0.267210 0.075872 -0.227373 False
0.266803 0.076444 -0.227027 False
0.264678 0.076267 -0.225117 False
0.262749 0.075619 -0.223832 False
0.264273 0.075103 -0.224214 False
0.272343 0.073295 -0.227432 False
0.303194 0.069511 -0.239005 True
0.299713 0.069491 -0.241059 False
0.292910 0.072074 -0.241295 False
0.293639 0.074164 -0.242602 False
0.301815 0.075963 -0.245021 True
0.314419 0.083647 -0.248876 True
0.323536 0.098739 -0.247881 True
0.320060 0.141189 -0.234534 False
0.297345 0.171970 -0.204120 False
0.268269 0.163720 -0.153983 False
0.261007 0.154161 -0.121192 False
0.262656 0.147262 -0.118571 False
0.269715 0.145010 -0.136774 False
0.277618 0.160373 -0.162996 False
0.315299 0.160664 -0.173764 False
0.390615 0.158049 -0.169638 False
0.457901 0.148017 -0.167815 False
0.546306 0.137712 -0.167842 False
0.617523 0.116910 -0.178830 False
0.659035 0.090777 -0.178957 False
0.676299 0.072625 -0.171123 False
0.684849 0.065484 -0.161115 False
0.687172 0.066046 -0.154305 False
0.676287 0.079703 -0.146655 False
0.652223 0.088249 -0.148315 False
0.583782 0.109269 -0.159974 False
0.441349 0.120681 -0.171070 False
0.335531 0.122989 -0.191242 False
0.291508 0.176584 -0.212024 False
0.298721 0.127862 -0.206368 False
0.308540 0.100895 -0.204392 False
0.332363 0.094055 -0.196455 False
0.415557 0.095207 -0.169883 False
0.530860 0.091768 -0.132724 False
0.619133 0.067423 -0.092155 False
0.652391 0.045181 -0.081221 True
0.657440 0.044039 -0.082998 True
0.650885 0.066469 -0.088800 True
0.614941 0.134681 -0.098067 False
0.552147 0.184969 -0.099286 False
0.455560 0.210690 -0.076945 False
0.386814 0.212002 -0.053107 False
0.349014 0.219182 -0.041608 False
0.326667 0.229938 -0.038782 False
0.308844 0.233352 -0.043724 False
0.290154 0.230205 -0.049788 False
0.281051 0.231419 -0.051873 False
0.285004 0.236482 -0.053252 False
0.311909 0.256578 -0.061195 False
0.364879 0.292314 -0.086304 False
0.378707 0.294414 -0.110394 False
0.357358 0.265273 -0.144475 False
0.353221 0.196116 -0.167744 False
0.347375 0.160011 -0.184512 False
0.331528 0.149031 -0.184347 False
0.325476 0.144611 -0.186190 False
0.332247 0.138984 -0.188715 False
0.328121 0.153556 -0.199360 False
0.344706 0.168712 -0.205800 False
0.348238 0.198513 -0.181279 False
0.335948 0.225990 -0.157185 False
0.309647 0.217252 -0.137189 False
0.284767 0.219773 -0.132743 False
0.261707 0.218787 -0.137404 False
0.254656 0.224477 -0.136745 False
0.266014 0.204588 -0.149088 False
0.280430 0.212487 -0.148390 False
0.295529 0.198730 -0.155770 False
0.304011 0.180749 -0.161046 False
0.306350 0.169361 -0.161738 False
0.300583 0.163866 -0.155498 False
0.290108 0.140401 -0.151437 False
0.286210 0.132718 -0.155298 False
0.287118 0.131299 -0.156677 False
0.290434 0.131532 -0.156979 False
0.296086 0.133235 -0.157927 False
0.304036 0.133397 -0.156617 False
0.313274 0.133501 -0.153797 False
0.321352 0.144574 -0.149691 False
0.328902 0.161326 -0.144331 False
0.337515 0.182347 -0.134700 False
0.340689 0.193485 -0.129090 False
0.337473 0.205298 -0.131885 False
0.326081 0.242481 -0.140729 False
0.322660 0.268432 -0.146833 False
0.311937 0.273068 -0.149670 False
0.302824 0.274298 -0.151823 False
0.293887 0.272729 -0.145472 False
0.281464 0.268367 -0.138176 False
0.274714 0.264577 -0.136230 False
0.272413 0.262043 -0.134899 False
0.272865 0.262339 -0.129007 False
0.274515 0.278146 -0.110131 False
0.263299 0.242878 -0.115367 False
0.274656 0.229839 -0.101658 False
0.280885 0.219413 -0.088597 False
0.288638 0.212788 -0.090292 False
0.308482 0.211794 -0.087795 False
0.322693 0.204640 -0.069560 False
0.326734 0.195479 -0.055308 False
0.334984 0.185712 -0.045123 False
0.351167 0.180662 -0.039130 False
0.371677 0.180780 -0.037482 False
0.431499 0.168641 -0.040966 False
0.534689 0.137652 -0.038519 False
0.615104 0.095578 -0.032262 False
0.656804 0.064242 -0.038641 False
0.672486 0.044728 -0.050788 False
0.677614 0.034934 -0.059382 True
0.675474 0.037353 -0.068981 True
0.679100 0.037355 -0.077976 True
0.687069 0.037003 -0.087086 True
0.690245 0.036080 -0.093344 True
0.689222 0.039227 -0.096044 True
0.685596 0.058918 -0.098803 True
0.657070 0.081420 -0.094467 False
0.583419 0.113278 -0.082262 False
0.394878 0.091088 -0.041697 False
0.294388 0.083012 -0.028759 False
0.209740 0.073199 -0.021390 False
0.140584 0.062313 -0.018361 False
0.086571 0.051017 -0.018443 False
0.047349 0.039974 -0.020410 False
0.022570 0.029847 -0.023032 False
0.020139 0.024790 -0.023526 False
0.025946 0.014057 -0.022740 True
0.026916 0.006320 -0.024534 True
0.014515 -0.005920 -0.021170 False
0.002395 -0.016631 -0.017174 False
-0.005556 -0.023369 -0.013613 False
-0.005448 -0.023688 -0.011558 False
0.006607 -0.015143 -0.012078 False
0.034500 0.004713 -0.016242 True
0.079893 0.041269 -0.018569 False
0.231757 0.097596 -0.027457 False
0.271295 0.166546 -0.079297 False
0.281609 0.236465 -0.157159 False
0.277748 0.249148 -0.217889 False
0.247416 0.227235 -0.245254 False
0.231477 0.195982 -0.249051 False
0.210565 0.139465 -0.247649 False
0.209252 0.127941 -0.241348 False
0.210571 0.135411 -0.230485 False
0.208633 0.148220 -0.213652 False
0.197966 0.141432 -0.200334 False
0.204060 0.152501 -0.192264 False
0.231522 0.174988 -0.182965 False
0.266486 0.159886 -0.161156 False
0.344747 0.245980 -0.111361 False
0.239476 0.199388 -0.173412 False
0.207076 0.183656 -0.193435 False
0.197853 0.202641 -0.209251 False
0.193644 0.181192 -0.200810 False
0.195745 0.200772 -0.200583 False
0.193852 0.197101 -0.204769 False
0.196934 0.152115 -0.181184 False
0.219498 0.143989 -0.140129 False
0.197099 0.161916 -0.176335 False
0.188784 0.169845 -0.186061 False
0.195572 0.245908 -0.181243 False
0.200360 0.276081 -0.180459 False
0.209431 0.288021 -0.188821 False
0.237095 0.274157 -0.219340 False
0.306913 0.170614 -0.279160 True
0.335603 0.086328 -0.291282 False
0.333046 0.062701 -0.295280 False
0.320283 0.052764 -0.299632 True
0.310220 0.042420 -0.299700 True
0.320035 0.040539 -0.290689 True
0.364760 0.084343 -0.266024 False
0.438715 0.149912 -0.214294 False
0.571917 0.197502 -0.199693 False
0.685923 0.201392 -0.189805 False
0.746512 0.193554 -0.203180 False
0.779999 0.192619 -0.215679 False
0.792933 0.191761 -0.218157 False
0.797441 0.195870 -0.211956 False
0.793330 0.210072 -0.195496 False
0.773920 0.243880 -0.178899 False
0.747843 0.301621 -0.180892 False
0.691068 0.343433 -0.157436 False
0.620448 0.363770 -0.120613 False
0.543214 0.344472 -0.091397 False
0.489053 0.311387 -0.074073 False
0.431670 0.276643 -0.053753 False
0.391732 0.266368 -0.037780 False
0.381982 0.261950 -0.028881 False
0.373185 0.258516 -0.032318 False
0.366061 0.256258 -0.037915 False
0.361467 0.255623 -0.041290 False
0.360529 0.257506 -0.039624 False
0.359957 0.260909 -0.032519 False
0.357907 0.262125 -0.026865 False
0.352902 0.262784 -0.027781 False
0.356292 0.256049 -0.030960 False
0.362211 0.253395 -0.036554 False
0.367143 0.249402 -0.038906 False
0.366272 0.246189 -0.038711 False
0.362410 0.242890 -0.037803 False
0.357310 0.242072 -0.038061 False
0.354555 0.246492 -0.041255 False
0.353248 0.252309 -0.051849 False
0.351058 0.257750 -0.070208 False
0.350521 0.260504 -0.087133 False
0.351290 0.262677 -0.107086 False
0.351305 0.263233 -0.126854 False
0.349071 0.263327 -0.141767 False
0.343193 0.265500 -0.155762 False
0.335275 0.267655 -0.160905 False
0.330035 0.270578 -0.163804 False
0.325016 0.274975 -0.166017 False
0.320137 0.278344 -0.167406 False
0.316578 0.282866 -0.169136 False
0.313740 0.287239 -0.170132 False
0.311179 0.291751 -0.170778 False
0.309706 0.295022 -0.171459 False
0.306938 0.297451 -0.171807 False
0.304526 0.299990 -0.172280 False
0.302898 0.302443 -0.172990 False
0.301614 0.303754 -0.173543 False
0.300340 0.304538 -0.173851 False
0.299688 0.305836 -0.174163 False
0.298608 0.306841 -0.174134 False
0.299258 0.309005 -0.174598 False
0.298215 0.308957 -0.174029 False
0.297954 0.309015 -0.173421 False
0.298517 0.309258 -0.173568 False
0.298109 0.309241 -0.173417 False
0.298463 0.309927 -0.173874 False
0.298747 0.309962 -0.173893 False
0.298665 0.309844 -0.174053 False
0.298452 0.309495 -0.174079 False
0.297237 0.309046 -0.173872 False
0.297989 0.309770 -0.174373 False
0.298987 0.310457 -0.174906 False
0.299203 0.310247 -0.175310 False
0.299318 0.310572 -0.175365 False
0.298745 0.310335 -0.175150 False
0.299276 0.310697 -0.175294 False
0.298928 0.311603 -0.175149 False
0.298526 0.311872 -0.175245 False
0.298806 0.311809 -0.175392 False
0.298297 0.311525 -0.175258 False
0.298051 0.311506 -0.175029 False
0.297782 0.311165 -0.174784 False
0.297886 0.310992 -0.174906 False
0.297807 0.311428 -0.175106 False
0.298013 0.310566 -0.175529 False
0.299101 0.309163 -0.175643 False
0.301534 0.308348 -0.175983 False
0.304261 0.308031 -0.175429 False
0.314456 0.305098 -0.172688 False
0.327554 0.305655 -0.166108 False
0.341410 0.306802 -0.152236 False
0.349454 0.304174 -0.135834 False
0.351488 0.297017 -0.116715 False
0.347956 0.283759 -0.100116 False
0.335172 0.278273 -0.097174 False
0.294382 0.286694 -0.112093 False
0.330306 0.273553 -0.084441 False
0.328444 0.274266 -0.080101 False
0.278896 0.290907 -0.103632 False
0.264335 0.298402 -0.108986 False
0.258968 0.299998 -0.109228 False
0.254685 0.296826 -0.105810 False
0.269142 0.290988 -0.095545 False
0.325961 0.273613 -0.064053 False
0.341094 0.267475 -0.053777 False
0.343341 0.262698 -0.049919 False
0.341340 0.260681 -0.047947 False
0.342056 0.260503 -0.044309 False
0.343116 0.262357 -0.041225 False
0.344501 0.265545 -0.039559 False
0.342759 0.271750 -0.038483 False
0.341580 0.270456 -0.038720 False
0.343933 0.264656 -0.038996 False
0.345123 0.260592 -0.039479 False
0.345754 0.259071 -0.039553 False
0.346733 0.257187 -0.039143 False
0.347374 0.258054 -0.039717 False
0.348896 0.259821 -0.038840 False
0.348971 0.262668 -0.039105 False
0.350601 0.261547 -0.039225 False
0.350851 0.258348 -0.038994 False
0.352748 0.255043 -0.038430 False
0.354530 0.253870 -0.037626 False
0.356454 0.255156 -0.037614 False
0.356332 0.256614 -0.039542 False
0.356347 0.257057 -0.041023 False
0.357625 0.258176 -0.043899 False
0.358805 0.261918 -0.048997 False
0.359310 0.264577 -0.054024 False
0.357882 0.263924 -0.062719 False
0.354320 0.266582 -0.068360 False
0.341139 0.271577 -0.081841 False
0.294602 0.281525 -0.116646 False
0.298261 0.278601 -0.119304 False
0.360453 0.266635 -0.094778 False
0.377974 0.262252 -0.091139 False
0.371879 0.261308 -0.095751 False
0.336442 0.266797 -0.111372 False
0.380090 0.257606 -0.095418 False
0.397541 0.253999 -0.087526 False
0.403739 0.248488 -0.082030 False
0.403190 0.245095 -0.078929 False
0.394696 0.248063 -0.078952 False
0.375695 0.256385 -0.083696 False
0.345762 0.263131 -0.094568 False
0.282332 0.278308 -0.118229 False
0.253305 0.277481 -0.129190 False
0.265028 0.272914 -0.129294 False
0.270839 0.270797 -0.129651 False
0.273105 0.271560 -0.132434 False
0.269527 0.276118 -0.136945 False
0.269591 0.281335 -0.141321 False
0.281753 0.275373 -0.134744 False
0.323820 0.259418 -0.104702 False
0.294511 0.274386 -0.117866 False
0.333986 0.264743 -0.099637 False
0.329643 0.293026 -0.115633 False
0.430682 0.308834 -0.093950 False
0.483616 0.353612 -0.117659 False
0.543485 0.363622 -0.144076 False
0.617846 0.356771 -0.161577 False
0.691200 0.335673 -0.174406 False
0.740914 0.291466 -0.174702 False
0.767350 0.259950 -0.180415 False
0.775999 0.237673 -0.189780 False
0.773959 0.224316 -0.195716 False
0.772142 0.217102 -0.199172 False
0.773158 0.218901 -0.204620 False
0.778300 0.227946 -0.225829 False
0.777313 0.231682 -0.230066 False
0.758309 0.237905 -0.217760 False
0.682554 0.251439 -0.173764 False
0.586020 0.233941 -0.194673 False
0.466484 0.170338 -0.236179 False
0.353924 0.087924 -0.283313 False
0.319805 0.058399 -0.295596 True
0.311424 0.062492 -0.278917 True
0.297321 0.162600 -0.232348 False
0.328895 0.200315 -0.158864 False
0.270391 0.225014 -0.182808 False
0.259265 0.220392 -0.184652 False
0.296456 0.177490 -0.148265 False
0.442791 0.239303 -0.064448 False
0.574582 0.110786 -0.102485 True
0.420927 0.210904 -0.121913 False
0.258567 0.227569 -0.173424 False
0.212252 0.227850 -0.187938 False
0.206204 0.231209 -0.191367 False
0.213401 0.244230 -0.193815 False
0.218253 0.251031 -0.198054 False
0.227308 0.259475 -0.196816 False
0.231835 0.261968 -0.203362 False
0.228543 0.257544 -0.208626 False
0.235656 0.247552 -0.223512 False
0.240463 0.262513 -0.206583 False
0.244066 0.262894 -0.204101 False
0.235129 0.252281 -0.203002 False
0.224394 0.224037 -0.194923 False
0.220081 0.204054 -0.187865 False
0.241396 0.225438 -0.168144 False
0.309835 0.269403 -0.097827 False
0.384835 0.284591 -0.034536 False
0.374862 0.281102 -0.041298 False
0.291396 0.267338 -0.128072 False
0.231083 0.232214 -0.216329 False
0.245694 0.221543 -0.219246 False
0.210719 0.220209 -0.253201 False
0.201266 0.218403 -0.261581 False
0.199132 0.216833 -0.262104 False
0.195140 0.214145 -0.259896 False
0.197797 0.222790 -0.257366 False
0.190414 0.200899 -0.253073 False
0.207574 0.117003 -0.231892 False
0.186760 0.194650 -0.241086 False
0.219532 0.263605 -0.200455 False
0.250747 0.243320 -0.142426 False
0.278644 0.187638 -0.093790 False
0.296531 0.143639 -0.061879 False
0.297326 0.109528 -0.041396 False
0.287997 0.098027 -0.028868 False
0.277526 0.091035 -0.016699 False
0.272878 0.087138 -0.012902 False
0.271005 0.086789 -0.013336 False
0.269889 0.083665 -0.014103 False
0.269881 0.083324 -0.015087 False
0.269843 0.082713 -0.016911 False
0.270358 0.082661 -0.021247 False
0.266899 0.084126 -0.022211 False
0.265296 0.084892 -0.024182 False
0.264791 0.085061 -0.025402 False
0.265722 0.083982 -0.025526 False
0.265365 0.081696 -0.024239 False
0.261543 0.080633 -0.022923 False
0.255663 0.080938 -0.022899 False
0.252173 0.081375 -0.022479 False
0.248559 0.078089 -0.021601 False
0.246138 0.073996 -0.020732 False
0.248014 0.072366 -0.022638 False
0.243649 0.074904 -0.035665 False
0.200835 0.083753 -0.060628 False
0.210587 0.088466 -0.070772 False
0.249238 0.094086 -0.080236 False
0.318981 0.095712 -0.094363 False
0.342697 0.099536 -0.118954 False
0.352434 0.106398 -0.162102 False
0.377236 0.115355 -0.231799 True
0.427889 0.118738 -0.316323 False
0.440631 0.104867 -0.373304 False
0.432533 0.090424 -0.410125 False
0.428566 0.076133 -0.427402 False
0.427042 0.066128 -0.434149 False
0.427964 0.059126 -0.437275 False
0.428752 0.054077 -0.439460 False
0.429181 0.051257 -0.441214 False
0.428918 0.050459 -0.440767 False
0.428745 0.049284 -0.440977 False
0.428771 0.048285 -0.441305 False
0.429052 0.047830 -0.441740 False
0.429257 0.048301 -0.442271 False
0.428829 0.051332 -0.441971 False
0.424750 0.063967 -0.434470 False
0.407856 0.098756 -0.401196 False
0.388748 0.118171 -0.332240 True
0.361312 0.104915 -0.252695 False
0.355438 0.092179 -0.223764 False
0.378444 0.108285 -0.263420 True
0.409312 0.151430 -0.343594 False
0.406935 0.168810 -0.356921 False
0.290579 0.120661 -0.174629 False
0.255048 0.108093 -0.121171 False
0.243143 0.103928 -0.107071 False
0.239887 0.102676 -0.103941 False
0.238717 0.099657 -0.105224 False
0.240971 0.099036 -0.110471 False
0.244513 0.101537 -0.115637 False
0.248702 0.104735 -0.121143 False
0.261945 0.114327 -0.137273 False
0.303418 0.149687 -0.193014 True
0.418627 0.264934 -0.367565 False
0.423105 0.302568 -0.355123 False
0.390775 0.292645 -0.295324 False
0.361046 0.270306 -0.246954 False
0.342695 0.234261 -0.226107 False
0.343387 0.214334 -0.219065 False
0.348864 0.182931 -0.206088 False
0.342372 0.178095 -0.201104 False
0.342103 0.187679 -0.194994 False
0.367548 0.215168 -0.183943 False
0.391099 0.243048 -0.158998 False
0.344761 0.208581 -0.191840 False
0.346277 0.224776 -0.171247 False
0.362635 0.269939 -0.129872 False
0.336312 0.202857 -0.184444 False
0.327995 0.198784 -0.195739 False
0.325141 0.181951 -0.195535 False
0.336122 0.206419 -0.187781 False
0.335394 0.231429 -0.191048 False
0.334550 0.254847 -0.197514 False
0.343640 0.266398 -0.209508 False
0.366856 0.251827 -0.226091 False
0.401454 0.190515 -0.235414 False
0.408724 0.123281 -0.231524 False
0.399877 0.073141 -0.231145 False
0.394575 0.049416 -0.244690 False
0.392567 0.035440 -0.255375 True
0.395369 0.025014 -0.257774 True
0.405540 0.033025 -0.256010 True
0.435203 0.064780 -0.229862 False
0.489090 0.087031 -0.177621 False
0.546502 0.086928 -0.115231 False
0.582366 0.069373 -0.062845 False
0.594744 0.048371 -0.046849 True
0.600494 0.038088 -0.044193 True
0.602195 0.039628 -0.045321 True
0.599713 0.046810 -0.049828 True
0.597566 0.066136 -0.060065 False
0.585706 0.097392 -0.084700 False
0.569526 0.135563 -0.102612 False
0.538131 0.170864 -0.131040 False
0.510031 0.204323 -0.163124 False
0.496168 0.236993 -0.193302 False
0.491106 0.267667 -0.220530 False
0.488178 0.291473 -0.246126 False
0.485413 0.308120 -0.271044 False
0.482897 0.320103 -0.298660 False
0.475408 0.320447 -0.327075 False
0.466509 0.310911 -0.356116 False
0.451326 0.292963 -0.389891 False
0.438225 0.276101 -0.415785 False
0.433945 0.258040 -0.440558 False
0.430999 0.237790 -0.463819 False
0.429259 0.224344 -0.481220 False
0.429946 0.212351 -0.491747 False
0.431925 0.202247 -0.498084 False
0.434678 0.193832 -0.501091 False
0.437687 0.186904 -0.501625 False
0.440435 0.181265 -0.500546 False
0.442402 0.176712 -0.498710 False
0.439976 0.174107 -0.499154 False
0.439340 0.168452 -0.497771 False
0.440193 0.163827 -0.495715 False
0.448596 0.164816 -0.491904 False
0.453905 0.165467 -0.489136 False
0.456372 0.165825 -0.486764 False
0.454276 0.164583 -0.487178 False
0.451352 0.161144 -0.487453 False
0.454875 0.163367 -0.486065 False
0.457150 0.164207 -0.484891 False
0.457076 0.163649 -0.484262 False
0.458123 0.165799 -0.483351 False
0.455998 0.162254 -0.483016 False
0.461573 0.163271 -0.480578 False
0.461795 0.162626 -0.479798 False
0.467210 0.161635 -0.477683 False
0.465528 0.159421 -0.477581 False
0.465224 0.156284 -0.476515 False
0.468880 0.157202 -0.475193 False
0.467754 0.154361 -0.473980 False
0.473152 0.153965 -0.469919 False
0.473854 0.153172 -0.466943 False
0.471334 0.150476 -0.466064 False
0.476412 0.149014 -0.464353 False
0.480996 0.142546 -0.462921 False
0.485991 0.139248 -0.459936 False
0.484423 0.131350 -0.455482 False
0.480743 0.122038 -0.449272 False
0.479964 0.116295 -0.443967 False
0.479167 0.110637 -0.440325 False
0.477391 0.109756 -0.437637 False
0.474042 0.108205 -0.432589 False
0.467520 0.122377 -0.420315 False
0.453468 0.147093 -0.394049 False
0.441047 0.174620 -0.347562 False
0.449304 0.188906 -0.278084 False
0.487522 0.172256 -0.212932 False
0.538761 0.134312 -0.161433 False
0.597343 0.087755 -0.139497 False
0.621367 0.074782 -0.112821 False
0.640729 0.061621 -0.112810 False
0.648111 0.053622 -0.119014 False
0.649981 0.053197 -0.120765 False
0.643726 0.058331 -0.115813 False
0.640854 0.063510 -0.115553 False
0.628380 0.074724 -0.122336 False
0.583262 0.095700 -0.140704 False
0.511272 0.096285 -0.174064 False
0.441900 0.066313 -0.217568 False
0.403121 0.041081 -0.252679 True
0.392432 0.048042 -0.255092 True
0.376152 0.110073 -0.240171 False
0.355317 0.169593 -0.215501 False
0.339361 0.210202 -0.191491 False
0.338896 0.223925 -0.181898 False
0.335305 0.222830 -0.170673 False
0.337695 0.209298 -0.163329 False
0.353620 0.195398 -0.159370 False
0.414591 0.168574 -0.145755 False
0.606060 0.080094 -0.102976 True
0.434186 0.188640 -0.151717 False
0.391714 0.222733 -0.174157 False
0.376694 0.216810 -0.189407 False
0.370618 0.202200 -0.197792 False
0.383002 0.201389 -0.211200 False
0.388969 0.184355 -0.205057 False
0.370212 0.182652 -0.191891 False
0.349525 0.151867 -0.174075 False
0.357911 0.149187 -0.164638 False
0.358436 0.140316 -0.156772 False
0.352266 0.128816 -0.152208 False
0.342298 0.118730 -0.154662 False
0.319623 0.103577 -0.168878 False
0.305798 0.111845 -0.182418 False
0.308798 0.130691 -0.197332 False
0.351413 0.186001 -0.223255 False
0.415902 0.266134 -0.298209 False
0.460262 0.297664 -0.375325 False
0.485401 0.284640 -0.429052 False
0.463228 0.234437 -0.406383 False
0.312815 0.125584 -0.182539 False
0.266651 0.095487 -0.112769 False
0.255794 0.086814 -0.095599 False
0.254983 0.086997 -0.096797 False
0.258165 0.088925 -0.102057 False
0.261803 0.091155 -0.106574 False
0.262693 0.091655 -0.109045 False
0.261003 0.091486 -0.109375 False
0.260444 0.090411 -0.109325 False
0.260433 0.090124 -0.109428 False
0.261457 0.090903 -0.108973 False
0.261434 0.092320 -0.105761 False
0.260769 0.093749 -0.104520 False
0.266850 0.095806 -0.117808 False
0.300095 0.097954 -0.185409 False
0.420684 0.097987 -0.420824 False
0.453174 0.095789 -0.488208 False
0.458630 0.093696 -0.502309 False
0.456561 0.102109 -0.499675 False
0.449497 0.118981 -0.487782 False
0.436960 0.134951 -0.462498 False
0.417194 0.146043 -0.405270 False
0.396578 0.121960 -0.334664 False
0.385846 0.080645 -0.281623 False
0.383091 0.055733 -0.257482 False
0.386426 0.044078 -0.251783 True
0.396119 0.040155 -0.255570 True
0.401689 0.053800 -0.264382 False
0.377803 0.108057 -0.277281 False
0.307743 0.187591 -0.267661 False
0.249717 0.245618 -0.232760 False
0.321940 0.285317 -0.136655 False
0.265353 0.253254 -0.203935 False
0.208670 0.234863 -0.251005 False
0.180983 0.219318 -0.255808 False
0.201557 0.237384 -0.219290 False
0.291967 0.297016 -0.120141 False
0.225988 0.251168 -0.180917 False
0.290234 0.296488 -0.112000 False
0.215589 0.254612 -0.190479 False
0.275820 0.306550 -0.116432 False
0.175154 0.272568 -0.199878 False
0.153487 0.249089 -0.211771 False
0.160084 0.187245 -0.190753 False
0.150045 0.219530 -0.232857 False
0.174859 0.252397 -0.228837 False
0.230231 0.259507 -0.213331 False
0.174887 0.231475 -0.232334 False
0.204373 0.261915 -0.213010 False
0.171220 0.289124 -0.233014 False
0.186352 0.305686 -0.229649 False
0.220627 0.270040 -0.212863 False
0.258569 0.164935 -0.181029 False
0.278658 0.084182 -0.150984 False
0.287245 0.050074 -0.137164 False
0.296768 0.035701 -0.138188 True
0.308246 0.039446 -0.147587 True
0.334007 0.056361 -0.176325 False
0.379794 0.052596 -0.219478 True
0.393911 0.043033 -0.239550 True
0.394300 0.040502 -0.241851 True
0.395642 0.044127 -0.242055 True
0.392403 0.058933 -0.243475 True
0.372404 0.103328 -0.252422 False
0.329494 0.157424 -0.264699 False
0.289356 0.212035 -0.279679 False
0.250353 0.241561 -0.281707 False
0.234176 0.252423 -0.279461 False
0.232847 0.258194 -0.277524 False
0.237400 0.264909 -0.277432 False
0.238676 0.266895 -0.277161 False
0.239150 0.267535 -0.276749 False
0.240735 0.269583 -0.276961 False
0.243685 0.271956 -0.276843 False
0.244773 0.275593 -0.275477 False
0.247453 0.281337 -0.272623 False
0.250870 0.284885 -0.269749 False
0.255391 0.285248 -0.268353 False
0.257227 0.285702 -0.265806 False
0.259056 0.285712 -0.259759 False
0.266134 0.283495 -0.242364 False
0.279749 0.269851 -0.191856 False
0.270307 0.286002 -0.239002 False
0.265006 0.290801 -0.252169 False
0.263093 0.291130 -0.255379 False
0.263623 0.291334 -0.255038 False
0.264412 0.291742 -0.254058 False
0.262668 0.290872 -0.252507 False
0.261277 0.294574 -0.248978 False
0.259682 0.295436 -0.245511 False
0.261716 0.294552 -0.243970 False
0.263275 0.295019 -0.243127 False
0.260697 0.295495 -0.240770 False
0.262340 0.295464 -0.240302 False
0.263555 0.293473 -0.240077 False
0.264906 0.291075 -0.241156 False
0.265604 0.290992 -0.240857 False
0.265357 0.290039 -0.240318 False
0.263622 0.290296 -0.239168 False
0.263929 0.289651 -0.238536 False
0.263436 0.287461 -0.238171 False
0.263127 0.287079 -0.238922 False
0.263635 0.285951 -0.238637 False
0.263913 0.285349 -0.238518 False
0.264527 0.284966 -0.238650 False
0.266040 0.283180 -0.240818 False
0.263009 0.283534 -0.238897 False
0.263395 0.283230 -0.239452 False
0.265228 0.284106 -0.240535 False
0.265163 0.283945 -0.241010 False
0.266945 0.282796 -0.242749 False
0.268778 0.278145 -0.244809 False
0.274257 0.267761 -0.250328 False
0.279855 0.254272 -0.255845 False
0.291678 0.235816 -0.259521 False
0.309851 0.209854 -0.262404 False
0.333764 0.184377 -0.268926 False
0.365981 0.154889 -0.281619 False
0.395874 0.120179 -0.290374 False
0.423696 0.081409 -0.295000 False
0.439573 0.062081 -0.292754 False
0.445132 0.061880 -0.283368 False
0.426371 0.093545 -0.260443 False
0.357813 0.093195 -0.213742 False
0.309604 0.060350 -0.174976 False
0.295303 0.046540 -0.157101 True
0.286364 0.052251 -0.156497 False
0.276892 0.092330 -0.179395 False
0.256650 0.166016 -0.228151 False
0.224442 0.207832 -0.263314 False
0.212120 0.219144 -0.268497 False
0.252364 0.237579 -0.228032 False
0.377067 0.295819 -0.074603 False
0.360168 0.291858 -0.069969 False
0.264773 0.260649 -0.183759 False
0.327916 0.304308 -0.126804 False
0.212982 0.244348 -0.241628 False
0.186212 0.231688 -0.265947 False
0.222320 0.264244 -0.244980 False
0.322277 0.304189 -0.138231 False
0.315806 0.325584 -0.161080 False
0.351301 0.324601 -0.113742 False
0.245565 0.263823 -0.226561 False
0.249850 0.287043 -0.213580 False
0.198398 0.231401 -0.261008 False
0.175470 0.203526 -0.270451 False
0.172318 0.208276 -0.266001 False
0.175149 0.202804 -0.252752 False
0.219375 0.238457 -0.204273 False
0.209899 0.158603 -0.234163 False
0.213996 0.141807 -0.239130 False
0.247050 0.184269 -0.212270 False
0.261130 0.202158 -0.191118 False
0.196322 0.228113 -0.207043 False
0.127444 0.184748 -0.282601 False
0.110367 0.178988 -0.303410 False
0.118699 0.200194 -0.291613 False
0.165303 0.241759 -0.220603 False
0.125505 0.197485 -0.236229 False
0.217467 0.195463 -0.164437 False
0.269665 0.132014 -0.101426 False
0.306671 0.059567 -0.061683 False
0.315087 0.051477 -0.048229 False
0.312794 0.060721 -0.039984 False
0.309173 0.065285 -0.032450 False
0.304787 0.064157 -0.025327 False
0.301999 0.064297 -0.024328 False
0.301526 0.066172 -0.025448 False
0.301641 0.067787 -0.026005 False
0.302016 0.068028 -0.026443 False
0.299674 0.069018 -0.028180 False
0.296518 0.070592 -0.031134 False
0.295322 0.072998 -0.034125 False
0.296254 0.074235 -0.036821 False
0.299118 0.074894 -0.038989 False
0.302752 0.075383 -0.042396 False
0.309270 0.075289 -0.051669 False
0.319530 0.078172 -0.076096 False
0.344990 0.084795 -0.115456 False
0.389876 0.092672 -0.165542 False
0.432041 0.087164 -0.214180 False
0.455638 0.069512 -0.253339 False
0.462717 0.050971 -0.281118 False
0.462415 0.042147 -0.291535 True
0.458257 0.046899 -0.291397 True
0.455961 0.068791 -0.297186 False
0.452460 0.096463 -0.328754 False
0.447122 0.116692 -0.393615 False
0.442436 0.109988 -0.451974 False
0.440622 0.102739 -0.463025 False
0.438968 0.095797 -0.470264 False
0.440228 0.089188 -0.477409 False
0.441614 0.088344 -0.480489 False
0.447002 0.100182 -0.478035 False
0.458817 0.121055 -0.458982 False
0.454828 0.124099 -0.408160 False
0.437768 0.089029 -0.349898 False
0.425311 0.056283 -0.338468 False
0.423602 0.058347 -0.360362 False
0.426834 0.063967 -0.389272 False
0.430463 0.063376 -0.415300 False
0.431556 0.063115 -0.429369 False
0.432705 0.061399 -0.438015 False
0.430722 0.058455 -0.442558 False
0.429419 0.056411 -0.444157 False
0.429436 0.053868 -0.444178 False
0.428745 0.052495 -0.443482 False
0.429718 0.050957 -0.443259 False
0.430343 0.049975 -0.443388 False
0.430420 0.049535 -0.443891 False
0.430243 0.050277 -0.444431 False
0.428933 0.057332 -0.443683 False
0.423269 0.085878 -0.435890 False
0.404416 0.118532 -0.396772 False
0.386872 0.149821 -0.333747 False
0.422882 0.172673 -0.301740 False
0.476466 0.192301 -0.309534 False
0.537894 0.201338 -0.346250 False
0.590230 0.210777 -0.395698 False
0.621384 0.190084 -0.428155 False
0.627071 0.177179 -0.433721 False
0.623806 0.179682 -0.430796 False
0.614519 0.187877 -0.424130 False
0.594968 0.208290 -0.415263 False
0.558387 0.236155 -0.397960 False
0.509761 0.256774 -0.374131 False
0.452073 0.265670 -0.345519 False
0.393685 0.263438 -0.313837 False
0.359149 0.259169 -0.294099 False
0.352528 0.241168 -0.286759 False
0.354356 0.200437 -0.287770 False
0.367402 0.204215 -0.280980 False
0.415058 0.254116 -0.246690 False
0.418776 0.286889 -0.217772 False
0.418920 0.276947 -0.254948 False
0.393028 0.255039 -0.276949 False
0.405564 0.269100 -0.267158 False
0.381858 0.256846 -0.269431 False
0.401506 0.303870 -0.208641 False
0.395843 0.308796 -0.219473 False
0.378109 0.252727 -0.275833 False
0.368839 0.242658 -0.300608 False
0.366870 0.260559 -0.317939 False
0.370893 0.264696 -0.323007 False
0.386061 0.218584 -0.325101 False
0.408483 0.135028 -0.298217 False
0.400283 0.079812 -0.266048 True
0.394277 0.041191 -0.247830 True
0.399872 0.027746 -0.239704 True
0.418005 0.042228 -0.236961 False
0.468648 0.066746 -0.215030 False
0.550576 0.090449 -0.169270 False
0.617111 0.074110 -0.132392 False
0.639097 0.062903 -0.120277 True
0.646774 0.054554 -0.118268 True
0.653520 0.050057 -0.118285 True
0.653872 0.052373 -0.118553 True
0.642919 0.063545 -0.121091 True
0.608761 0.090235 -0.136908 False
0.532286 0.131674 -0.202882 False
0.486332 0.165502 -0.278357 False
0.465739 0.202715 -0.345073 False
0.468642 0.241410 -0.391606 False
0.469958 0.253200 -0.430018 False
0.470868 0.246936 -0.456622 False
0.471875 0.242002 -0.469658 False
0.470836 0.237689 -0.483299 False
0.444428 0.218874 -0.493016 False
0.334525 0.148300 -0.485640 False
0.304440 0.130322 -0.488150 False
0.298285 0.127271 -0.492002 False
0.295181 0.126782 -0.495475 False
0.286803 0.122854 -0.498170 False
0.280158 0.119675 -0.500540 False
0.275103 0.117187 -0.502593 False
0.271498 0.115331 -0.504342 False
0.269199 0.114047 -0.505797 False
0.268065 0.113277 -0.506968 False
0.267955 0.112962 -0.507866 False
0.268726 0.113042 -0.508501 False
0.270236 0.113459 -0.508884 False
0.272343 0.114153 -0.509026 False
0.274907 0.115065 -0.508937 False
0.277783 0.116136 -0.508629 False
0.280832 0.117308 -0.508110 False
0.283910 0.118521 -0.507392 False
0.286876 0.119716 -0.506486 False
0.289588 0.120835 -0.505402 False
0.291905 0.121817 -0.504151 False
0.293683 0.122604 -0.502743 False
0.294782 0.123138 -0.501189 False
0.295059 0.123358 -0.499500 False
0.294171 0.123324 -0.497029 False
0.290654 0.121710 -0.495700 False
0.287390 0.121075 -0.494144 False
0.289007 0.120300 -0.494229 False
0.291816 0.122880 -0.494354 False
0.291543 0.125342 -0.494478 False
0.289894 0.125290 -0.494720 False
0.290333 0.125688 -0.494875 False
0.295826 0.128032 -0.495979 False
0.298285 0.130157 -0.497163 False
0.295159 0.130786 -0.497786 False
0.292808 0.130442 -0.498322 False
0.293365 0.128570 -0.498332 False
0.294689 0.128793 -0.497311 False
0.294111 0.128748 -0.496390 False
0.293752 0.128244 -0.496098 False
0.293468 0.127508 -0.495785 False
0.292042 0.126407 -0.495162 False
0.290137 0.123129 -0.494973 False
0.287679 0.120781 -0.494516 False
0.285479 0.119587 -0.493528 False
0.284036 0.118146 -0.492879 False
0.282185 0.117907 -0.492351 False
0.281787 0.118901 -0.492193 False
0.288831 0.119897 -0.492298 False
0.324477 0.123387 -0.493093 False
0.452067 0.138774 -0.497768 False
0.491506 0.143436 -0.498425 False
0.497904 0.144179 -0.496211 False
0.498648 0.143001 -0.494805 False
0.496950 0.141705 -0.492820 False
0.496891 0.141916 -0.490632 False
0.490868 0.143483 -0.484675 False
0.479575 0.150072 -0.469786 False
0.466460 0.145858 -0.457570 False
0.460814 0.149503 -0.451803 False
0.452319 0.147160 -0.447652 False
0.443813 0.137995 -0.445479 False
0.437597 0.135103 -0.446011 False
0.433700 0.132692 -0.447026 False
0.430906 0.132889 -0.447401 False
0.439044 0.141024 -0.447767 False
0.458969 0.154879 -0.437138 False
0.470357 0.169429 -0.398710 False
0.487925 0.180345 -0.332900 False
0.522283 0.170439 -0.266620 False
0.580040 0.135167 -0.191980 False
0.626416 0.101896 -0.151342 False
0.651455 0.078494 -0.138237 False
0.655528 0.062921 -0.138769 False
0.656330 0.047919 -0.141776 False
0.650814 0.043037 -0.145313 False
0.644403 0.052394 -0.150538 False
0.600720 0.066869 -0.171203 False
0.474242 0.061813 -0.214579 False
0.423515 0.045349 -0.231289 True
0.401354 0.057503 -0.231010 True
0.381872 0.117930 -0.227257 False
0.355882 0.181893 -0.221824 False
0.341060 0.203399 -0.218703 False
0.333911 0.214593 -0.211490 False
0.330635 0.216425 -0.207973 False
0.328309 0.216047 -0.207338 False
0.330859 0.211430 -0.206672 False
0.335662 0.210394 -0.207256 False
0.339263 0.211952 -0.208092 False
0.345878 0.214405 -0.206111 False
0.355959 0.218939 -0.206283 False
0.349808 0.211471 -0.212554 False
0.348970 0.202175 -0.219165 False
0.352132 0.208001 -0.228133 False
0.369644 0.198207 -0.225793 False
0.365079 0.197698 -0.225263 False
0.342726 0.187884 -0.205651 False
0.338751 0.175366 -0.196584 False
0.325709 0.156918 -0.191396 False
0.319085 0.158807 -0.190591 False
0.313092 0.160748 -0.193249 False
0.313811 0.180087 -0.204401 False
0.330594 0.215745 -0.208983 False
0.349069 0.238025 -0.228713 False
0.387686 0.264367 -0.269696 False
0.443265 0.275574 -0.327181 False
0.498977 0.269794 -0.374528 False
0.553958 0.249828 -0.411372 False
0.587457 0.237543 -0.429839 False
0.606015 0.223012 -0.438052 False
0.618167 0.201157 -0.444143 False
0.623367 0.185453 -0.446632 False
0.629854 0.173132 -0.447938 False
0.639805 0.168304 -0.450025 False
0.646587 0.166330 -0.455295 False
0.639507 0.186368 -0.461561 False
0.581519 0.220162 -0.452218 False
0.473521 0.245826 -0.413824 False
0.352530 0.250385 -0.360142 False
0.275184 0.250951 -0.318856 False
0.232076 0.256790 -0.270970 False
0.282431 0.268879 -0.171756 False
0.183693 0.233560 -0.248816 False
0.196790 0.259337 -0.224973 False
0.166126 0.232117 -0.273598 False
0.170870 0.234898 -0.286418 False
0.177889 0.239904 -0.286826 False
0.204557 0.253872 -0.264089 False
0.295517 0.293995 -0.180219 False
0.200067 0.251721 -0.255841 False
0.156868 0.227942 -0.287863 False
0.157233 0.228592 -0.284661 False
0.151058 0.225986 -0.288261 False
0.153144 0.216883 -0.284933 False
0.160338 0.232771 -0.283027 False
0.169236 0.238737 -0.281737 False
0.175408 0.245624 -0.278085 False
0.184116 0.228207 -0.257664 False
0.172320 0.259163 -0.276782 False
0.169116 0.274315 -0.280118 False
0.199532 0.300015 -0.283120 False
0.244403 0.269493 -0.276776 False
0.304232 0.162413 -0.255043 False
0.341418 0.071519 -0.219520 True
0.360694 0.033650 -0.208516 True
0.369124 0.030722 -0.224459 True
0.384755 0.065539 -0.267266 False
0.414098 0.105952 -0.333671 False
0.435950 0.120946 -0.397291 False
0.447602 0.112108 -0.459038 False
0.453338 0.107011 -0.484572 False
0.453970 0.100294 -0.492262 False
0.454784 0.097866 -0.492401 False
0.455561 0.091618 -0.491251 False
0.455149 0.090398 -0.490567 False
0.453885 0.096677 -0.488024 False
0.450481 0.106541 -0.483235 False
0.440212 0.128989 -0.472602 False
0.417652 0.164348 -0.448814 False
0.381923 0.203725 -0.412467 False
0.346559 0.239764 -0.376677 False
0.323513 0.260804 -0.356285 False
0.304925 0.276086 -0.342202 False
0.295559 0.282771 -0.332520 False
0.291841 0.283966 -0.326348 False
0.287795 0.282649 -0.322952 False
0.265918 0.280257 -0.318511 False
0.292664 0.287007 -0.300277 False
0.306456 0.291620 -0.291020 False
0.312543 0.294005 -0.286651 False
0.314826 0.293836 -0.283873 False
0.315163 0.293369 -0.281755 False
0.314818 0.292126 -0.279552 False
0.314997 0.294245 -0.276954 False
0.315055 0.294489 -0.275326 False
0.315168 0.294134 -0.274601 False
0.315872 0.294483 -0.273308 False
0.315914 0.294439 -0.272074 False
0.317135 0.296548 -0.270153 False
0.316131 0.298213 -0.267922 False
0.315282 0.299702 -0.265456 False
0.312244 0.299265 -0.266048 False
0.311978 0.300868 -0.265197 False
0.315895 0.302453 -0.263015 False
0.316947 0.303340 -0.261306 False
0.317514 0.304038 -0.258992 False
0.317716 0.304299 -0.257509 False
0.318640 0.304454 -0.256705 False
0.318402 0.304407 -0.255107 False
0.318817 0.304878 -0.253063 False
0.319370 0.304132 -0.250982 False
0.320175 0.303599 -0.250151 False
0.322035 0.304289 -0.249146 False
0.323228 0.305808 -0.247693 False
0.325115 0.307627 -0.245659 False
0.326526 0.308620 -0.244407 False
0.327089 0.310216 -0.242069 False
0.327739 0.309177 -0.240666 False
0.328944 0.309019 -0.240007 False
0.329483 0.309404 -0.240000 False
0.331302 0.309947 -0.239846 False
0.332275 0.310584 -0.239725 False
0.332894 0.310977 -0.239910 False
0.332437 0.311390 -0.239798 False
0.329391 0.309001 -0.240023 False
0.318843 0.294283 -0.242648 False
0.282397 0.246595 -0.251107 False
0.318287 0.295160 -0.240571 False
0.331310 0.308865 -0.236833 False
0.334539 0.312197 -0.235692 False
0.335013 0.313045 -0.235142 False
0.335027 0.313046 -0.233572 False
0.332589 0.310990 -0.233203 False
0.326606 0.306800 -0.234616 False
0.304427 0.293629 -0.240411 False
0.313824 0.313168 -0.232337 False
0.284469 0.332088 -0.227807 False
0.324026 0.308089 -0.236680 False
0.345427 0.291037 -0.251010 False
0.365774 0.267235 -0.264872 False
0.384113 0.227198 -0.272690 False
0.404309 0.167787 -0.280135 False
0.422800 0.105399 -0.287120 False
0.431091 0.074949 -0.294028 False
0.439800 0.055329 -0.298261 False
0.448245 0.044596 -0.302497 False
0.457898 0.049718 -0.302019 False
0.443514 0.067422 -0.284496 False
0.409624 0.067921 -0.248778 False
0.380794 0.047421 -0.219921 False
0.375748 0.042828 -0.206898 True
0.364039 0.059566 -0.208130 True
0.345681 0.102884 -0.216084 False
0.324803 0.143976 -0.226623 False
0.292891 0.192011 -0.239313 False
0.292143 0.215467 -0.235553 False
0.341573 0.236757 -0.168513 False
0.399867 0.293151 -0.086092 False
0.313407 0.256347 -0.170606 False
0.250024 0.250247 -0.228819 False
0.198648 0.203881 -0.249854 False
0.184041 0.180836 -0.255331 False
0.189532 0.204753 -0.255246 False
0.210567 0.237358 -0.250797 False
0.254592 0.260547 -0.221514 False
0.259069 0.267182 -0.212571 False
0.336374 0.295977 -0.108405 False
0.276796 0.269783 -0.178449 False
0.332681 0.292469 -0.108513 False
0.250305 0.260419 -0.212862 False
0.245307 0.251285 -0.230926 False
0.240395 0.256247 -0.260266 False
0.224240 0.245612 -0.275032 False
0.235489 0.251116 -0.286272 False
0.271869 0.274901 -0.252689 False
0.229302 0.245487 -0.271236 False
0.221138 0.239886 -0.264437 False
0.237089 0.224531 -0.228207 False
0.320616 0.263448 -0.136839 False
0.352343 0.251087 -0.079666 False
0.263695 0.197585 -0.162164 False
0.338959 0.231565 -0.082179 False
0.290756 0.190851 -0.152667 False
0.214767 0.156214 -0.212426 False
0.183822 0.153460 -0.236820 False
0.158517 0.169311 -0.261571 False
0.188748 0.205701 -0.257645 False
0.195857 0.237079 -0.235706 False
0.244447 0.209423 -0.189859 False
0.291809 0.162668 -0.137206 False
0.321265 0.130457 -0.103135 False
0.341624 0.111045 -0.087170 False
0.346242 0.109580 -0.087153 False
0.341281 0.114221 -0.093292 False
0.333560 0.114591 -0.097790 False
0.329652 0.114336 -0.099019 False
0.330615 0.111399 -0.098572 False
0.333882 0.103916 -0.097866 False
0.335994 0.101219 -0.099269 False
0.339008 0.103437 -0.104389 False
0.340798 0.109982 -0.112527 False
0.345075 0.117712 -0.122785 False
0.356977 0.131763 -0.142106 False
0.376123 0.149095 -0.165223 False
0.387664 0.159708 -0.176451 False
0.385379 0.160428 -0.172598 False
0.374146 0.151390 -0.155068 False
0.352902 0.123090 -0.125947 False
0.337913 0.102857 -0.099504 False
0.323279 0.084804 -0.075076 False
0.313751 0.078466 -0.067702 False
0.308713 0.078530 -0.069880 False
0.308458 0.079710 -0.070800 False
0.309671 0.078621 -0.065381 False
0.310357 0.075479 -0.057339 False
0.309431 0.073210 -0.050727 False
0.307643 0.072691 -0.049757 False
0.306993 0.073667 -0.055679 False
0.308093 0.073650 -0.071623 False
0.321320 0.083086 -0.104293 False
0.373278 0.118509 -0.164702 False
0.469557 0.175451 -0.235820 False
0.559429 0.204074 -0.285852 False
0.635178 0.195801 -0.327570 False
0.670044 0.169369 -0.351351 False
0.679042 0.148196 -0.357510 False
0.676087 0.149781 -0.359344 False
0.658524 0.180096 -0.362725 False
0.626201 0.221949 -0.362494 False
0.564578 0.260034 -0.350578 False
0.498496 0.257580 -0.324136 False
0.443835 0.239771 -0.296550 False
0.405275 0.209781 -0.272646 False
0.401702 0.221377 -0.260375 False
0.387639 0.213037 -0.254612 False
0.386596 0.203904 -0.248110 False
0.387090 0.196545 -0.242273 False
0.383715 0.194814 -0.238866 False
0.382234 0.192466 -0.237523 False
0.381392 0.187667 -0.239945 False
0.385362 0.181560 -0.244675 False
0.379099 0.181065 -0.240209 False
0.372349 0.188281 -0.231926 False
0.366503 0.194330 -0.227040 False
0.369861 0.192039 -0.224714 False
0.370120 0.190896 -0.224419 False
0.367414 0.195896 -0.223229 False
0.369268 0.204202 -0.223378 False
0.378750 0.219980 -0.223467 False
0.381574 0.238709 -0.222472 False
0.379262 0.249741 -0.218868 False
0.372279 0.250560 -0.213783 False
0.369630 0.241702 -0.221104 False
0.373609 0.231726 -0.230358 False
0.373940 0.230451 -0.226537 False
0.371624 0.242679 -0.224256 False
0.367995 0.253174 -0.219197 False
0.362456 0.253808 -0.218133 False
0.360141 0.249310 -0.219368 False
0.358516 0.241431 -0.219084 False
0.354994 0.240234 -0.217772 False
0.350800 0.243184 -0.213936 False
0.343899 0.255420 -0.203758 False
0.355223 0.268158 -0.187812 False
0.347130 0.274739 -0.155303 False
0.344311 0.267737 -0.132641 False
0.333670 0.257159 -0.109571 False
0.318236 0.240824 -0.100865 False
0.300261 0.224347 -0.093903 False
0.323995 0.255481 -0.096659 False
0.332889 0.257667 -0.104828 False
0.332898 0.240571 -0.107471 False
0.326826 0.227319 -0.106156 False
0.325874 0.223660 -0.105687 False
0.327187 0.228290 -0.107719 False
0.333822 0.243014 -0.113195 False
0.336278 0.248128 -0.116314 False
0.340598 0.254862 -0.114862 False
0.343406 0.262075 -0.112075 False
0.345163 0.271353 -0.110860 False
0.347583 0.277299 -0.108243 False
0.354071 0.287080 -0.102073 False
0.360968 0.300300 -0.097227 False
0.365294 0.305590 -0.094886 False
0.364345 0.311168 -0.093581 False
0.357143 0.314142 -0.094373 False
0.348526 0.312425 -0.097053 False
0.343922 0.317309 -0.103800 False
0.348624 0.330727 -0.116264 False
0.361464 0.341897 -0.132173 False
0.377168 0.336881 -0.154128 False
0.396575 0.301314 -0.174330 False
0.407655 0.248927 -0.184080 False
0.403360 0.176204 -0.183569 False
0.388060 0.116149 -0.179315 False
0.384075 0.089830 -0.182261 False
0.385146 0.074272 -0.181407 False
0.383580 0.056238 -0.174324 False
0.383323 0.052509 -0.171683 False
0.385664 0.063358 -0.177000 False
0.399502 0.078322 -0.199299 False
0.420898 0.081930 -0.244047 False
0.437275 0.074339 -0.287267 False
0.430293 0.065155 -0.321829 True
0.423383 0.053148 -0.337385 False
0.420360 0.047497 -0.341714 False
0.421502 0.044568 -0.343091 False
0.423444 0.041293 -0.343492 True
0.423551 0.038511 -0.341895 True
0.422931 0.039989 -0.340516 True
0.422810 0.045733 -0.336190 False
0.421234 0.062590 -0.331958 False
0.420629 0.085444 -0.337013 False
0.419353 0.106857 -0.352684 False
0.417766 0.129215 -0.379468 False
0.415958 0.137972 -0.409079 False
0.408273 0.132453 -0.431371 False
0.368299 0.114195 -0.406682 False
0.229808 0.070207 -0.223295 False
0.191239 0.061343 -0.167001 False
0.179563 0.059563 -0.155190 False
0.186677 0.062601 -0.167333 False
0.233218 0.076128 -0.224362 False
0.395401 0.116645 -0.415271 False
0.434695 0.092364 -0.442313 False
0.434658 0.068540 -0.439063 False
0.434525 0.058205 -0.440530 False
0.433903 0.053192 -0.441684 False
0.432722 0.051824 -0.443447 False
0.431786 0.049812 -0.443900 False
0.431378 0.048869 -0.444132 False
0.432324 0.049083 -0.444829 False
0.433388 0.054474 -0.442982 False
0.432207 0.076075 -0.427513 False
0.411059 0.097351 -0.372781 False
0.382497 0.103043 -0.289455 False
0.375923 0.110484 -0.238614 False
0.383957 0.115303 -0.197858 False
0.417581 0.111588 -0.177612 False
0.497665 0.099983 -0.168637 False
0.586521 0.091578 -0.154768 False
0.638124 0.075131 -0.144185 False
0.654065 0.060454 -0.137814 True
0.662578 0.049761 -0.131569 True
0.661311 0.052694 -0.132348 True
0.649174 0.072833 -0.139070 False
0.615558 0.122744 -0.160663 False
0.558303 0.184511 -0.212792 False
0.497825 0.237767 -0.277014 False
0.471279 0.295288 -0.327448 False
0.463215 0.331794 -0.355639 False
0.468114 0.344843 -0.377279 False
0.475539 0.342247 -0.394972 False
0.473160 0.324245 -0.416623 False
0.464649 0.299734 -0.436052 False
0.452499 0.272823 -0.456420 False
0.444290 0.248121 -0.475343 False
0.438638 0.235498 -0.485411 False
0.432511 0.224276 -0.492558 False
0.428642 0.216935 -0.496308 False
0.431372 0.212488 -0.497302 False
0.436987 0.210370 -0.496995 False
0.438947 0.208301 -0.496297 False
0.438277 0.202393 -0.495835 False
0.445862 0.200335 -0.495787 False
0.453195 0.199593 -0.495456 False
0.454349 0.198798 -0.495107 False
0.450257 0.196564 -0.494485 False
0.447814 0.195974 -0.493335 False
0.448175 0.199414 -0.492177 False
0.450699 0.199219 -0.490707 False
0.455170 0.200471 -0.489818 False
0.458510 0.198372 -0.488255 False
0.462957 0.198574 -0.486615 False
0.466633 0.193163 -0.486102 False
0.464272 0.184198 -0.484512 False
0.459350 0.178468 -0.478216 False
0.454499 0.183064 -0.470366 False
0.447253 0.193489 -0.463154 False
0.446425 0.203742 -0.456896 False
0.444421 0.211335 -0.453860 False
0.444725 0.213401 -0.456235 False
0.441563 0.210611 -0.460935 False
0.441272 0.198148 -0.462516 False
0.442401 0.179395 -0.459813 False
0.442173 0.165406 -0.458269 False
0.442427 0.159153 -0.457667 False
0.442321 0.158308 -0.457865 False
0.440461 0.157759 -0.458407 False
0.439024 0.157121 -0.459158 False
0.439401 0.157299 -0.458988 False
0.437922 0.158217 -0.458602 False
0.440704 0.158087 -0.458388 False
0.440100 0.157854 -0.457637 False
0.436780 0.153944 -0.457379 False
0.430475 0.145766 -0.458797 False
0.424411 0.137475 -0.460594 False
0.422325 0.131791 -0.462903 False
0.423049 0.126093 -0.463928 False
0.424956 0.128647 -0.458754 False
0.426701 0.132136 -0.451275 False
0.434198 0.135479 -0.435874 False
0.459772 0.149480 -0.405027 False
0.521436 0.144302 -0.345669 False
0.594984 0.100598 -0.275853 False
0.634240 0.068514 -0.236598 False
0.658307 0.047832 -0.217488 False
0.663781 0.042982 -0.215687 True
0.655835 0.045282 -0.214100 False
0.633006 0.054750 -0.214288 False
0.566500 0.066569 -0.219931 False
0.422639 0.030459 -0.228995 True
0.382394 0.023525 -0.228540 True
0.386782 0.045520 -0.228105 True
0.395319 0.108962 -0.235805 False
0.386508 0.183952 -0.240047 False
0.353176 0.216278 -0.236156 False
0.323789 0.198920 -0.227076 False
0.310639 0.176417 -0.216974 False
0.308349 0.157709 -0.210875 False
0.313750 0.149369 -0.208084 False
0.321331 0.146794 -0.209922 False
0.326829 0.150671 -0.216400 False
0.313662 0.165040 -0.227406 False
0.300871 0.146903 -0.228291 False
0.292673 0.138059 -0.220732 False
0.284093 0.141644 -0.215713 False
0.280659 0.141871 -0.213501 False
0.284675 0.139476 -0.216386 False
0.286958 0.137851 -0.221500 False
0.288326 0.137838 -0.224523 False
0.288844 0.137090 -0.224861 False
0.291552 0.148782 -0.224558 False
0.289862 0.146165 -0.218694 False
0.290739 0.150006 -0.214341 False
0.310892 0.162744 -0.219625 False
0.368401 0.203557 -0.233498 False
0.450258 0.234590 -0.257974 False
0.539796 0.239587 -0.292419 False
0.617071 0.224666 -0.325536 False
0.672441 0.208834 -0.351996 False
0.698456 0.193320 -0.368438 False
0.713073 0.173630 -0.379778 False
0.724542 0.160113 -0.383975 False
0.730670 0.155687 -0.385557 False
0.732021 0.155700 -0.386697 False
0.724663 0.165725 -0.384407 False
0.699883 0.187249 -0.376597 False
0.631763 0.225494 -0.355662 False
0.541585 0.243082 -0.316853 False
0.417679 0.237626 -0.275432 False
0.313214 0.231390 -0.266005 False
0.197478 0.229969 -0.281040 False
0.143128 0.227042 -0.296893 False
0.115376 0.203486 -0.308400 False
0.119272 0.192211 -0.305325 False
0.132188 0.186542 -0.297093 False
0.155606 0.185814 -0.278773 False
0.188214 0.182130 -0.249428 False
0.222840 0.223695 -0.233817 False
0.230577 0.228374 -0.231380 False
0.248461 0.223869 -0.228834 False
0.354560 0.239405 -0.187823 False
0.290183 0.235105 -0.211876 False
0.364159 0.251744 -0.178362 False
0.256177 0.234190 -0.216652 False
0.223987 0.214790 -0.227363 False
0.226944 0.224509 -0.223689 False
0.259558 0.211985 -0.198594 False
0.383558 0.303505 -0.136149 False
0.290833 0.308871 -0.206582 False
0.288275 0.258240 -0.243180 False
0.320846 0.145848 -0.253284 False
0.353996 0.061944 -0.251048 False
0.381375 0.027052 -0.254443 True
0.387284 0.036857 -0.278384 True
0.401581 0.087693 -0.340932 False
0.423440 0.116901 -0.425671 False
0.393928 0.115541 -0.428663 False
0.254041 0.136026 -0.280054 False
0.221975 0.140273 -0.245634 False
0.252624 0.137199 -0.279176 False
0.389119 0.126560 -0.429873 False
0.421762 0.144680 -0.447367 False
0.413446 0.169602 -0.409200 False
0.399112 0.177923 -0.370794 False
0.381794 0.182919 -0.336898 False
0.376265 0.209250 -0.307829 False
0.361752 0.231948 -0.292640 False
0.328349 0.251203 -0.294193 False
0.336134 0.272093 -0.268024 False
0.326688 0.279097 -0.258823 False
0.298216 0.277966 -0.265166 False
0.321594 0.286572 -0.243634 False
0.329815 0.288389 -0.235550 False
0.325961 0.286554 -0.232152 False
0.312557 0.278334 -0.233415 False
0.314040 0.282805 -0.228835 False
0.302044 0.267677 -0.231583 False
0.315210 0.288276 -0.222154 False
0.315048 0.294722 -0.217240 False
0.298056 0.297386 -0.216453 False
0.270838 0.320841 -0.210305 False
0.283202 0.316721 -0.195139 False
0.311340 0.301746 -0.191934 False
0.312602 0.291101 -0.195951 False
0.292102 0.272958 -0.213958 False
0.315164 0.288052 -0.199803 False
0.310063 0.295814 -0.196791 False
0.278082 0.309758 -0.196880 False
0.317296 0.295642 -0.197203 False
0.336495 0.282735 -0.202273 False
0.355708 0.266195 -0.214690 False
0.373686 0.229393 -0.231110 False
0.389163 0.189152 -0.240970 False
0.398354 0.161363 -0.263028 False
0.409619 0.157011 -0.305962 False
0.418520 0.154879 -0.349683 False
0.428916 0.144442 -0.398853 False
0.439518 0.129424 -0.436007 False
0.440736 0.117876 -0.455546 False
0.438714 0.110565 -0.467488 False
0.441624 0.105126 -0.471317 False
0.449221 0.109071 -0.467673 False
0.435771 0.133249 -0.438801 False
0.412943 0.120929 -0.376995 True
0.394173 0.059576 -0.296845 False
0.380538 0.037715 -0.253369 True
0.353403 0.080722 -0.243513 False
0.322268 0.133724 -0.236627 False
0.312812 0.196117 -0.200716 False
0.406866 0.253832 -0.058626 False
0.445868 0.289257 -0.027339 False
0.382408 0.283980 -0.067471 False
0.252030 0.260599 -0.208009 False
0.205027 0.252097 -0.247368 False
0.195182 0.248399 -0.257266 False
0.208354 0.260620 -0.266063 False
0.218487 0.260838 -0.273824 False
0.225542 0.252439 -0.272775 False
0.258965 0.270924 -0.244488 False
0.362377 0.300363 -0.116211 False
0.368857 0.296022 -0.088806 False
0.289542 0.278586 -0.179548 False
0.333853 0.286470 -0.137198 False
0.244444 0.244638 -0.232172 False
0.220123 0.223815 -0.240763 False
0.233611 0.216243 -0.208386 False
0.317888 0.240839 -0.110240 False
0.229906 0.225059 -0.213478 False
0.223546 0.213280 -0.230571 False
0.250526 0.181124 -0.206827 False
0.210778 0.069527 -0.237125 True
0.182354 0.130418 -0.248805 False
0.198165 0.146997 -0.228677 False
0.199968 0.135458 -0.233340 False
0.198647 0.077841 -0.253725 True
0.194209 0.205364 -0.266689 False
0.218312 0.232348 -0.242739 False
0.263545 0.193662 -0.177707 False
0.294021 0.137633 -0.117443 False
0.321441 0.085907 -0.079352 False
0.331999 0.069462 -0.068393 False
0.335458 0.067646 -0.069162 False
0.336706 0.068639 -0.069596 False
0.329955 0.067395 -0.064885 False
0.315789 0.066172 -0.057086 False
0.304209 0.061232 -0.052826 False
0.295192 0.059707 -0.049213 False
0.293738 0.058871 -0.048433 False
0.296281 0.057625 -0.049085 False
0.298414 0.057080 -0.049548 False
0.299924 0.056820 -0.048752 False
0.301395 0.055216 -0.047286 False
0.299097 0.053651 -0.047235 False
0.293477 0.053775 -0.049335 False
0.291428 0.055743 -0.053072 False
0.292656 0.058197 -0.059089 False
0.296185 0.059738 -0.063607 False
0.300596 0.061440 -0.065996 False
0.305904 0.064867 -0.067875 False
0.309522 0.068934 -0.071302 False
0.315821 0.081725 -0.081539 False
0.333843 0.113172 -0.111026 False
0.372887 0.158124 -0.155799 False
0.429964 0.210751 -0.217191 False
0.507958 0.272715 -0.310518 False
0.592674 0.307810 -0.392944 True
0.628379 0.320977 -0.449931 False
0.591673 0.299321 -0.427357 False
0.416426 0.192405 -0.272882 False
0.542312 0.307091 -0.420788 False
0.510372 0.313060 -0.400630 False
0.326789 0.150113 -0.187166 False
0.271337 0.103983 -0.120620 False
0.257387 0.096161 -0.103240 False
0.251458 0.098503 -0.096248 False
0.247832 0.095701 -0.089520 False
0.249359 0.094403 -0.090852 False
0.263129 0.105010 -0.108502 False
0.325738 0.151430 -0.173867 False
0.538958 0.319482 -0.390803 False
0.584794 0.405007 -0.429926 False
0.557916 0.421774 -0.428969 False
0.504845 0.363857 -0.402968 False
0.451671 0.277088 -0.342815 False
0.414139 0.221098 -0.303315 False
0.394893 0.197387 -0.287912 False
0.383149 0.185629 -0.282837 False
0.380260 0.180394 -0.279893 False
0.380486 0.178774 -0.280452 False
0.381082 0.182249 -0.283964 False
0.392852 0.186807 -0.289119 False
0.418086 0.190768 -0.298938 False
0.453712 0.172321 -0.315690 False
0.469078 0.118423 -0.347186 False
0.457034 0.088417 -0.378361 False
0.442593 0.075994 -0.407046 False
0.434878 0.065067 -0.428542 False
0.433178 0.060211 -0.436718 False
0.433882 0.054995 -0.436786 False
0.434412 0.052171 -0.435425 False
0.434460 0.050126 -0.434623 False
0.434610 0.049490 -0.434571 False
0.434693 0.049315 -0.434755 False
0.434383 0.054647 -0.431449 False
0.432650 0.081018 -0.414019 False
0.431969 0.148275 -0.364786 False
0.423377 0.196685 -0.318963 False
0.394035 0.205267 -0.295415 False
0.381713 0.194520 -0.290448 False
0.379164 0.184176 -0.288983 False
0.380541 0.186040 -0.286850 False
0.378409 0.211794 -0.280333 False
0.372247 0.239233 -0.268293 False
0.380161 0.251471 -0.256458 False
0.381906 0.244135 -0.245916 False
0.395891 0.229496 -0.230228 False
0.420971 0.271276 -0.166911 False
0.393773 0.237525 -0.220650 False
0.377368 0.223500 -0.250380 False
0.381145 0.207735 -0.244361 False
0.387240 0.207850 -0.247403 False
0.390525 0.221143 -0.236543 False
0.418422 0.231167 -0.227988 False
0.398564 0.219052 -0.242082 False
0.388320 0.222283 -0.234050 False
0.384626 0.251680 -0.238084 False
0.392454 0.282445 -0.246983 False
0.410593 0.292072 -0.253211 False
0.441688 0.273734 -0.252503 False
0.469590 0.218018 -0.240417 False
0.471289 0.138716 -0.216170 False
0.460156 0.081783 -0.192532 False
0.452391 0.056451 -0.185061 True
0.461864 0.043835 -0.181774 False
0.500835 0.047521 -0.180373 False
0.559365 0.067580 -0.191754 False
0.618061 0.069045 -0.201133 False
0.645601 0.063801 -0.210851 True
0.653102 0.060535 -0.213706 True
0.651935 0.067529 -0.210588 False
0.649187 0.073625 -0.204417 False
0.641461 0.090985 -0.191924 False
0.626094 0.120839 -0.186971 False
0.597891 0.168875 -0.214389 False
0.552299 0.221855 -0.266411 False
0.525082 0.254439 -0.312804 False
0.502243 0.273549 -0.347945 False
0.484272 0.288531 -0.379627 False
0.492167 0.290815 -0.396945 False
0.489337 0.282519 -0.420634 False
0.479221 0.264289 -0.447056 False
0.469412 0.242260 -0.469057 False
0.462795 0.231874 -0.480469 False
0.453384 0.215245 -0.487937 False
0.426938 0.191396 -0.484467 False
0.334853 0.140258 -0.456729 False
0.308312 0.126364 -0.451630 False
0.303130 0.124997 -0.450046 False
0.300755 0.124436 -0.450915 False
0.299438 0.121200 -0.451890 False
0.298261 0.120411 -0.453377 False
0.299501 0.119486 -0.455378 False
0.302468 0.120513 -0.456466 False
0.304996 0.121401 -0.458398 False
0.304352 0.121551 -0.459436 False
0.302488 0.120661 -0.459796 False
0.301697 0.118602 -0.460586 False
0.302289 0.117404 -0.459913 False
0.302257 0.116844 -0.459275 False
0.301611 0.116071 -0.458717 False
0.300296 0.115940 -0.457735 False
0.297614 0.115989 -0.456332 False
0.294885 0.115981 -0.454920 False
0.302263 0.118123 -0.455886 False
0.334275 0.132684 -0.462548 False
0.447973 0.172992 -0.490373 False
0.483142 0.183773 -0.498213 False
0.493161 0.183007 -0.499220 False
0.497075 0.184344 -0.497887 False
0.502602 0.183880 -0.496536 False
0.502870 0.181452 -0.492651 False
0.500097 0.173694 -0.490372 False
0.498616 0.169080 -0.488470 False
0.497356 0.167243 -0.487790 False
0.497945 0.166419 -0.488037 False
0.498745 0.164106 -0.486939 False
0.496691 0.157723 -0.482752 False
0.486501 0.155321 -0.472929 False
0.477753 0.153620 -0.466407 False
0.475010 0.150192 -0.459620 False
0.474623 0.147414 -0.454241 False
0.474576 0.145107 -0.450693 False
0.472003 0.143905 -0.444528 False
0.471479 0.148968 -0.432383 False
0.477395 0.165598 -0.398990 False
0.506598 0.178867 -0.345472 False
0.567188 0.160489 -0.273141 False
0.623051 0.119680 -0.219932 False
0.662458 0.082690 -0.192717 False
0.678071 0.064810 -0.188605 False
0.679950 0.055976 -0.189586 False
0.674762 0.051988 -0.189740 False
0.666483 0.051864 -0.191010 True
0.631231 0.059702 -0.193253 False
0.518176 0.068733 -0.201186 False
0.461753 0.049385 -0.199103 True
0.444214 0.066236 -0.192591 True
0.421158 0.134193 -0.198894 False
0.387493 0.200374 -0.205438 False
0.363620 0.236312 -0.206996 False
0.362808 0.243769 -0.199205 False
0.344809 0.233285 -0.196162 False
0.332332 0.233145 -0.195043 False
0.335166 0.230621 -0.192960 False
0.331143 0.235602 -0.189114 False
0.327376 0.241536 -0.185767 False
0.327199 0.245217 -0.184396 False
0.330267 0.242413 -0.183030 False
0.344297 0.235143 -0.181590 False
0.341300 0.226511 -0.193475 False
0.343867 0.225379 -0.201832 False
0.364756 0.235103 -0.218352 False
0.356541 0.238110 -0.214866 False
0.369695 0.234565 -0.213292 False
0.335829 0.229055 -0.197759 False
0.336216 0.210371 -0.182303 False
0.337764 0.203234 -0.172182 False
0.353100 0.210887 -0.159688 False
0.399432 0.248753 -0.137859 False
0.402423 0.328647 -0.192489 False
0.453960 0.405877 -0.254746 False
0.521546 0.447372 -0.343139 False
0.590083 0.425984 -0.430387 False
0.604860 0.362167 -0.452911 False
0.561088 0.283562 -0.409669 False
0.329061 0.161661 -0.181479 False
0.259548 0.132136 -0.113024 False
0.246999 0.126585 -0.100756 False
0.251374 0.123969 -0.104196 False
0.256344 0.122842 -0.110457 False
0.256709 0.125069 -0.119565 False
0.249531 0.138836 -0.142466 False
0.245576 0.180764 -0.201092 False
0.358553 0.313487 -0.339662 False
0.326767 0.303734 -0.311325 False
0.347129 0.249142 -0.246406 False
0.222428 0.225356 -0.265999 False
0.184748 0.191947 -0.265690 False
0.203945 0.168965 -0.230936 False
0.203726 0.216021 -0.260777 False
0.207360 0.231420 -0.276574 False
0.217875 0.243161 -0.273793 False
0.228044 0.280247 -0.239398 False
0.191599 0.236597 -0.263977 False
0.222690 0.245408 -0.234687 False
0.323660 0.316508 -0.152519 False
0.229484 0.244146 -0.224863 False
0.204509 0.210486 -0.234462 False
0.174796 0.218769 -0.255576 False
0.170069 0.233350 -0.261555 False
0.182093 0.268793 -0.267970 False
0.201682 0.293690 -0.273676 False
0.231715 0.296467 -0.276505 False
0.268038 0.256956 -0.263900 False
0.308603 0.185777 -0.240948 False
0.337331 0.120728 -0.213670 False
0.357034 0.068527 -0.185784 False
0.369893 0.038678 -0.173037 True
0.382251 0.032428 -0.179906 True
0.392182 0.053145 -0.223171 False
0.422590 0.101765 -0.292486 False
0.428689 0.134127 -0.379182 False
0.389955 0.134237 -0.421788 False
0.216955 0.146333 -0.310250 False
0.165528 0.146863 -0.274182 False
0.155638 0.146238 -0.265757 False
0.167280 0.144907 -0.273367 False
0.219566 0.139867 -0.312306 False
0.396564 0.124571 -0.445559 False
0.437594 0.132235 -0.465076 False
0.428422 0.144674 -0.443263 False
0.401516 0.160349 -0.407296 False
0.374519 0.178547 -0.373844 False
0.337392 0.197194 -0.358638 False
0.331332 0.206646 -0.328250 False
0.328439 0.225929 -0.284501 False
0.314990 0.241731 -0.267669 False
0.304732 0.250941 -0.261047 False
0.297455 0.256231 -0.257833 False
0.286012 0.259439 -0.258490 False
0.255077 0.259552 -0.268416 False
0.262745 0.256193 -0.257846 False
0.281258 0.262605 -0.247735 False
0.271580 0.260625 -0.246519 False
0.289109 0.270136 -0.229267 False
0.294253 0.273167 -0.221363 False
0.295422 0.272717 -0.218082 False
0.295542 0.272188 -0.215002 False
0.295977 0.271297 -0.212708 False
0.296784 0.271935 -0.210213 False
0.297068 0.270785 -0.209067 False
0.297930 0.270919 -0.208056 False
0.298139 0.271229 -0.206873 False
0.298751 0.270814 -0.205740 False
0.298546 0.268806 -0.205269 False
0.297528 0.268168 -0.204373 False
0.298216 0.267623 -0.204693 False
0.298196 0.266376 -0.205117 False
0.299230 0.264491 -0.205767 False
0.299790 0.263700 -0.205035 False
0.300041 0.261839 -0.204672 False
0.299371 0.258598 -0.205317 False
0.300906 0.256329 -0.206395 False
0.306254 0.249453 -0.209377 False
0.322771 0.234639 -0.220164 False
0.345641 0.197721 -0.236263 False
0.366785 0.171025 -0.264215 False
0.397083 0.166389 -0.301757 False
0.421358 0.159520 -0.348469 False
0.436400 0.141638 -0.391115 False
0.438575 0.123789 -0.421746 False
0.434084 0.115459 -0.442929 False
0.429263 0.110307 -0.455256 False
0.428804 0.104467 -0.460873 False
0.434554 0.090947 -0.464010 False
0.447436 0.082402 -0.470426 False
0.457981 0.091329 -0.474094 False
0.455257 0.112667 -0.469508 False
0.420279 0.155724 -0.447771 False
0.385133 0.193898 -0.411890 False
0.353356 0.214967 -0.365345 False
0.305248 0.211562 -0.301287 False
0.245285 0.182392 -0.264041 False
0.191080 0.159652 -0.248313 False
0.182729 0.152017 -0.246304 False
0.207996 0.136116 -0.239761 False
0.302412 0.088099 -0.224722 False
0.343756 0.063645 -0.202086 True
0.306392 0.137994 -0.219684 False
0.261206 0.200546 -0.236206 False
0.265500 0.243424 -0.213452 False
0.370848 0.282513 -0.097150 False
0.308905 0.279264 -0.156793 False
0.350722 0.289362 -0.085526 False
0.245265 0.212005 -0.172285 False
0.204498 0.226677 -0.230219 False
0.204500 0.245681 -0.248238 False
0.222017 0.257655 -0.248171 False
0.251131 0.257785 -0.214245 False
0.361878 0.282456 -0.082177 False
0.376927 0.289208 -0.060645 False
0.325875 0.279047 -0.144255 False
0.347910 0.270373 -0.090407 False
0.250011 0.226311 -0.179775 False
0.250659 0.236757 -0.154047 False
0.204841 0.178753 -0.202314 False
0.175043 0.137712 -0.243295 False
0.183910 0.059236 -0.261616 True
0.173469 0.138468 -0.275756 False
0.169403 0.222822 -0.283358 False
0.197620 0.264858 -0.256405 False
0.244197 0.239993 -0.187808 False
0.270342 0.175527 -0.122801 False
0.294911 0.110037 -0.069351 False
0.304666 0.079867 -0.051835 False
0.305162 0.073713 -0.052845 False
0.299455 0.073125 -0.052277 False
0.289586 0.071964 -0.047865 False
0.280401 0.073517 -0.044824 False
0.271738 0.075827 -0.044606 False
0.261899 0.080386 -0.046234 False
0.258551 0.083574 -0.047653 False
0.260062 0.081155 -0.048649 False
0.263001 0.078668 -0.048909 False
0.264489 0.077193 -0.048780 False
0.264487 0.076407 -0.048359 False
0.262002 0.075329 -0.047961 False
0.255899 0.073625 -0.048714 False
0.250622 0.075340 -0.047652 False
0.246973 0.076390 -0.048285 False
0.244478 0.078500 -0.050128 False
0.242176 0.079498 -0.052672 False
0.243137 0.079366 -0.055948 False
0.247172 0.081574 -0.061167 False
0.254720 0.087801 -0.068332 False
0.269443 0.103166 -0.080725 False
0.283979 0.116916 -0.089218 False
0.299730 0.125423 -0.094761 False
0.318146 0.129978 -0.099086 False
0.330535 0.136036 -0.106494 False
0.333733 0.143487 -0.112138 False
0.333695 0.151373 -0.112909 False
0.332302 0.155454 -0.109597 False
0.329191 0.156141 -0.103607 False
0.327555 0.152144 -0.097659 False
0.328512 0.142652 -0.091527 False
0.335314 0.135364 -0.085670 False
0.343490 0.131507 -0.081538 False
0.349348 0.126498 -0.081806 False
0.356985 0.132878 -0.081718 False
0.366042 0.143340 -0.085387 False
0.375426 0.153952 -0.089745 False
0.382977 0.161047 -0.093247 False
0.393823 0.167462 -0.097822 False
0.416396 0.182601 -0.106058 False
0.464264 0.208425 -0.122349 False
0.559029 0.240017 -0.152443 False
0.675800 0.250091 -0.163158 False
0.736024 0.232421 -0.182939 False
0.770756 0.230673 -0.223087 False
0.778045 0.229716 -0.234080 False
0.778500 0.229440 -0.235500 False
0.778370 0.229997 -0.234092 False
0.777249 0.236249 -0.232350 False
0.768109 0.259820 -0.226276 False
0.731075 0.301618 -0.206916 False
0.712195 0.329441 -0.179666 False
0.669675 0.357343 -0.200078 False
0.620591 0.354461 -0.208407 False
0.557464 0.319936 -0.219129 False
0.507272 0.288487 -0.228478 False
0.475185 0.261558 -0.237423 False
0.475455 0.224883 -0.249267 False
0.471835 0.204725 -0.261483 False
0.470579 0.192352 -0.263635 False
0.471638 0.189538 -0.262378 False
0.477819 0.183420 -0.269085 False
0.479327 0.186483 -0.268872 False
0.474221 0.207945 -0.262587 False
0.454436 0.266978 -0.259565 False
0.362198 0.303673 -0.253767 False
0.255642 0.283397 -0.259887 False
0.177980 0.210249 -0.277523 False
0.157548 0.179556 -0.280334 False
0.174016 0.205553 -0.283888 False
0.183245 0.222994 -0.295424 False
0.180649 0.216271 -0.301087 False
0.189627 0.214274 -0.278861 False
0.193575 0.181183 -0.252119 False
0.174753 0.204535 -0.284570 False
0.176696 0.212119 -0.277071 False
0.196726 0.243077 -0.254752 False
0.291463 0.319179 -0.142725 False
0.228109 0.301938 -0.212458 False
0.169199 0.310973 -0.262655 False
0.162253 0.336803 -0.271874 False
0.180886 0.347600 -0.255543 False
0.209853 0.312225 -0.223792 False
0.239777 0.203033 -0.189344 False
0.234542 0.115696 -0.167505 False
0.213643 0.143268 -0.209002 True
0.205382 0.152963 -0.222679 True
0.204167 0.154134 -0.220945 True
0.211554 0.148576 -0.203481 False
0.243790 0.134241 -0.144105 False
0.306370 0.212262 -0.141535 False
0.365917 0.261538 -0.163504 False
0.418138 0.277042 -0.213531 False
0.421500 0.257241 -0.253889 False
0.392831 0.214580 -0.295413 False
0.395796 0.189967 -0.305583 False
0.396174 0.183784 -0.305758 False
0.397698 0.183019 -0.304982 False
0.397967 0.183009 -0.304512 False
0.399245 0.183817 -0.304623 False
0.398079 0.182728 -0.304865 False
0.397803 0.183246 -0.304891 False
0.397980 0.188664 -0.302623 False
0.403977 0.217867 -0.289901 False
0.429215 0.320955 -0.243664 False
0.448527 0.319131 -0.195264 False
0.444708 0.243357 -0.186000 False
0.413716 0.206178 -0.263451 False
0.419734 0.218396 -0.252678 False
0.400110 0.188425 -0.235361 False
0.440561 0.100911 -0.117487 False
0.497050 0.108189 -0.133353 False
0.518859 0.143506 -0.174818 False
0.511539 0.169675 -0.219818 False
0.483125 0.186922 -0.252440 False
0.474533 0.189905 -0.260004 False
0.472210 0.189529 -0.258521 False
0.470431 0.190350 -0.257222 False
0.467230 0.192942 -0.258238 False
0.461168 0.194342 -0.260264 False
0.451019 0.198228 -0.265863 False
0.436133 0.207788 -0.266887 False
0.429747 0.218811 -0.259244 False
0.416299 0.246427 -0.261815 False
0.400423 0.271400 -0.264300 False
0.390713 0.284197 -0.266026 False
0.385081 0.289487 -0.267872 False
0.378873 0.292926 -0.270057 False
0.374752 0.294265 -0.271038 False
0.372384 0.294040 -0.272040 False
0.370570 0.293982 -0.272349 False
0.368170 0.293840 -0.272667 False
0.366371 0.294401 -0.272817 False
0.365158 0.295067 -0.272963 False
0.364509 0.296025 -0.273341 False
0.364709 0.296971 -0.273131 False
0.364979 0.298344 -0.272892 False
0.365691 0.299223 -0.272336 False
0.365654 0.300820 -0.271718 False
0.364800 0.301659 -0.270979 False
0.364194 0.302943 -0.270370 False
0.362727 0.304155 -0.269865 False
0.361938 0.305806 -0.269641 False
0.360037 0.306594 -0.268802 False
0.358393 0.307405 -0.268208 False
0.357844 0.308590 -0.268097 False
0.358319 0.311046 -0.268488 False
0.357140 0.311077 -0.268324 False
0.356215 0.310959 -0.267618 False
0.355601 0.310527 -0.267258 False
0.356855 0.311294 -0.267510 False
0.357443 0.311650 -0.267441 False
0.358379 0.311644 -0.267518 False
0.359659 0.312407 -0.267724 False
0.359154 0.311728 -0.267410 False
0.359189 0.310860 -0.267107 False
0.358595 0.310334 -0.266891 False
0.358577 0.309917 -0.266566 False
0.357693 0.309585 -0.266386 False
0.358054 0.309683 -0.266522 False
0.358324 0.309685 -0.266938 False
0.359244 0.310338 -0.267210 False
0.359797 0.310622 -0.267894 False
0.359777 0.309733 -0.268148 False
0.359009 0.309326 -0.268005 False
0.358491 0.309541 -0.268223 False
0.358569 0.309146 -0.268087 False
0.359989 0.308255 -0.267867 False
0.361804 0.306368 -0.267627 False
0.364566 0.303632 -0.267252 False
0.368914 0.302104 -0.267338 False
0.373740 0.299862 -0.266988 False
0.381062 0.295615 -0.265682 False
0.395726 0.286912 -0.266542 False
0.414102 0.273569 -0.266814 False
0.427293 0.256143 -0.264508 False
0.441574 0.241392 -0.262188 False
0.449376 0.233040 -0.261703 False
0.454668 0.221286 -0.265645 False
0.459212 0.200829 -0.281069 False
0.463975 0.192174 -0.287678 False
0.466373 0.195552 -0.281765 False
0.465996 0.193055 -0.289610 False
0.467268 0.193795 -0.290287 False
0.475143 0.193502 -0.284815 False
0.502085 0.187845 -0.259584 False
0.512040 0.168659 -0.208823 False
0.488826 0.103491 -0.141629 False
0.479315 0.065369 -0.103574 False
0.477755 0.054370 -0.093512 False
0.465009 0.075251 -0.100240 False
0.462563 0.134076 -0.138766 False
0.462248 0.210719 -0.182146 False
0.458330 0.259357 -0.228303 False
0.437271 0.265067 -0.274158 False
0.389604 0.211959 -0.308672 False
0.380895 0.186817 -0.321493 False
0.379102 0.180295 -0.323775 False
0.380241 0.179328 -0.323988 False
0.381947 0.179924 -0.323253 False
0.386528 0.179584 -0.319949 False
0.401264 0.175845 -0.308562 False
0.448199 0.164939 -0.273561 False
0.398152 0.175321 -0.307876 False
0.382381 0.178852 -0.319051 False
0.380155 0.180275 -0.322389 False
0.380445 0.181143 -0.323437 False
0.380550 0.180515 -0.322732 False
0.384064 0.178992 -0.320067 False
0.400476 0.177449 -0.309098 False
0.451863 0.166241 -0.274407 False
0.419128 0.164076 -0.306365 False
0.452471 0.128825 -0.309720 False
0.418097 0.154416 -0.314558 False
0.448129 0.128856 -0.304483 False
0.398058 0.166768 -0.317571 False
0.385118 0.179145 -0.322534 False
0.381172 0.180423 -0.322534 False
0.379249 0.180107 -0.322746 False
0.379448 0.180718 -0.322440 False
0.378804 0.180424 -0.322152 False
0.381576 0.181146 -0.321601 False
0.386537 0.179422 -0.319303 False
0.402885 0.169041 -0.306870 False
0.455586 0.136782 -0.270154 False
0.402189 0.169068 -0.307762 False
0.385656 0.178860 -0.319926 False
0.385515 0.182656 -0.321488 False
0.405678 0.187555 -0.311789 False
0.476702 0.200137 -0.276154 False
0.494884 0.177545 -0.252348 False
0.494493 0.186525 -0.251656 False
0.495807 0.173743 -0.245021 False
0.507450 0.147977 -0.239573 False
0.514233 0.142403 -0.253806 False
0.483058 0.150014 -0.276204 False
0.411229 0.174762 -0.309414 False
0.407681 0.181585 -0.307424 False
0.461334 0.181947 -0.266818 False
0.468106 0.188654 -0.255363 False
0.444545 0.189168 -0.260237 False
0.375793 0.185999 -0.297380 False
0.359909 0.192084 -0.293092 False
0.399320 0.219092 -0.260916 False
0.422057 0.221313 -0.240124 False
0.420264 0.226392 -0.242256 False
0.437717 0.226362 -0.215624 False
0.447615 0.245134 -0.203424 False
0.452781 0.279635 -0.219416 False
0.464348 0.302409 -0.209754 False
0.484062 0.324841 -0.178054 False
0.539083 0.344967 -0.149502 False
0.580018 0.356537 -0.128954 False
0.611972 0.358515 -0.117268 False
0.631994 0.355853 -0.106507 False
0.658583 0.348127 -0.113271 False
0.691746 0.326963 -0.129624 False
0.708842 0.296295 -0.122156 False
0.727801 0.265930 -0.139599 False
0.747104 0.248634 -0.166888 False
0.758255 0.231602 -0.191573 False
0.762801 0.222476 -0.205528 False
0.760022 0.213923 -0.213925 False
0.749632 0.206872 -0.225684 False
0.766134 0.214600 -0.227243 False
0.776910 0.226108 -0.255746 False
0.777111 0.226423 -0.257850 False
0.759461 0.207392 -0.238390 False
0.753364 0.205254 -0.231843 False
0.752072 0.217567 -0.222293 False
0.752508 0.237279 -0.180993 False
0.653127 0.244422 -0.161472 False
0.480253 0.177698 -0.164947 False
0.322024 0.094497 -0.148398 False
0.228802 0.072979 -0.124055 False
0.196981 0.133116 -0.085124 False
0.193257 0.045410 -0.110454 True
0.199020 0.022901 -0.118433 True
0.204926 0.025974 -0.124977 True
0.213622 0.057158 -0.139759 False
0.245563 0.117591 -0.182896 False
0.266573 0.183330 -0.239248 False
0.272235 0.232221 -0.281386 False
0.259512 0.250198 -0.287907 False
0.266866 0.262557 -0.246226 False
0.359383 0.301903 -0.115595 False
0.346026 0.308823 -0.115911 False
0.227261 0.249546 -0.251957 False
0.189108 0.225490 -0.285188 False
0.197604 0.241777 -0.282203 False
0.234385 0.270384 -0.250830 False
0.318621 0.305049 -0.155063 False
0.247872 0.274999 -0.243506 False
0.250050 0.283916 -0.247287 False
0.329107 0.317218 -0.143166 False
0.269981 0.291608 -0.236480 False
0.231160 0.270850 -0.279028 False
0.214823 0.253038 -0.293276 False
0.213592 0.258589 -0.305024 False
0.216392 0.246597 -0.287930 False
0.218668 0.228360 -0.271342 False
0.254451 0.248330 -0.238587 False
0.356967 0.309326 -0.136820 False
0.262320 0.265759 -0.236857 False
0.236795 0.244906 -0.252053 False
0.264658 0.267486 -0.208429 False
0.221868 0.226813 -0.258704 False
0.206972 0.215290 -0.275540 False
0.201658 0.206758 -0.280038 False
0.198993 0.191841 -0.276380 False
0.191081 0.159365 -0.268580 False
0.177153 0.149504 -0.276808 False
0.174968 0.148549 -0.278438 False
0.179512 0.156541 -0.273287 False
0.199055 0.186027 -0.253432 False
0.252162 0.231026 -0.191544 False
0.212293 0.201288 -0.262179 False
0.189321 0.172606 -0.282197 False
0.180008 0.158553 -0.284807 False
0.189034 0.151219 -0.280790 False
0.208555 0.145435 -0.277522 False
0.234081 0.142472 -0.268228 False
0.274977 0.118365 -0.236777 False
0.283381 0.161675 -0.234164 False
0.287631 0.184692 -0.219917 False
0.289073 0.199040 -0.197711 False
0.287203 0.198196 -0.183013 False
0.282747 0.192496 -0.173149 False
0.278004 0.184301 -0.173866 False
0.270936 0.177084 -0.180966 False
0.268055 0.169222 -0.187458 False
0.265669 0.165068 -0.191171 False
0.266042 0.162566 -0.194434 False
0.265297 0.166617 -0.194086 False
0.269059 0.164144 -0.189483 False
0.284457 0.158985 -0.167424 False
0.335802 0.136859 -0.100124 False
0.282752 0.161086 -0.171883 False
0.268672 0.184531 -0.200759 False
0.281788 0.214466 -0.209550 False
0.286477 0.221347 -0.208247 False
0.282386 0.217348 -0.207721 False
0.272915 0.202154 -0.208507 False
0.270072 0.184887 -0.203055 False
0.279573 0.207210 -0.198753 False
0.295371 0.234617 -0.199387 False
0.310908 0.262668 -0.200631 False
0.313156 0.285773 -0.195178 False
0.317013 0.324020 -0.182471 False
0.317949 0.358810 -0.161132 False
0.315647 0.348195 -0.157574 False
0.336966 0.339972 -0.171264 False
0.343024 0.343897 -0.162361 False
0.324362 0.337333 -0.155345 False
0.322667 0.346065 -0.153309 False
0.304538 0.321832 -0.148743 False
0.266553 0.240099 -0.171124 False
0.295538 0.303674 -0.158784 False
0.307179 0.311600 -0.166348 False
0.315402 0.330664 -0.161488 False
0.312060 0.322894 -0.165383 False
0.320373 0.331419 -0.166909 False
0.313212 0.327108 -0.156526 False
0.314401 0.322994 -0.168624 False
0.314091 0.328781 -0.167440 False
0.307982 0.322924 -0.177112 False
0.288737 0.283257 -0.176388 False
0.265996 0.196707 -0.179459 False
0.263902 0.190514 -0.170917 False
0.261862 0.219862 -0.161711 False
0.261047 0.230128 -0.163138 False
0.253416 0.230030 -0.170416 False
0.243940 0.233504 -0.183273 False
0.284917 0.232809 -0.189784 False
0.348979 0.223606 -0.166035 False
0.436913 0.200423 -0.136249 False
0.569870 0.188178 -0.103756 False
0.692976 0.155361 -0.075760 False
0.763713 0.107361 -0.040369 False
0.782384 0.065847 -0.026242 False
0.695934 0.052022 -0.052643 True
0.354108 0.095386 -0.171085 False
0.254296 0.114562 -0.207242 False
0.239042 0.144839 -0.219061 False
0.260174 0.157677 -0.215759 False
0.319190 0.159320 -0.188796 False
0.500018 0.185112 -0.099709 False
0.484334 0.202120 -0.106558 False
0.404246 0.232228 -0.145043 False
0.331959 0.233546 -0.184180 False
0.289321 0.237830 -0.199213 False
0.245948 0.248071 -0.220881 False
0.280037 0.230394 -0.212984 False
0.282795 0.214096 -0.204764 False
0.274754 0.222259 -0.217922 False
0.268525 0.221268 -0.226805 False
0.262114 0.213359 -0.229349 False
0.255663 0.200401 -0.227248 False
0.251734 0.193513 -0.218945 False
0.251641 0.191656 -0.206826 False
0.255819 0.193857 -0.191269 False
0.251813 0.200746 -0.187217 False
0.240415 0.212173 -0.198149 False
0.260324 0.174478 -0.184290 False
0.286676 0.164627 -0.174211 False
0.301581 0.171775 -0.162700 False
0.300481 0.168937 -0.148224 False
0.304697 0.153715 -0.134929 False
0.318893 0.145730 -0.119073 False
0.344763 0.141420 -0.098887 False
0.382004 0.138358 -0.076614 False
0.444914 0.141449 -0.055241 False
0.550210 0.168658 -0.042398 False
0.648521 0.187158 -0.058439 False
0.723895 0.179495 -0.055086 False
0.778399 0.177095 -0.079364 False
0.811356 0.112912 -0.084545 False
0.814427 0.054166 -0.091322 False
0.800207 0.033341 -0.095592 True
0.774806 0.015601 -0.104960 True
0.766911 0.009851 -0.106811 True
0.774918 0.010827 -0.100356 True
0.766723 0.025126 -0.101342 True
0.716663 0.085005 -0.116536 False
0.558476 0.132431 -0.143957 False
0.427869 0.149829 -0.179132 False
0.332381 0.153749 -0.214715 False
0.300940 0.152146 -0.232936 False
0.296596 0.142795 -0.234622 False
0.275371 0.154959 -0.234692 False
0.276666 0.153478 -0.234096 False
0.299767 0.130729 -0.233696 False
0.308661 0.124923 -0.234802 False
0.317756 0.122873 -0.233968 False
0.335825 0.120441 -0.220458 False
0.346911 0.110621 -0.173306 False
0.312572 0.105026 -0.088542 False
0.196277 0.085088 -0.024181 False
0.123472 0.070344 0.038967 False
0.050668 0.055600 0.102114 False
-0.022137 0.040856 0.165261 False
-0.094941 0.026112 0.228409 False
-0.167746 0.011368 0.291556 False
-0.240550 -0.003376 0.354703 False
-0.313355 -0.018120 0.417851 False
-0.386159 -0.032864 0.480998 False
-0.458964 -0.047608 0.544145 False
-0.531768 -0.062352 0.607293 False
