0.711621 0.227223 -0.130236 False
0.706150 0.221735 -0.142773 False
0.703261 0.220207 -0.147877 False
0.696089 0.212216 -0.163384 False
0.670524 0.182147 -0.225084 False
0.651929 0.161596 -0.266971 False
0.690749 0.206810 -0.173685 False
0.701990 0.219329 -0.148730 False
0.704535 0.220936 -0.144578 False
0.704778 0.220560 -0.145909 False
0.704544 0.220695 -0.147493 False
0.704215 0.220469 -0.147605 False
0.704117 0.220952 -0.147716 False
0.704190 0.220750 -0.147529 False
0.704007 0.220686 -0.147541 False
0.704163 0.220659 -0.146942 False
0.704132 0.220597 -0.147185 False
0.704264 0.220317 -0.147991 False
0.704159 0.220667 -0.147957 False
0.703598 0.221160 -0.149290 False
0.703258 0.221653 -0.149060 False
0.703299 0.222365 -0.149017 False
0.703289 0.221536 -0.148790 False
0.703659 0.221645 -0.148125 False
0.703563 0.222099 -0.147397 False
0.703742 0.221303 -0.147352 False
0.703605 0.220882 -0.148652 False
0.703613 0.221050 -0.148929 False
0.703095 0.221333 -0.148783 False
0.703391 0.222153 -0.149188 False
0.703664 0.221873 -0.149173 False
0.703438 0.222155 -0.149433 False
0.703250 0.221373 -0.148696 False
0.703104 0.221193 -0.148579 False
0.702750 0.221223 -0.149362 False
0.703241 0.221615 -0.148874 False
0.703326 0.223276 -0.147931 False
0.703577 0.223123 -0.148217 False
0.703295 0.222987 -0.148793 False
0.703500 0.222634 -0.148677 False
0.703650 0.221383 -0.148375 False
0.703425 0.222163 -0.149172 False
0.703190 0.222142 -0.149217 False
0.702717 0.222207 -0.149732 False
0.703130 0.222442 -0.149211 False
0.703976 0.221563 -0.148612 False
0.704311 0.221225 -0.148129 False
0.704506 0.221164 -0.148421 False
0.704657 0.221163 -0.148769 False
0.704483 0.221140 -0.148522 False
0.704603 0.220984 -0.148079 False
0.704470 0.220403 -0.147992 False
0.704461 0.221017 -0.148449 False
0.704439 0.221273 -0.148552 False
0.704248 0.221216 -0.148484 False
0.704905 0.221229 -0.148258 False
0.705265 0.221347 -0.147760 False
0.705011 0.221372 -0.148042 False
0.705602 0.221470 -0.147569 False
0.705452 0.221148 -0.147880 False
0.703139 0.218350 -0.150801 False
0.694745 0.209732 -0.165927 False
0.683987 0.198447 -0.186537 False
0.671853 0.185621 -0.210541 False
0.659328 0.172381 -0.235850 False
0.647399 0.159850 -0.260377 False
0.637053 0.149156 -0.282030 False
0.629277 0.141424 -0.298721 False
0.630003 0.140282 -0.304607 False
0.631728 0.140034 -0.306349 False
0.633292 0.139800 -0.308636 False
0.627541 0.143006 -0.307904 False
0.599802 0.153905 -0.301621 False
0.562612 0.168527 -0.292395 False
0.518720 0.185454 -0.281258 False
0.470876 0.203264 -0.269243 False
0.421830 0.220537 -0.257383 False
0.374330 0.235855 -0.246710 False
0.331127 0.247797 -0.238257 False
0.294970 0.254943 -0.233056 False
0.268607 0.255873 -0.232141 False
0.262968 0.239651 -0.245990 False
0.265505 0.229689 -0.248242 False
0.275545 0.237631 -0.237046 False
0.287111 0.248027 -0.219408 False
0.289679 0.249957 -0.195972 False
0.289932 0.248630 -0.173274 False
0.288362 0.244252 -0.156046 False
0.284886 0.235138 -0.157438 False
0.282392 0.225225 -0.161884 False
0.278683 0.221432 -0.162534 False
0.273561 0.218850 -0.164655 False
0.272252 0.218859 -0.164887 False
0.272192 0.219231 -0.165630 False
0.272077 0.219676 -0.164638 False
0.271708 0.219640 -0.164843 False
0.271281 0.219042 -0.165011 False
0.271114 0.218892 -0.165270 False
0.271748 0.219802 -0.164992 False
0.271888 0.220682 -0.164903 False
0.271955 0.221179 -0.164855 False
0.271897 0.219980 -0.164976 False
0.271785 0.218703 -0.165031 False
0.271531 0.219173 -0.164677 False
0.271534 0.219181 -0.164456 False
0.271432 0.218683 -0.163646 False
0.272109 0.218545 -0.163935 False
0.272398 0.218505 -0.164045 False
0.272311 0.219503 -0.164165 False
0.272185 0.218393 -0.164083 False
0.272208 0.218030 -0.164069 False
0.272284 0.218197 -0.164038 False
0.272194 0.218672 -0.163964 False
0.271757 0.218214 -0.164025 False
0.271638 0.218059 -0.164113 False
0.271739 0.218185 -0.164703 False
0.271750 0.218621 -0.165265 False
0.271680 0.218764 -0.165153 False
0.271723 0.218823 -0.164532 False
0.271760 0.218713 -0.164728 False
0.271724 0.218217 -0.164673 False
0.271668 0.218130 -0.164292 False
0.271702 0.218494 -0.164473 False
0.271694 0.218487 -0.164155 False
0.271818 0.218685 -0.164061 False
0.271767 0.218400 -0.164092 False
0.271644 0.218165 -0.164306 False
0.271563 0.218501 -0.165160 False
0.271585 0.218187 -0.164960 False
0.271781 0.218389 -0.165328 False
0.272242 0.218606 -0.165328 False
0.271483 0.218299 -0.165322 False
0.271509 0.218713 -0.164986 False
0.271525 0.218156 -0.165162 False
0.271526 0.218018 -0.164867 False
0.271497 0.218135 -0.164581 False
0.271493 0.218395 -0.164186 False
0.271486 0.218216 -0.164086 False
0.271139 0.218445 -0.163999 False
0.271291 0.218120 -0.163709 False
0.270979 0.220611 -0.164052 False
0.271290 0.223156 -0.164115 False
0.273012 0.219920 -0.162684 False
0.271373 0.220445 -0.164205 False
0.270968 0.218256 -0.165711 False
0.272102 0.217188 -0.168489 False
0.273936 0.217222 -0.172819 False
0.279564 0.217580 -0.179909 False
0.281671 0.218073 -0.182889 False
0.284117 0.217546 -0.186210 False
0.281264 0.218325 -0.191153 False
0.279204 0.219098 -0.193038 False
0.278058 0.221313 -0.194162 False
0.277607 0.222593 -0.193971 False
0.275692 0.222867 -0.195885 False
0.270332 0.220485 -0.205172 False
0.263763 0.212773 -0.227107 False
0.261033 0.173213 -0.236270 False
0.258502 0.130916 -0.242034 False
0.253493 0.112539 -0.245407 False
0.248574 0.098117 -0.247724 False
0.246210 0.087953 -0.249682 False
0.243941 0.068900 -0.251782 False
0.243208 0.064993 -0.251744 False
0.242601 0.065218 -0.251217 False
0.239640 0.068320 -0.250498 False
0.236304 0.068616 -0.248086 False
0.231399 0.066132 -0.245939 False
0.228369 0.065497 -0.244080 False
0.228869 0.065421 -0.243789 False
0.229642 0.065734 -0.245482 False
0.229785 0.065565 -0.245759 False
0.229350 0.065797 -0.244952 False
0.227171 0.065845 -0.243007 False
0.225361 0.067444 -0.243123 False
0.225348 0.067624 -0.244496 False
0.233030 0.067166 -0.247296 False
0.265391 0.066740 -0.262651 False
0.265525 0.065985 -0.264878 False
0.256698 0.068628 -0.262579 False
0.257270 0.067735 -0.262144 False
0.261527 0.067439 -0.264133 False
0.264589 0.067231 -0.265120 False
0.264607 0.066120 -0.265163 False
0.262538 0.067014 -0.264546 False
0.260781 0.068634 -0.264405 False
0.257823 0.068819 -0.263266 False
0.253020 0.068010 -0.263133 False
0.248690 0.066745 -0.262752 False
0.244594 0.066422 -0.261970 False
0.239249 0.066519 -0.259413 False
0.233654 0.068599 -0.257128 False
0.227734 0.067566 -0.256007 False
0.224652 0.067471 -0.254955 False
0.220622 0.066488 -0.253233 False
0.223306 0.066482 -0.254613 False
0.228406 0.067295 -0.255936 False
0.231750 0.066857 -0.256541 False
0.229619 0.066082 -0.256122 False
0.229291 0.066418 -0.255583 False
0.239478 0.066645 -0.254734 False
0.291448 0.077087 -0.256281 False
0.479968 0.118048 -0.289883 False
0.287803 0.098891 -0.259092 False
0.238004 0.137379 -0.237736 False
0.250186 0.217858 -0.177895 False
0.263428 0.232429 -0.190246 False
0.263539 0.225156 -0.193265 False
0.260613 0.220868 -0.190070 False
0.247437 0.219360 -0.189662 False
0.247801 0.218211 -0.187818 False
0.259187 0.217681 -0.182994 False
0.261885 0.217662 -0.182070 False
0.259682 0.218058 -0.181752 False
0.250205 0.219292 -0.182532 False
0.259273 0.218902 -0.182290 False
0.262478 0.220146 -0.182315 False
0.263118 0.220378 -0.182891 False
0.263065 0.219940 -0.182402 False
0.262674 0.219498 -0.182353 False
0.262502 0.217982 -0.181797 False
0.262443 0.217454 -0.181709 False
0.262433 0.217460 -0.181860 False
0.262500 0.217266 -0.182137 False
0.261956 0.217549 -0.181767 False
0.260813 0.218831 -0.181425 False
0.259101 0.219448 -0.180675 False
0.259372 0.219669 -0.180214 False
0.271790 0.217434 -0.182751 False
0.334816 0.205378 -0.202849 False
0.567902 0.154367 -0.286252 False
0.617105 0.144620 -0.302881 False
0.562837 0.155977 -0.286352 False
0.314527 0.208459 -0.209880 False
0.242556 0.222275 -0.207282 False
0.212800 0.224363 -0.225548 False
0.222329 0.214715 -0.272125 False
0.293463 0.199871 -0.280620 False
0.557812 0.154369 -0.300709 False
0.614997 0.146772 -0.302461 False
0.559572 0.158185 -0.297291 False
0.298645 0.218792 -0.266504 False
0.223155 0.235937 -0.239222 False
0.207283 0.228131 -0.237762 False
0.207430 0.206169 -0.261195 False
0.208994 0.190839 -0.263610 False
0.224364 0.181124 -0.263789 False
0.296598 0.172858 -0.270620 False
0.556344 0.149653 -0.298142 False
0.625684 0.144646 -0.304016 False
0.640325 0.143341 -0.306356 False
0.640137 0.142995 -0.306133 False
0.626022 0.142881 -0.305741 False
0.557468 0.148757 -0.298565 False
0.300903 0.171803 -0.266940 False
0.225060 0.188223 -0.232966 False
0.210630 0.198351 -0.217586 False
0.215541 0.218084 -0.197845 False
0.233770 0.222906 -0.192921 False
0.238044 0.220599 -0.187110 False
0.239680 0.219820 -0.179670 False
0.240226 0.219762 -0.188743 False
0.239800 0.221280 -0.184246 False
0.237359 0.218005 -0.185759 False
0.239842 0.217657 -0.195498 False
0.240965 0.217448 -0.198480 False
0.241146 0.217828 -0.198666 False
0.241596 0.217929 -0.198636 False
0.241521 0.217958 -0.198402 False
0.241148 0.218081 -0.198135 False
0.241278 0.218679 -0.198126 False
0.241417 0.219482 -0.198384 False
0.241586 0.220351 -0.197398 False
0.241309 0.219690 -0.198727 False
0.241375 0.219690 -0.198765 False
0.241437 0.220407 -0.198782 False
0.241599 0.219883 -0.198531 False
0.241492 0.220322 -0.198309 False
0.241574 0.218974 -0.198486 False
0.241345 0.218127 -0.197152 False
0.241266 0.217989 -0.197178 False
0.241611 0.218079 -0.197474 False
0.241569 0.217945 -0.198017 False
0.241478 0.217835 -0.198075 False
0.241453 0.217530 -0.197879 False
0.241461 0.217882 -0.197826 False
0.241523 0.218128 -0.197780 False
0.241630 0.218126 -0.197781 False
0.241837 0.217972 -0.197310 False
0.241695 0.217931 -0.197637 False
0.241650 0.217945 -0.197525 False
0.241784 0.218081 -0.197578 False
0.241760 0.218621 -0.197445 False
0.241535 0.218350 -0.197193 False
0.241512 0.218969 -0.197350 False
0.241708 0.218312 -0.197804 False
0.242080 0.217991 -0.197211 False
0.242078 0.217910 -0.196669 False
0.242282 0.217789 -0.197156 False
0.241914 0.218308 -0.197283 False
0.241472 0.217836 -0.197827 False
0.241601 0.218083 -0.197726 False
0.241990 0.217983 -0.197498 False
0.242245 0.218217 -0.197162 False
0.241555 0.218097 -0.197189 False
0.241405 0.217663 -0.197214 False
0.241948 0.217567 -0.196279 False
0.241710 0.217632 -0.196347 False
0.241619 0.217921 -0.196501 False
0.241476 0.218185 -0.198170 False
0.240808 0.218995 -0.198167 False
0.239692 0.218573 -0.197953 False
0.237115 0.219069 -0.197523 False
0.236606 0.220040 -0.196808 False
0.248661 0.224021 -0.200815 False
0.315797 0.232006 -0.225564 False
0.559666 0.162083 -0.290830 False
0.624021 0.144536 -0.306604 False
0.635432 0.142211 -0.308232 False
0.635175 0.143189 -0.307530 False
0.632968 0.143956 -0.306801 False
0.631848 0.144688 -0.307191 False
0.631367 0.144192 -0.307168 False
0.630815 0.143653 -0.306739 False
0.630790 0.143944 -0.306391 False
0.630654 0.143615 -0.306715 False
0.630640 0.143439 -0.306289 False
0.630580 0.143446 -0.306886 False
0.630673 0.143399 -0.306384 False
0.630760 0.143443 -0.305855 False
0.630663 0.143779 -0.306124 False
0.630551 0.144125 -0.306408 False
0.630522 0.144216 -0.305818 False
0.630533 0.144287 -0.305836 False
0.630891 0.144092 -0.305855 False
0.631712 0.143649 -0.306598 False
0.633114 0.143999 -0.306778 False
0.635620 0.145054 -0.307151 False
0.629547 0.144467 -0.306090 False
0.607967 0.141316 -0.303554 False
0.568142 0.132902 -0.296433 False
0.390869 0.092834 -0.264119 False
0.387362 0.103146 -0.261172 False
0.573800 0.136375 -0.297991 False
0.615576 0.141835 -0.304519 False
0.572126 0.123192 -0.296111 False
0.365767 0.039470 -0.256474 False
0.310873 0.019395 -0.254461 False
0.300350 0.015848 -0.254920 False
0.300384 0.016375 -0.256559 False
0.301788 0.017033 -0.256629 False
0.302751 0.018741 -0.256025 False
0.303262 0.019111 -0.256016 False
0.303524 0.018740 -0.256289 False
0.303519 0.017974 -0.256444 False
0.303290 0.017857 -0.256373 False
0.303572 0.017970 -0.256288 False
0.302689 0.017896 -0.256404 False
0.298545 0.016619 -0.255653 False
0.284705 0.008511 -0.251988 False
0.277143 0.002301 -0.249159 False
0.283200 0.002316 -0.249093 False
0.310214 0.012886 -0.253722 False
0.365527 0.038337 -0.264973 False
0.571740 0.122342 -0.301740 False
0.620076 0.142901 -0.311276 False
0.625463 0.142403 -0.310934 False
0.582056 0.124189 -0.300454 False
0.418550 0.057503 -0.266178 False
0.525787 0.104109 -0.293201 False
0.411071 0.056203 -0.273593 False
0.539797 0.110954 -0.296850 False
0.453611 0.074530 -0.280873 False
0.371669 0.039514 -0.265398 False
0.468276 0.079900 -0.282701 False
0.565055 0.120534 -0.300276 False
0.485850 0.086847 -0.286152 False
0.401009 0.051528 -0.271395 False
0.537631 0.109253 -0.296644 False
0.444786 0.073159 -0.280958 False
0.335982 0.028393 -0.261372 False
0.310907 0.018287 -0.257048 False
0.302622 0.016682 -0.256386 False
0.301807 0.017152 -0.256254 False
0.302275 0.018246 -0.255739 False
0.303039 0.018653 -0.257087 False
0.303474 0.018905 -0.256395 False
0.303737 0.018148 -0.256928 False
0.303864 0.018775 -0.255733 False
0.303851 0.018167 -0.255802 False
0.303819 0.018673 -0.255966 False
0.303784 0.018429 -0.256057 False
0.303670 0.018650 -0.256140 False
0.303763 0.018766 -0.257006 False
0.303674 0.018650 -0.256640 False
0.303785 0.018389 -0.256104 False
0.303761 0.018438 -0.255925 False
0.303794 0.017844 -0.256114 False
0.303721 0.017665 -0.256128 False
0.303771 0.017954 -0.256493 False
0.304006 0.018859 -0.256417 False
0.304310 0.018495 -0.256141 False
0.304321 0.017881 -0.256202 False
0.303829 0.018142 -0.256789 False
0.303899 0.018133 -0.256584 False
0.303803 0.017793 -0.256473 False
0.303852 0.018048 -0.256152 False
0.303781 0.017782 -0.256089 False
0.303813 0.017730 -0.256182 False
0.304228 0.017899 -0.256219 False
0.303956 0.019061 -0.256654 False
0.303881 0.019520 -0.256621 False
0.303877 0.018964 -0.256563 False
0.303803 0.018632 -0.256493 False
0.303782 0.018227 -0.256302 False
0.304134 0.017967 -0.256745 False
0.304208 0.018929 -0.256953 False
0.304276 0.018978 -0.256227 False
0.304303 0.019102 -0.256559 False
0.304187 0.018171 -0.256935 False
0.304009 0.018092 -0.256392 False
0.303800 0.018777 -0.256950 False
0.304087 0.018198 -0.257124 False
0.303709 0.018577 -0.256712 False
0.303733 0.018771 -0.256625 False
0.304096 0.019140 -0.256954 False
0.303784 0.018998 -0.256941 False
0.303385 0.018079 -0.256552 False
0.303275 0.018238 -0.256173 False
0.302939 0.018558 -0.256396 False
0.301749 0.018589 -0.256332 False
0.300123 0.017574 -0.256101 False
0.299663 0.016233 -0.255891 False
0.309498 0.019282 -0.257150 False
0.363417 0.038892 -0.264549 False
0.568796 0.121948 -0.300644 False
0.619006 0.142152 -0.310126 False
0.638711 0.147236 -0.313041 False
0.637549 0.143784 -0.311996 False
0.637479 0.143967 -0.310915 False
0.638565 0.146874 -0.312643 False
0.618819 0.141257 -0.310823 False
0.568617 0.120804 -0.302324 False
0.363444 0.038968 -0.265916 False
0.309569 0.019594 -0.257790 False
0.299770 0.016868 -0.256005 False
0.300228 0.016942 -0.256241 False
0.302170 0.016599 -0.256573 False
0.302831 0.017429 -0.256923 False
0.303243 0.017893 -0.256195 False
0.303394 0.018467 -0.256506 False
0.303609 0.018505 -0.256787 False
0.303691 0.017937 -0.256945 False
0.303627 0.018277 -0.255936 False
0.303646 0.017729 -0.256458 False
0.303570 0.017592 -0.256597 False
0.303464 0.017575 -0.256285 False
0.303459 0.017572 -0.254477 False
0.303526 0.017571 -0.247883 False
0.303568 0.017568 -0.254202 False
0.303573 0.017564 -0.255706 False
0.303550 0.017589 -0.255664 False
0.303548 0.017763 -0.256026 False
0.303595 0.018474 -0.256091 False
0.303788 0.018611 -0.255995 False
0.304118 0.018444 -0.255615 False
0.303801 0.017782 -0.255662 False
0.303744 0.017781 -0.256604 False
0.303863 0.018356 -0.256572 False
0.304022 0.017856 -0.256361 False
0.304208 0.017623 -0.255745 False
0.303841 0.017575 -0.256280 False
0.303860 0.017571 -0.256316 False
0.304287 0.017566 -0.256662 False
0.303914 0.017528 -0.256517 False
0.303721 0.017392 -0.257282 False
0.303631 0.017564 -0.256773 False
0.303749 0.017748 -0.256044 False
0.304273 0.018314 -0.256081 False
0.303986 0.017749 -0.256348 False
0.304308 0.017594 -0.256127 False
0.304029 0.017582 -0.256202 False
0.303703 0.017692 -0.256293 False
0.303693 0.018144 -0.256367 False
0.303777 0.018119 -0.256233 False
0.304082 0.017735 -0.257131 False
0.303788 0.018562 -0.256341 False
0.303724 0.018536 -0.255815 False
0.303803 0.017570 -0.255666 False
0.304139 0.017513 -0.255734 False
0.303882 0.017538 -0.255583 False
0.303678 0.017585 -0.255386 False
0.303741 0.017803 -0.255492 False
0.303842 0.018661 -0.256135 False
0.303943 0.018879 -0.256094 False
0.304014 0.017881 -0.256995 False
0.304415 0.018361 -0.255803 False
0.304083 0.017559 -0.255793 False
0.303975 0.017581 -0.255523 False
0.303923 0.018459 -0.255974 False
0.303549 0.018154 -0.256311 False
0.303244 0.017478 -0.255587 False
0.302643 0.017805 -0.255711 False
0.301773 0.017869 -0.255649 False
0.302385 0.018987 -0.255118 False
0.312152 0.020486 -0.256448 False
0.358002 0.036919 -0.263435 False
0.520754 0.103569 -0.291589 False
0.412481 0.058481 -0.272432 False
0.520273 0.104756 -0.291447 False
0.356311 0.038133 -0.263692 False
0.308323 0.019925 -0.256171 False
0.293304 0.013623 -0.254097 False
0.300502 0.016185 -0.257197 False
0.321271 0.019761 -0.268736 False
0.387840 0.045861 -0.278820 False
0.467643 0.079088 -0.288930 False
0.548811 0.113580 -0.298062 False
0.619475 0.143479 -0.305214 False
0.645617 0.156495 -0.307995 False
0.654791 0.161071 -0.308542 False
0.652401 0.159225 -0.307603 False
0.643852 0.152972 -0.305925 False
0.634549 0.144328 -0.304259 False
0.637621 0.136846 -0.304016 False
0.644726 0.129122 -0.304442 False
0.655242 0.121288 -0.305446 False
0.668553 0.113476 -0.306937 False
0.684037 0.105819 -0.308825 False
0.701076 0.098449 -0.311018 False
0.719050 0.091499 -0.313427 False
0.737340 0.085101 -0.315960 False
0.755326 0.079388 -0.318526 False
0.772390 0.074492 -0.321036 False
0.787911 0.070545 -0.323398 False
0.801271 0.067680 -0.325522 False
0.811850 0.066030 -0.327317 False
0.819029 0.065726 -0.328692 False
0.822188 0.066901 -0.329557 False
0.820708 0.069688 -0.329820 False
0.813969 0.074219 -0.329392 False
0.801353 0.080627 -0.328181 False
0.782240 0.089043 -0.326097 False
0.756010 0.099601 -0.323049 False
0.722045 0.112432 -0.318947 False
0.679724 0.127670 -0.313699 False
0.628429 0.145446 -0.307215 False
0.561698 0.167550 -0.299246 False
0.489311 0.190427 -0.290060 False
0.415203 0.212179 -0.279764 False
0.343313 0.230909 -0.268468 False
0.277576 0.244718 -0.256280 False
0.221930 0.251709 -0.243309 False
0.180312 0.249983 -0.229663 False
0.169185 0.222491 -0.205214 False
0.172305 0.215887 -0.211557 False
0.174655 0.214538 -0.214206 False
0.175370 0.214586 -0.215071 False
0.176009 0.214736 -0.215661 False
0.176271 0.214893 -0.215115 False
0.176062 0.214920 -0.214963 False
0.176059 0.214973 -0.214897 False
0.176017 0.215200 -0.215692 False
0.175348 0.215598 -0.215604 False
0.175037 0.216041 -0.215181 False
0.175514 0.214960 -0.214672 False
0.175614 0.214060 -0.215238 False
0.176095 0.214698 -0.215605 False
0.175871 0.215450 -0.215931 False
0.176234 0.215392 -0.216458 False
0.175701 0.215623 -0.216857 False
0.175624 0.215588 -0.217134 False
0.175542 0.215801 -0.216964 False
0.175746 0.216746 -0.217272 False
0.175859 0.216784 -0.216880 False
0.175733 0.216021 -0.216839 False
0.175630 0.215925 -0.216615 False
0.175662 0.216495 -0.216651 False
0.175570 0.215701 -0.216031 False
0.175385 0.216372 -0.217097 False
0.175449 0.215427 -0.217261 False
0.175402 0.215864 -0.217317 False
0.175152 0.216896 -0.217467 False
0.175317 0.216948 -0.217539 False
0.175579 0.216187 -0.217559 False
0.175335 0.216742 -0.216488 False
0.175364 0.216186 -0.216703 False
0.175467 0.216944 -0.216771 False
0.175360 0.216891 -0.216768 False
0.175478 0.215865 -0.216859 False
0.175609 0.215484 -0.217281 False
0.176138 0.216669 -0.217247 False
0.176161 0.216788 -0.216399 False
0.176064 0.215553 -0.216342 False
0.175971 0.215745 -0.215842 False
0.175402 0.214564 -0.216478 False
0.175302 0.214760 -0.217317 False
0.175239 0.214951 -0.216849 False
0.175297 0.215477 -0.216463 False
0.175337 0.215447 -0.216153 False
0.175418 0.216593 -0.216935 False
0.175676 0.215993 -0.216718 False
0.175121 0.215918 -0.216414 False
0.175278 0.216359 -0.217053 False
0.175956 0.216992 -0.217240 False
0.175575 0.216926 -0.217344 False
0.175277 0.216531 -0.216986 False
0.175332 0.216752 -0.217256 False
0.175042 0.216334 -0.216917 False
0.175111 0.216198 -0.217098 False
0.175194 0.217324 -0.218057 False
0.175185 0.217235 -0.217697 False
0.175288 0.217522 -0.217637 False
0.175138 0.216956 -0.216975 False
0.174830 0.215802 -0.216608 False
0.175199 0.217004 -0.217362 False
0.175146 0.216246 -0.216523 False
0.174875 0.216734 -0.216162 False
0.175137 0.215861 -0.215680 False
0.175026 0.215474 -0.215801 False
0.175363 0.216573 -0.216496 False
0.175166 0.216022 -0.216445 False
0.175542 0.216164 -0.216623 False
0.175782 0.216186 -0.216710 False
0.176300 0.217528 -0.216767 False
0.175594 0.217442 -0.216470 False
0.175669 0.217726 -0.216427 False
0.175758 0.217351 -0.216398 False
0.175542 0.217336 -0.216019 False
0.175539 0.217688 -0.217251 False
0.175425 0.217803 -0.216672 False
0.175778 0.217466 -0.216078 False
0.175827 0.217675 -0.215793 False
0.175792 0.217072 -0.216886 False
0.175609 0.216234 -0.216070 False
0.175402 0.216982 -0.216023 False
0.175278 0.217160 -0.216427 False
0.175331 0.217057 -0.217129 False
0.175637 0.216996 -0.216830 False
0.175487 0.216803 -0.216629 False
0.175661 0.215686 -0.216167 False
0.175429 0.216734 -0.216475 False
0.175434 0.217190 -0.216164 False
0.175572 0.217439 -0.216648 False
0.175431 0.216697 -0.216012 False
0.175521 0.217024 -0.216602 False
0.175425 0.217273 -0.216750 False
0.175561 0.216004 -0.215886 False
0.175553 0.215475 -0.215914 False
0.175378 0.215166 -0.215741 False
0.175330 0.215619 -0.216177 False
0.175323 0.216394 -0.216867 False
0.175338 0.215425 -0.215849 False
0.175415 0.215690 -0.216093 False
0.175670 0.216490 -0.216497 False
0.175415 0.215736 -0.216150 False
0.175342 0.215517 -0.215700 False
0.175324 0.215390 -0.215740 False
0.175320 0.215058 -0.216366 False
0.175320 0.215102 -0.216486 False
0.175335 0.215647 -0.216888 False
0.175411 0.216498 -0.217185 False
0.175487 0.215729 -0.216379 False
0.175967 0.215432 -0.215997 False
0.176323 0.215059 -0.213206 False
0.176459 0.214960 -0.211336 False
0.175494 0.215749 -0.215794 False
0.174912 0.217253 -0.217778 False
0.175057 0.217074 -0.217216 False
0.175034 0.216701 -0.216956 False
0.175231 0.215548 -0.216673 False
0.175176 0.216638 -0.217373 False
0.174777 0.216768 -0.217503 False
0.175038 0.216133 -0.217488 False
0.175259 0.216583 -0.217479 False
0.175276 0.215840 -0.217139 False
0.175116 0.215495 -0.217262 False
0.174939 0.215368 -0.217367 False
0.174801 0.216338 -0.217224 False
0.175263 0.215471 -0.216124 False
0.174910 0.215867 -0.216691 False
0.174749 0.215294 -0.216919 False
0.175116 0.216185 -0.217313 False
0.175164 0.216866 -0.217341 False
0.175276 0.217021 -0.216862 False
0.175254 0.217040 -0.217541 False
0.175306 0.216993 -0.217077 False
0.175302 0.216731 -0.217214 False
0.175242 0.215692 -0.216569 False
0.175265 0.215437 -0.216745 False
0.175411 0.216642 -0.216800 False
0.175463 0.216723 -0.216461 False
0.175371 0.215769 -0.216230 False
0.174988 0.215104 -0.216367 False
0.175385 0.215643 -0.216638 False
0.175254 0.216708 -0.216554 False
0.175149 0.216726 -0.216745 False
0.174674 0.215759 -0.216536 False
0.175075 0.215584 -0.217140 False
0.175189 0.215918 -0.217327 False
0.175180 0.216783 -0.217442 False
0.174813 0.216842 -0.216765 False
0.175048 0.216189 -0.216895 False
0.174682 0.215309 -0.216334 False
0.174686 0.216073 -0.216083 False
0.175060 0.216347 -0.216319 False
0.175053 0.216564 -0.216685 False
0.174670 0.215485 -0.217697 False
0.175089 0.216197 -0.217430 False
0.175178 0.214814 -0.216557 False
0.175012 0.215389 -0.216449 False
0.174033 0.215384 -0.219350 False
0.171023 0.216467 -0.232049 False
0.175262 0.215809 -0.232022 False
0.180015 0.214909 -0.228584 False
0.183520 0.214195 -0.223384 False
0.177370 0.215068 -0.217813 False
0.175652 0.214925 -0.216069 False
0.175230 0.215188 -0.215875 False
0.175391 0.215948 -0.216019 False
0.175886 0.215183 -0.216386 False
0.175390 0.215513 -0.216712 False
0.175307 0.215973 -0.216286 False
0.175506 0.215655 -0.216344 False
0.175236 0.217079 -0.217302 False
0.175568 0.216441 -0.216610 False
0.175560 0.215567 -0.216279 False
0.175807 0.216112 -0.216179 False
0.175835 0.216294 -0.216053 False
0.175677 0.216425 -0.216039 False
0.175494 0.216333 -0.216100 False
0.174957 0.216292 -0.216360 False
0.175242 0.216197 -0.216104 False
0.174988 0.215831 -0.216043 False
0.175257 0.215991 -0.216039 False
0.175145 0.215392 -0.216045 False
0.175385 0.215904 -0.216107 False
0.175460 0.215379 -0.216148 False
0.175060 0.215243 -0.216487 False
0.175337 0.215621 -0.216110 False
0.175379 0.215967 -0.216029 False
0.175238 0.215425 -0.216095 False
0.175189 0.216100 -0.216391 False
0.174905 0.216212 -0.216315 False
0.174809 0.215564 -0.217004 False
0.175160 0.215928 -0.216873 False
0.174840 0.217143 -0.217387 False
0.174661 0.216527 -0.216307 False
0.174614 0.216405 -0.216044 False
0.174620 0.216588 -0.216007 False
0.174937 0.216349 -0.216027 False
0.174979 0.216200 -0.216170 False
0.175272 0.215818 -0.216715 False
0.174959 0.215956 -0.216543 False
0.174889 0.215306 -0.216150 False
0.175080 0.216049 -0.216514 False
0.174699 0.216160 -0.216348 False
0.174676 0.215861 -0.216778 False
0.174760 0.216198 -0.217244 False
0.174647 0.216286 -0.216615 False
0.174558 0.216288 -0.216916 False
0.174555 0.216206 -0.216930 False
0.174645 0.215890 -0.217035 False
0.175063 0.216243 -0.216954 False
0.175153 0.215435 -0.216524 False
0.174779 0.215952 -0.216908 False
0.174915 0.216216 -0.217275 False
0.174715 0.216199 -0.217132 False
0.174886 0.215933 -0.217418 False
0.174626 0.216490 -0.217515 False
0.174548 0.216343 -0.217616 False
0.174506 0.216194 -0.216983 False
0.174425 0.215743 -0.216654 False
0.174622 0.215650 -0.217416 False
0.174953 0.215842 -0.217575 False
0.174585 0.215327 -0.217607 False
0.174099 0.215166 -0.217473 False
0.174034 0.216094 -0.216605 False
0.174528 0.216290 -0.216868 False
0.175034 0.216388 -0.216554 False
0.175351 0.216670 -0.217067 False
0.175142 0.216119 -0.217967 False
0.174245 0.216983 -0.217957 False
0.174531 0.218735 -0.218179 False
0.174534 0.216277 -0.216977 False
0.174202 0.215755 -0.216084 False
0.174614 0.215634 -0.216670 False
0.177571 0.215069 -0.217712 False
0.192010 0.212585 -0.220510 False
0.212287 0.209056 -0.224433 False
0.237566 0.204653 -0.229324 False
0.267010 0.199546 -0.235025 False
0.299785 0.193904 -0.241376 False
0.335052 0.187898 -0.248219 False
0.371976 0.181697 -0.255397 False
0.409719 0.175472 -0.262750 False
0.447447 0.169392 -0.270121 False
0.484322 0.163627 -0.277350 False
0.519507 0.158347 -0.284280 False
0.552168 0.153722 -0.290752 False
0.581466 0.149922 -0.296608 False
0.606566 0.147117 -0.301689 False
0.626631 0.145476 -0.305837 False
0.632207 0.144573 -0.306027 False
0.637798 0.145907 -0.308589 False
0.661378 0.152258 -0.321837 False
0.687316 0.160347 -0.338256 False
0.712070 0.168773 -0.355182 False
0.732097 0.176135 -0.369951 False
0.743853 0.181032 -0.379899 False
0.743797 0.182063 -0.382362 False
0.728384 0.177828 -0.374675 False
0.694072 0.166926 -0.354175 False
0.637319 0.147955 -0.318197 False
0.563967 0.125565 -0.272049 False
0.327668 0.044439 -0.124335 False
0.268768 0.025098 -0.098042 False
0.258846 0.021228 -0.095641 False
0.259641 0.021594 -0.097835 False
0.261238 0.022557 -0.099587 False
0.262703 0.024416 -0.099438 False
0.263657 0.024817 -0.098377 False
0.265619 0.024280 -0.092763 False
0.266986 0.021422 -0.097395 False
0.268051 0.018454 -0.102773 False
0.268162 0.017522 -0.101893 False
0.267459 0.017385 -0.100227 False
0.264801 0.018104 -0.100186 False
0.263749 0.016860 -0.100530 False
0.263682 0.017019 -0.099556 False
0.263458 0.021522 -0.099666 False
0.263386 0.020090 -0.099974 False
0.263942 0.020760 -0.099375 False
0.264025 0.022708 -0.099549 False
0.264006 0.024582 -0.099363 False
0.263649 0.024893 -0.099359 False
0.263983 0.024219 -0.099467 False
0.263955 0.021160 -0.099179 False
0.264080 0.020155 -0.099548 False
0.264002 0.018864 -0.099605 False
0.263968 0.019837 -0.100473 False
0.263536 0.019171 -0.099784 False
0.263971 0.018338 -0.099579 False
0.263557 0.018173 -0.099556 False
0.263594 0.018191 -0.099547 False
0.263577 0.018516 -0.099510 False
0.263606 0.019607 -0.099462 False
0.263320 0.018519 -0.099863 False
0.263547 0.018200 -0.099735 False
0.263626 0.018189 -0.100069 False
0.263393 0.018346 -0.099712 False
0.264187 0.018973 -0.099653 False
0.264306 0.018937 -0.099838 False
0.264160 0.018961 -0.099574 False
0.263964 0.019792 -0.099380 False
0.263754 0.018942 -0.099556 False
0.263790 0.020054 -0.100421 False
0.263482 0.020008 -0.100311 False
0.263362 0.018595 -0.100146 False
0.263797 0.018591 -0.099536 False
0.263895 0.020096 -0.099655 False
0.263915 0.020739 -0.100153 False
0.264309 0.021929 -0.100156 False
0.263977 0.020761 -0.099727 False
0.263679 0.020493 -0.099578 False
0.263997 0.020800 -0.099631 False
0.264205 0.022321 -0.099808 False
0.263996 0.022644 -0.099544 False
0.263407 0.022358 -0.100009 False
0.263495 0.020909 -0.099736 False
0.263635 0.020722 -0.099935 False
0.264499 0.020912 -0.100869 False
0.266957 0.016269 -0.101181 False
0.262615 0.017627 -0.095054 False
0.258432 0.019827 -0.090192 False
0.262111 0.020371 -0.097956 False
0.263002 0.020461 -0.099824 False
0.263274 0.020409 -0.100120 False
0.263311 0.020419 -0.099989 False
0.263739 0.020743 -0.099786 False
0.263332 0.022155 -0.098232 False
0.261454 0.022473 -0.095792 False
0.252951 0.023335 -0.090551 False
0.247412 0.027873 -0.090131 False
0.241803 0.034555 -0.091866 False
0.236139 0.043167 -0.095573 False
0.230439 0.053498 -0.101068 False
0.224716 0.065336 -0.108170 False
0.218989 0.078467 -0.116695 False
0.213272 0.092680 -0.126461 False
0.207582 0.107762 -0.137285 False
0.201936 0.123501 -0.148985 False
0.196349 0.139685 -0.161378 False
0.190838 0.156102 -0.174280 False
0.185419 0.172538 -0.187510 False
0.180108 0.188783 -0.200885 False
0.174922 0.204623 -0.214222 False
0.169876 0.219846 -0.227338 False
0.164987 0.234239 -0.240051 False
0.160271 0.247592 -0.252178 False
0.155745 0.259691 -0.263537 False
0.151440 0.270178 -0.273850 False
0.147344 0.279165 -0.283148 False
0.143461 0.286617 -0.291364 False
0.139795 0.292500 -0.298435 False
0.136350 0.296778 -0.304296 False
0.133129 0.299419 -0.308882 False
0.130136 0.300386 -0.312129 False
0.127376 0.299646 -0.313971 False
0.124850 0.297165 -0.314344 False
0.122565 0.292907 -0.313183 False
0.120522 0.286839 -0.310424 False
0.118726 0.278926 -0.306002 False
0.117181 0.269133 -0.299851 False
0.115891 0.257426 -0.291909 False
0.114859 0.243771 -0.282109 False
0.111587 0.220060 -0.261207 False
0.116284 0.214440 -0.265176 False
0.117972 0.214839 -0.266173 False
0.117870 0.214136 -0.266208 False
0.117678 0.215053 -0.266277 False
0.117222 0.216645 -0.266318 False
0.117111 0.215215 -0.266266 False
0.117544 0.215222 -0.266330 False
0.117412 0.216302 -0.266509 False
0.117156 0.215776 -0.267186 False
0.117157 0.216330 -0.266688 False
0.117719 0.217193 -0.267214 False
0.117879 0.216581 -0.267972 False
0.117931 0.216993 -0.267744 False
0.117992 0.217313 -0.267564 False
0.117747 0.216474 -0.267219 False
0.117605 0.216465 -0.267342 False
0.117276 0.217167 -0.267115 False
0.117917 0.216132 -0.266260 False
0.118137 0.214804 -0.266123 False
0.117971 0.214151 -0.266382 False
0.117952 0.214543 -0.266676 False
0.118067 0.214936 -0.266509 False
0.118280 0.216169 -0.266852 False
0.117796 0.217186 -0.266923 False
0.117079 0.216450 -0.266523 False
0.116954 0.216238 -0.266306 False
0.117809 0.216161 -0.266101 False
0.117719 0.215950 -0.266674 False
0.117473 0.215097 -0.266399 False
0.117615 0.214946 -0.266338 False
0.118020 0.215087 -0.266314 False
0.117819 0.215769 -0.266709 False
0.117801 0.215134 -0.267199 False
0.118025 0.214981 -0.266371 False
0.117814 0.214844 -0.266496 False
0.117088 0.214652 -0.266952 False
0.117177 0.214826 -0.266837 False
0.118208 0.214855 -0.267088 False
0.117814 0.214856 -0.266502 False
0.117502 0.214684 -0.266715 False
0.117413 0.214843 -0.266799 False
0.117319 0.214906 -0.267265 False
0.117886 0.214930 -0.266471 False
0.118032 0.214929 -0.266625 False
0.118076 0.215139 -0.266631 False
0.117974 0.215985 -0.267153 False
0.117494 0.215900 -0.267361 False
0.118018 0.214454 -0.267424 False
0.118124 0.214389 -0.267451 False
0.118075 0.214171 -0.266968 False
0.117784 0.214228 -0.266594 False
0.117536 0.214990 -0.266751 False
0.117760 0.216061 -0.266866 False
0.117271 0.216206 -0.266936 False
0.117123 0.216004 -0.267240 False
0.117141 0.215144 -0.267310 False
0.117315 0.215140 -0.267302 False
0.117011 0.215955 -0.267239 False
0.117153 0.215928 -0.267024 False
0.116973 0.214983 -0.266834 False
0.117116 0.214936 -0.267338 False
0.117446 0.215110 -0.267727 False
0.117742 0.215990 -0.267466 False
0.117769 0.216153 -0.267288 False
0.117892 0.215989 -0.267424 False
0.117769 0.215161 -0.266995 False
0.117750 0.215710 -0.266540 False
0.117777 0.215051 -0.266484 False
0.117639 0.214942 -0.266618 False
0.117724 0.215665 -0.266711 False
0.117820 0.215179 -0.266615 False
0.117867 0.216221 -0.267064 False
0.117943 0.217444 -0.266853 False
0.117792 0.217685 -0.266861 False
0.117763 0.217473 -0.266692 False
0.117583 0.216446 -0.266766 False
0.117707 0.216194 -0.266895 False
0.117573 0.216159 -0.266935 False
0.117776 0.216168 -0.266959 False
0.118080 0.216183 -0.266858 False
0.118203 0.216190 -0.266478 False
0.117690 0.216144 -0.266348 False
0.117059 0.215864 -0.267026 False
0.116931 0.214500 -0.267036 False
0.117084 0.215099 -0.267322 False
0.117758 0.217177 -0.267155 False
0.117759 0.217646 -0.267038 False
0.117755 0.217481 -0.266661 False
0.117779 0.216501 -0.266886 False
0.117892 0.216463 -0.266533 False
0.117938 0.217162 -0.266523 False
0.117554 0.216134 -0.266887 False
0.117345 0.214834 -0.267098 False
0.117509 0.214209 -0.267080 False
0.117250 0.214756 -0.267063 False
0.117810 0.215203 -0.267136 False
0.117726 0.216319 -0.267226 False
0.116819 0.214956 -0.266630 False
0.116593 0.214350 -0.266718 False
0.116752 0.214971 -0.267576 False
0.117548 0.216228 -0.267513 False
0.117207 0.217387 -0.267349 False
0.117533 0.217207 -0.267298 False
0.117435 0.215494 -0.266831 False
0.117835 0.216198 -0.267503 False
0.117725 0.216875 -0.267537 False
0.117577 0.217345 -0.267875 False
0.117749 0.216745 -0.268087 False
0.117950 0.217463 -0.267717 False
0.117860 0.217262 -0.267535 False
0.117328 0.215610 -0.267172 False
0.117419 0.214844 -0.267171 False
0.117651 0.215057 -0.267515 False
0.117720 0.216015 -0.267621 False
0.117666 0.216382 -0.267703 False
0.117862 0.216827 -0.267619 False
0.117668 0.214557 -0.267509 False
0.117991 0.214046 -0.267160 False
0.118166 0.213956 -0.267436 False
0.117717 0.214312 -0.267317 False
0.117936 0.215919 -0.267552 False
0.117904 0.216598 -0.267641 False
0.117542 0.215977 -0.267758 False
0.117503 0.214741 -0.267505 False
0.117710 0.215801 -0.267455 False
0.117722 0.215914 -0.267263 False
0.117681 0.215284 -0.267456 False
0.117517 0.215972 -0.267391 False
0.117459 0.216153 -0.267737 False
0.117541 0.216185 -0.267657 False
0.117836 0.216186 -0.267325 False
0.117614 0.216187 -0.267534 False
0.117496 0.216195 -0.267593 False
0.117424 0.216204 -0.267613 False
0.117393 0.216164 -0.267663 False
0.117455 0.215789 -0.267822 False
0.117466 0.214372 -0.267698 False
0.117522 0.214418 -0.267790 False
0.117499 0.215740 -0.267641 False
0.117364 0.215828 -0.267306 False
0.117515 0.214984 -0.268060 False
0.117617 0.216862 -0.267891 False
0.117757 0.216394 -0.267667 False
0.117920 0.216221 -0.267598 False
0.117628 0.216218 -0.267513 False
0.117745 0.216426 -0.267234 False
0.117904 0.217199 -0.267514 False
0.117729 0.216371 -0.267611 False
0.117578 0.215866 -0.267740 False
0.117806 0.214736 -0.268161 False
0.118219 0.215826 -0.267851 False
0.118112 0.216123 -0.267267 False
0.118072 0.216178 -0.267262 False
0.117775 0.216182 -0.267236 False
0.117602 0.216219 -0.267693 False
0.117495 0.216422 -0.267556 False
0.117571 0.217149 -0.267245 False
0.117729 0.216170 -0.267480 False
0.117690 0.215249 -0.267438 False
0.117944 0.216214 -0.267735 False
0.117801 0.217354 -0.267643 False
0.117792 0.217149 -0.267661 False
0.117782 0.215260 -0.267814 False
0.117737 0.216570 -0.267656 False
0.117566 0.214920 -0.267620 False
0.117588 0.215506 -0.267610 False
0.117212 0.214429 -0.267617 False
0.117638 0.214607 -0.267607 False
0.117765 0.214897 -0.267560 False
0.117927 0.215902 -0.267422 False
0.117781 0.216175 -0.266853 False
0.117742 0.216449 -0.267438 False
0.117735 0.217457 -0.267600 False
0.117733 0.217693 -0.267623 False
0.117710 0.217725 -0.267633 False
0.117594 0.217716 -0.267662 False
0.117165 0.217669 -0.267839 False
0.117371 0.217459 -0.267773 False
0.116840 0.216693 -0.267761 False
0.117197 0.217481 -0.267763 False
0.117607 0.217700 -0.267515 False
0.117684 0.217642 -0.267177 False
0.117630 0.217039 -0.267009 False
0.117316 0.214653 -0.266971 False
0.117314 0.214685 -0.266944 False
0.117640 0.217040 -0.266832 False
0.117781 0.217636 -0.267384 False
0.117974 0.217731 -0.267361 False
0.117791 0.217723 -0.267468 False
0.117695 0.217707 -0.267528 False
0.117521 0.217699 -0.267630 False
0.117547 0.217695 -0.267328 False
0.117229 0.217694 -0.267161 False
0.117746 0.217695 -0.267135 False
0.117934 0.217695 -0.267130 False
0.117821 0.217698 -0.267232 False
0.117866 0.217702 -0.267646 False
0.117811 0.217702 -0.267634 False
0.117548 0.217663 -0.267142 False
0.117462 0.217458 -0.267129 False
0.117476 0.216703 -0.267196 False
0.117528 0.217462 -0.267194 False
0.117740 0.217671 -0.267372 False
0.117593 0.217709 -0.267723 False
0.117697 0.217670 -0.267285 False
0.117725 0.217457 -0.267163 False
0.117724 0.216681 -0.267119 False
0.117680 0.217453 -0.267047 False
0.117518 0.217662 -0.267177 False
0.117473 0.217702 -0.267432 False
0.117515 0.217702 -0.267518 False
0.117717 0.217698 -0.267291 False
0.117879 0.217696 -0.267444 False
0.117772 0.217695 -0.267490 False
0.117739 0.217694 -0.267475 False
0.117738 0.217694 -0.267137 False
0.117771 0.217694 -0.267388 False
0.117888 0.217695 -0.268028 False
0.117653 0.217696 -0.268308 False
0.117919 0.217700 -0.268405 False
0.117720 0.217708 -0.267503 False
0.117461 0.217714 -0.267993 False
0.117253 0.217680 -0.267711 False
0.117380 0.217430 -0.267621 False
0.116969 0.216397 -0.267555 False
0.116294 0.216131 -0.267416 False
0.114642 0.216138 -0.266976 False
0.112132 0.216580 -0.267138 False
0.111777 0.218580 -0.267458 False
0.129321 0.225322 -0.269740 False
0.220913 0.240764 -0.281651 False
0.538256 0.164490 -0.300081 False
0.621121 0.146869 -0.305455 False
0.636791 0.143904 -0.308294 False
0.636134 0.144555 -0.307317 False
0.633897 0.144413 -0.308693 False
0.632419 0.143563 -0.309114 False
0.630656 0.143665 -0.308042 False
0.631859 0.142699 -0.312490 False
0.632455 0.142628 -0.313471 False
0.632093 0.143406 -0.312585 False
0.630527 0.144646 -0.307599 False
0.630718 0.144900 -0.306840 False
0.630954 0.144810 -0.306676 False
0.629826 0.144254 -0.305110 False
0.629263 0.144026 -0.305822 False
0.629511 0.143583 -0.304820 False
0.629834 0.143939 -0.306066 False
0.631514 0.143681 -0.306803 False
0.636382 0.142368 -0.312912 False
0.648555 0.143400 -0.315379 False
0.648168 0.146468 -0.314736 False
0.637348 0.146722 -0.309478 False
0.625448 0.144732 -0.305047 False
0.579126 0.129184 -0.284159 False
0.404590 0.063692 -0.192099 False
0.360987 0.025777 -0.159725 False
0.353706 0.019647 -0.159164 False
0.354321 0.019156 -0.160301 False
0.355713 0.019977 -0.161459 False
0.356459 0.018989 -0.162923 False
0.356576 0.019004 -0.165754 False
0.357098 0.018863 -0.162833 False
0.357152 0.019116 -0.162215 False
0.356677 0.020047 -0.163137 False
0.356748 0.020075 -0.164210 False
0.357224 0.016874 -0.165192 False
0.357235 0.017131 -0.163524 False
0.356708 0.017784 -0.162851 False
0.354801 0.018031 -0.161882 False
0.355012 0.018777 -0.162253 False
0.355559 0.019289 -0.163030 False
0.356169 0.019205 -0.163937 False
0.355865 0.016195 -0.164141 False
0.355881 0.015466 -0.166490 False
0.356365 0.018652 -0.164200 False
0.356513 0.020039 -0.163815 False
0.356523 0.017904 -0.163211 False
0.356533 0.019340 -0.162184 False
0.356555 0.018793 -0.162029 False
0.356513 0.020588 -0.161994 False
0.356458 0.020484 -0.162033 False
0.356489 0.020681 -0.162128 False
0.356466 0.019177 -0.162468 False
0.356447 0.018451 -0.162104 False
0.356486 0.017776 -0.161895 False
0.356533 0.017045 -0.161892 False
0.356490 0.018245 -0.162116 False
0.356562 0.018061 -0.162580 False
0.356690 0.018432 -0.162730 False
0.357030 0.017830 -0.162858 False
0.356680 0.017972 -0.163377 False
0.356524 0.019350 -0.163694 False
0.356483 0.018699 -0.162856 False
0.356472 0.021328 -0.162415 False
0.356485 0.021389 -0.162940 False
0.356485 0.021355 -0.162203 False
0.356497 0.020911 -0.161948 False
0.356664 0.016780 -0.162108 False
0.357214 0.017223 -0.162491 False
0.357361 0.017242 -0.162300 False
0.357384 0.017308 -0.162699 False
0.357384 0.016551 -0.163063 False
0.357378 0.016154 -0.162249 False
0.357350 0.015858 -0.161945 False
0.357231 0.016678 -0.161967 False
0.356810 0.017926 -0.161992 False
0.357203 0.018937 -0.162115 False
0.357176 0.017999 -0.162634 False
0.356629 0.017419 -0.162904 False
0.356477 0.019466 -0.162144 False
0.356500 0.021134 -0.161790 False
0.356510 0.019497 -0.161784 False
0.356530 0.018925 -0.161739 False
0.356565 0.018983 -0.161788 False
0.356573 0.019091 -0.161809 False
0.356566 0.019155 -0.161801 False
0.356537 0.019866 -0.161786 False
0.356528 0.016835 -0.161744 False
0.356554 0.017223 -0.161805 False
0.356529 0.020402 -0.161826 False
0.356511 0.021009 -0.162030 False
0.356490 0.020494 -0.162834 False
0.356444 0.020217 -0.162593 False
0.356338 0.017544 -0.162289 False
0.356125 0.020493 -0.163181 False
0.355710 0.019207 -0.164389 False
0.355388 0.019420 -0.164618 False
0.356885 0.018443 -0.163922 False
0.365450 0.021453 -0.167478 False
0.402108 0.038386 -0.185807 False
0.529684 0.103508 -0.257941 False
0.402468 0.041433 -0.185462 False
0.364862 0.023771 -0.165701 False
0.355879 0.020072 -0.162825 False
0.354371 0.019311 -0.161984 False
0.353949 0.021112 -0.161236 False
0.353378 0.028379 -0.161905 False
0.354784 0.061898 -0.166089 False
0.365238 0.034105 -0.163462 False
0.442497 0.063505 -0.204433 False
0.530344 0.101557 -0.253632 False
0.611258 0.137146 -0.298402 False
0.632651 0.145199 -0.310207 False
0.639432 0.145654 -0.312326 False
0.653439 0.149199 -0.317796 False
0.663145 0.151346 -0.321254 False
0.669024 0.152314 -0.322973 False
0.671549 0.152318 -0.323228 False
0.671196 0.151577 -0.322294 False
0.668439 0.150307 -0.320446 False
0.663751 0.148725 -0.317958 False
0.657608 0.147050 -0.315105 False
0.650484 0.145498 -0.312161 False
0.642853 0.144286 -0.309402 False
0.635189 0.143631 -0.307101 False
0.638048 0.142742 -0.307141 False
0.633960 0.144082 -0.306159 False
0.622758 0.145809 -0.303490 False
0.570561 0.160063 -0.294587 False
0.341246 0.219953 -0.250937 False
0.499465 0.173776 -0.281948 False
0.372525 0.207920 -0.253294 False
0.267617 0.237079 -0.229560 False
0.417389 0.198340 -0.261397 False
0.586554 0.153207 -0.298997 False
0.624715 0.144926 -0.306152 False
0.603976 0.151192 -0.306914 False
0.453671 0.185956 -0.277453 False
0.331617 0.212058 -0.253744 False
0.555602 0.160514 -0.293380 False
0.622527 0.145589 -0.304298 False
0.640258 0.141575 -0.308218 False
0.649270 0.137735 -0.312296 False
0.620313 0.142891 -0.309458 False
0.542413 0.160704 -0.296514 False
0.239976 0.226379 -0.250618 False
0.158718 0.248339 -0.230988 False
0.140559 0.225913 -0.216498 False
0.135746 0.216777 -0.208585 False
0.133424 0.215823 -0.230785 False
0.127282 0.214292 -0.244288 False
0.124615 0.214089 -0.244620 False
0.125620 0.214574 -0.254806 False
0.128042 0.214703 -0.254156 False
0.127870 0.214951 -0.251506 False
0.129497 0.214555 -0.263971 False
0.130520 0.214531 -0.267126 False
0.130855 0.214471 -0.267517 False
0.130773 0.214238 -0.267562 False
0.130722 0.214477 -0.267607 False
0.130693 0.214542 -0.267685 False
0.130959 0.214554 -0.267475 False
0.131025 0.214545 -0.267397 False
0.130908 0.214500 -0.267331 False
0.130696 0.214537 -0.267173 False
0.130472 0.214455 -0.267406 False
0.130506 0.214033 -0.267977 False
0.130543 0.213540 -0.270745 False
0.130634 0.213952 -0.268189 False
0.130559 0.214071 -0.267859 False
0.130569 0.214095 -0.267776 False
0.130620 0.214060 -0.267549 False
0.130801 0.213869 -0.267485 False
0.130681 0.213375 -0.267740 False
0.130809 0.213421 -0.267595 False
0.130666 0.213797 -0.267586 False
0.130764 0.213909 -0.267541 False
0.130992 0.214158 -0.267550 False
0.130975 0.214772 -0.267552 False
0.130674 0.214025 -0.267867 False
0.130602 0.213798 -0.268553 False
0.130595 0.215066 -0.270187 False
0.129872 0.215730 -0.268583 False
0.130285 0.214867 -0.267748 False
0.130186 0.214118 -0.267584 False
0.130459 0.214073 -0.267805 False
0.130943 0.214415 -0.267564 False
0.131077 0.214136 -0.267440 False
0.131097 0.214565 -0.267479 False
0.130791 0.214601 -0.267512 False
0.130688 0.214355 -0.267510 False
0.130906 0.215072 -0.267519 False
0.130761 0.214679 -0.267493 False
0.130756 0.214093 -0.267382 False
0.130899 0.213907 -0.267473 False
0.130991 0.214404 -0.267443 False
0.130923 0.214024 -0.267231 False
0.131340 0.213694 -0.267448 False
0.131186 0.213495 -0.267506 False
0.130977 0.213841 -0.267515 False
0.131431 0.213815 -0.267485 False
0.131552 0.213716 -0.267419 False
0.131536 0.213745 -0.267298 False
0.131394 0.213854 -0.268062 False
0.131490 0.214372 -0.270275 False
0.131399 0.213858 -0.268805 False
0.131545 0.213726 -0.270372 False
0.131568 0.213360 -0.268148 False
0.131190 0.213524 -0.267607 False
0.131081 0.213382 -0.267649 False
0.130755 0.213820 -0.267639 False
0.130990 0.213933 -0.269102 False
0.131442 0.214000 -0.267912 False
0.131548 0.214178 -0.267635 False
0.131507 0.214948 -0.267666 False
0.131277 0.214778 -0.267527 False
0.131490 0.214577 -0.267512 False
0.131449 0.214027 -0.267570 False
0.131073 0.213725 -0.267808 False
0.131036 0.213667 -0.268080 False
0.130948 0.213689 -0.267975 False
0.130928 0.213826 -0.267688 False
0.130929 0.214314 -0.267843 False
0.130949 0.213828 -0.267596 False
0.131018 0.213712 -0.267582 False
0.130949 0.213781 -0.267780 False
0.130930 0.214019 -0.267990 False
0.130916 0.214278 -0.267560 False
0.130868 0.213905 -0.267280 False
0.130688 0.213318 -0.267650 False
0.130808 0.213737 -0.267533 False
0.130678 0.213616 -0.267539 False
0.130799 0.214189 -0.267848 False
0.130620 0.214024 -0.269194 False
0.130562 0.213742 -0.270795 False
0.130511 0.213457 -0.268497 False
0.130373 0.213536 -0.267674 False
0.130497 0.213120 -0.267514 False
0.130497 0.213248 -0.267508 False
0.130547 0.213733 -0.267517 False
0.130571 0.213215 -0.267453 False
0.130613 0.213311 -0.267533 False
0.130743 0.213651 -0.267632 False
0.130451 0.213304 -0.267918 False
0.130588 0.213160 -0.267341 False
0.130798 0.213483 -0.267468 False
0.130672 0.213086 -0.267517 False
0.130580 0.212964 -0.267571 False
0.130514 0.213009 -0.267902 False
0.130338 0.213275 -0.267474 False
0.130318 0.214291 -0.267239 False
0.130337 0.213883 -0.267539 False
0.130106 0.213634 -0.267527 False
0.129499 0.213091 -0.267151 False
0.129535 0.213043 -0.267152 False
0.130268 0.213474 -0.267401 False
0.130293 0.213219 -0.267498 False
0.130203 0.213553 -0.267235 False
0.129870 0.213379 -0.267545 False
0.129661 0.213563 -0.267528 False
0.130085 0.213264 -0.267129 False
0.130084 0.213498 -0.267060 False
0.130067 0.213108 -0.267163 False
0.129582 0.213151 -0.267490 False
0.129830 0.213759 -0.267183 False
0.129678 0.214304 -0.267109 False
0.130194 0.213486 -0.267125 False
0.130551 0.213712 -0.267432 False
0.130782 0.213132 -0.267153 False
0.130575 0.213086 -0.267262 False
0.130355 0.213224 -0.267733 False
0.130331 0.213153 -0.267255 False
0.130508 0.213535 -0.267369 False
0.130620 0.213367 -0.267423 False
0.130892 0.213576 -0.267551 False
0.131093 0.213713 -0.267664 False
0.131570 0.213740 -0.267910 False
0.131037 0.213739 -0.267247 False
0.130688 0.213735 -0.267193 False
0.130668 0.213748 -0.267484 False
0.130723 0.213841 -0.267170 False
0.130469 0.214418 -0.267086 False
0.129985 0.213957 -0.267103 False
0.129719 0.213286 -0.267326 False
0.129895 0.213581 -0.268168 False
0.130082 0.213859 -0.267491 False
0.130490 0.214377 -0.267902 False
0.130534 0.213974 -0.267943 False
0.130481 0.213320 -0.267777 False
0.130686 0.213104 -0.268512 False
0.130807 0.213063 -0.270411 False
0.130611 0.213538 -0.268342 False
0.130511 0.214479 -0.267626 False
0.130542 0.214442 -0.267451 False
0.130566 0.213409 -0.267627 False
0.130646 0.213532 -0.268097 False
0.130929 0.214231 -0.268278 False
0.130939 0.213592 -0.268537 False
0.130905 0.213717 -0.268170 False
0.130485 0.213792 -0.267746 False
0.130598 0.213433 -0.267992 False
0.130835 0.213701 -0.267732 False
0.130843 0.213302 -0.268066 False
0.130631 0.213248 -0.268404 False
0.130583 0.213393 -0.267831 False
0.130619 0.213867 -0.268061 False
0.130790 0.213976 -0.268090 False
0.130630 0.213959 -0.267822 False
0.130628 0.213894 -0.268405 False
0.130792 0.213669 -0.268094 False
0.130654 0.213530 -0.267983 False
0.130734 0.214356 -0.268119 False
0.130875 0.214063 -0.268179 False
0.130848 0.213946 -0.268164 False
0.130594 0.213788 -0.268117 False
0.130425 0.213440 -0.268524 False
0.130337 0.213847 -0.269032 False
0.130731 0.213969 -0.271729 False
0.130702 0.213388 -0.268663 False
0.130965 0.213660 -0.267799 False
0.130943 0.215337 -0.268068 False
0.130891 0.214431 -0.268174 False
0.130723 0.214607 -0.268209 False
0.130595 0.214534 -0.268222 False
0.130566 0.213983 -0.268220 False
0.130575 0.213481 -0.267837 False
0.130620 0.213798 -0.268323 False
0.130465 0.213546 -0.268245 False
0.130538 0.213923 -0.268182 False
0.130614 0.213958 -0.268050 False
0.130847 0.213962 -0.268004 False
0.131335 0.213963 -0.267923 False
0.130850 0.213947 -0.268065 False
0.130625 0.213839 -0.268253 False
0.130301 0.213384 -0.267611 False
0.130627 0.213215 -0.267547 False
0.130880 0.213206 -0.267654 False
0.131504 0.213305 -0.268085 False
0.131505 0.213371 -0.267606 False
0.130899 0.213526 -0.267699 False
0.130734 0.213298 -0.268328 False
0.130727 0.213390 -0.267870 False
0.130851 0.213674 -0.268213 False
0.131290 0.213420 -0.267697 False
0.130994 0.213756 -0.267639 False
0.130760 0.214368 -0.267901 False
0.130658 0.213993 -0.267620 False
0.130496 0.213575 -0.267548 False
0.130648 0.213883 -0.267536 False
0.130696 0.213848 -0.267525 False
0.130718 0.213552 -0.267459 False
0.130765 0.213921 -0.267227 False
0.130915 0.214037 -0.267359 False
0.130684 0.213958 -0.267418 False
0.130726 0.213873 -0.267472 False
0.130812 0.213538 -0.267382 False
0.130625 0.214207 -0.267536 False
0.130584 0.215576 -0.267533 False
0.130649 0.214951 -0.267555 False
0.130929 0.214784 -0.267673 False
0.130796 0.214747 -0.267615 False
0.131149 0.214737 -0.267884 False
0.130749 0.214683 -0.268487 False
0.130792 0.214505 -0.268186 False
0.131336 0.213794 -0.268086 False
0.130840 0.214539 -0.268101 False
0.130615 0.214853 -0.268669 False
0.130595 0.215505 -0.268538 False
0.130752 0.214052 -0.268513 False
0.131335 0.214528 -0.268282 False
0.130888 0.214450 -0.268047 False
0.130836 0.213632 -0.267690 False
0.131120 0.213724 -0.267690 False
0.131179 0.213813 -0.267243 False
0.131096 0.213695 -0.267323 False
0.130899 0.213908 -0.267402 False
0.130644 0.214504 -0.267486 False
0.130451 0.214425 -0.267500 False
0.130732 0.213961 -0.267421 False
0.131090 0.214112 -0.267400 False
0.131084 0.214619 -0.267412 False
0.130705 0.214749 -0.267513 False
0.130636 0.214758 -0.267965 False
0.130722 0.214699 -0.267910 False
0.130324 0.213958 -0.267246 False
0.130028 0.212980 -0.267132 False
0.130082 0.213338 -0.267176 False
0.130406 0.212958 -0.266526 False
0.130408 0.212592 -0.266203 False
0.130687 0.212852 -0.267264 False
0.131198 0.213256 -0.267954 False
0.130567 0.213939 -0.267502 False
0.130495 0.214013 -0.267234 False
0.130295 0.213940 -0.267478 False
0.130154 0.214001 -0.267633 False
0.130334 0.213956 -0.267696 False
0.129938 0.213698 -0.267951 False
0.129517 0.213398 -0.268441 False
0.129420 0.213788 -0.268450 False
0.129440 0.214005 -0.268178 False
0.129858 0.214444 -0.267789 False
0.129756 0.213998 -0.267785 False
0.129552 0.213586 -0.268157 False
0.129631 0.213325 -0.267273 False
0.129378 0.213736 -0.267747 False
0.129342 0.213853 -0.267810 False
0.129445 0.213779 -0.268165 False
0.129551 0.213367 -0.268079 False
0.129710 0.213226 -0.268363 False
0.129719 0.213087 -0.267985 False
0.127914 0.213210 -0.262006 False
0.120766 0.214316 -0.237633 False
0.119130 0.218755 -0.222895 False
0.119057 0.224952 -0.209823 False
0.120485 0.232477 -0.198366 False
0.123348 0.240898 -0.188468 False
0.127584 0.249786 -0.180078 False
0.133129 0.258707 -0.173141 False
0.139919 0.267233 -0.167606 False
0.147890 0.274931 -0.163417 False
0.156980 0.281372 -0.160523 False
0.167124 0.286122 -0.158870 False
0.178258 0.288753 -0.158405 False
0.190320 0.288832 -0.159074 False
0.203246 0.285929 -0.160824 False
0.216971 0.279613 -0.163602 False
0.231433 0.269453 -0.167355 False
0.246567 0.255017 -0.172030 False
0.262310 0.235875 -0.177573 False
0.278599 0.211596 -0.183931 False
0.295370 0.181749 -0.191051 False
0.312559 0.145902 -0.198879 False
0.334373 0.093430 -0.214080 False
0.349811 0.052579 -0.209149 False
0.361416 0.022088 -0.203269 False
0.366136 0.016329 -0.218501 False
0.365724 0.017482 -0.213653 False
0.365223 0.017475 -0.211291 False
0.364777 0.016345 -0.209791 False
0.365444 0.017346 -0.211001 False
0.365130 0.017492 -0.210902 False
0.364928 0.019737 -0.211092 False
0.364225 0.018487 -0.209801 False
0.363385 0.017210 -0.201577 False
0.357468 0.015830 -0.196690 False
0.359930 0.016880 -0.202336 False
0.363401 0.018467 -0.209523 False
0.364677 0.020253 -0.211020 False
0.364954 0.019834 -0.211569 False
0.365125 0.018510 -0.211178 False
0.365490 0.017820 -0.210771 False
0.365110 0.019532 -0.210774 False
0.365034 0.017571 -0.210868 False
0.364987 0.017824 -0.210369 False
0.364930 0.016687 -0.210352 False
0.364937 0.015509 -0.209981 False
0.364908 0.015624 -0.210619 False
0.364896 0.016531 -0.211517 False
0.364879 0.016502 -0.210750 False
0.364890 0.018254 -0.210609 False
0.364910 0.017182 -0.208842 False
0.364793 0.016733 -0.202674 False
0.364411 0.018030 -0.208655 False
0.364791 0.018488 -0.210897 False
0.364953 0.019030 -0.211484 False
0.365020 0.018850 -0.210144 False
0.365012 0.017636 -0.210037 False
0.364946 0.017511 -0.211036 False
0.364816 0.018260 -0.211319 False
0.364412 0.018903 -0.211855 False
0.364781 0.018748 -0.211806 False
0.364916 0.017851 -0.211190 False
0.364992 0.017496 -0.209216 False
0.365426 0.019532 -0.210877 False
0.366973 0.030947 -0.218604 False
0.366256 0.079981 -0.231898 False
0.365265 0.114118 -0.239794 False
0.365013 0.040224 -0.216741 False
0.364982 0.021490 -0.211875 False
0.364855 0.018495 -0.209322 False
0.364129 0.019317 -0.208976 False
0.363431 0.017227 -0.201194 False
0.364601 0.018160 -0.206506 False
0.364396 0.016559 -0.198193 False
0.361631 0.015268 -0.196643 False
0.357694 0.015170 -0.196071 False
0.353085 0.017950 -0.195005 False
0.347635 0.022592 -0.194100 False
0.341418 0.028916 -0.193360 False
0.334507 0.036743 -0.192790 False
0.326973 0.045893 -0.192393 False
0.318890 0.056189 -0.192173 False
0.310330 0.067449 -0.192133 False
0.301365 0.079496 -0.192278 False
0.292068 0.092150 -0.192610 False
0.282512 0.105232 -0.193134 False
0.272770 0.118562 -0.193854 False
0.262913 0.131962 -0.194773 False
0.253015 0.145252 -0.195895 False
0.243148 0.158253 -0.197225 False
0.233384 0.170786 -0.198764 False
0.223797 0.182672 -0.200518 False
0.214459 0.193731 -0.202490 False
0.205442 0.203784 -0.204684 False
0.196819 0.212652 -0.207104 False
0.188662 0.220157 -0.209753 False
0.181045 0.226118 -0.212635 False
0.174039 0.230356 -0.215754 False
0.167437 0.232087 -0.219210 False
0.161811 0.232480 -0.222789 False
0.157453 0.232097 -0.226371 False
0.154655 0.231504 -0.229839 False
0.153709 0.231263 -0.233073 False
0.154907 0.231937 -0.235956 False
0.158541 0.234091 -0.238368 False
0.166243 0.240913 -0.239637 False
0.190728 0.250692 -0.245960 False
0.177969 0.248802 -0.237840 False
0.171303 0.222324 -0.233063 False
0.168500 0.216941 -0.229120 False
0.169470 0.217101 -0.213953 False
0.167899 0.216975 -0.212150 False
0.168231 0.215178 -0.211551 False
0.167760 0.214798 -0.219097 False
0.172371 0.216411 -0.230200 False
0.173776 0.216004 -0.232390 False
0.174439 0.214832 -0.231697 False
0.174277 0.217563 -0.232548 False
0.174362 0.217329 -0.232722 False
0.174340 0.217163 -0.232712 False
0.174175 0.216857 -0.232571 False
0.174152 0.215903 -0.232266 False
0.173604 0.217716 -0.232447 False
0.173117 0.216872 -0.232107 False
0.173047 0.215229 -0.232201 False
0.173156 0.216691 -0.232267 False
0.173678 0.217092 -0.231218 False
0.173708 0.217167 -0.231564 False
0.173617 0.217148 -0.231936 False
0.173596 0.217047 -0.231812 False
0.173613 0.216723 -0.232624 False
0.173695 0.217261 -0.232885 False
0.173839 0.217979 -0.232940 False
0.173668 0.216758 -0.233142 False
0.173500 0.216612 -0.232783 False
0.173514 0.217353 -0.232245 False
0.173548 0.216826 -0.232176 False
0.173358 0.217595 -0.232605 False
0.173528 0.217597 -0.232785 False
0.173606 0.216882 -0.232749 False
0.173865 0.217630 -0.232814 False
0.173625 0.217827 -0.232896 False
0.173603 0.217843 -0.232910 False
0.173366 0.217743 -0.232870 False
0.173511 0.217381 -0.232867 False
0.173514 0.217748 -0.232898 False
0.173505 0.217944 -0.232911 False
0.173476 0.218371 -0.232877 False
0.173608 0.218195 -0.232817 False
0.173530 0.218856 -0.232882 False
0.173716 0.218203 -0.232914 False
0.173636 0.218496 -0.232993 False
0.173311 0.218600 -0.233125 False
0.173149 0.218701 -0.233174 False
0.173486 0.218957 -0.232915 False
0.173606 0.218085 -0.232853 False
0.173257 0.217864 -0.232662 False
0.173768 0.217849 -0.232731 False
0.173660 0.217980 -0.232683 False
0.173515 0.218564 -0.232750 False
0.173898 0.218728 -0.232336 False
0.173108 0.217118 -0.232342 False
0.173256 0.217584 -0.232757 False
0.173429 0.217548 -0.232722 False
0.173045 0.216868 -0.232696 False
0.172904 0.217654 -0.232569 False
0.172744 0.217854 -0.232565 False
0.172261 0.217896 -0.232699 False
0.172384 0.217812 -0.232908 False
0.173365 0.217272 -0.232905 False
0.173821 0.215132 -0.233435 False
0.173614 0.215827 -0.232890 False
0.174038 0.215325 -0.232772 False
0.173694 0.215833 -0.233079 False
0.173764 0.214998 -0.233192 False
0.173539 0.214699 -0.233274 False
0.173354 0.216267 -0.232804 False
0.172862 0.217578 -0.232679 False
0.173033 0.217740 -0.232693 False
0.173548 0.217177 -0.232803 False
0.173379 0.216533 -0.232613 False
0.173495 0.216383 -0.232876 False
0.173904 0.216364 -0.232914 False
0.173674 0.216370 -0.232884 False
0.173848 0.216374 -0.232806 False
0.173778 0.216375 -0.233048 False
0.173803 0.216372 -0.232862 False
0.173955 0.216369 -0.232660 False
0.173640 0.216387 -0.232429 False
0.173452 0.216514 -0.232463 False
0.173511 0.217029 -0.232791 False
0.173469 0.217115 -0.232374 False
0.173701 0.217018 -0.232717 False
0.173648 0.216480 -0.232744 False
0.174000 0.216388 -0.232808 False
0.174167 0.216499 -0.232797 False
0.174175 0.217016 -0.232798 False
0.174070 0.217119 -0.232530 False
0.174232 0.217041 -0.232198 False
0.174097 0.216739 -0.232688 False
0.174075 0.217612 -0.232788 False
0.174375 0.217809 -0.232666 False
0.174445 0.217725 -0.232391 False
0.174404 0.217366 -0.232672 False
0.174198 0.217738 -0.232681 False
0.174311 0.217836 -0.232561 False
0.174385 0.217853 -0.232262 False
0.174017 0.217851 -0.232529 False
0.173821 0.217850 -0.232579 False
0.173972 0.217873 -0.232290 False
0.173927 0.217991 -0.232308 False
0.173973 0.218349 -0.232661 False
0.173795 0.217969 -0.232794 False
0.173805 0.217866 -0.232714 False
0.173466 0.217847 -0.232888 False
0.173359 0.217847 -0.233056 False
0.173053 0.217849 -0.232611 False
0.173362 0.217851 -0.232127 False
0.173435 0.217852 -0.231948 False
0.173385 0.217855 -0.232129 False
0.173359 0.217859 -0.232569 False
0.173318 0.217859 -0.232610 False
0.173199 0.217819 -0.232333 False
0.173416 0.217602 -0.232646 False
0.173727 0.216801 -0.232842 False
0.173223 0.217598 -0.233190 False
0.173306 0.217779 -0.233184 False
0.174065 0.217808 -0.233132 False
0.174015 0.217574 -0.232765 False
0.173857 0.216823 -0.232652 False
0.173881 0.217579 -0.232575 False
0.173652 0.217594 -0.232852 False
0.174177 0.216814 -0.233364 False
0.174642 0.217611 -0.233098 False
0.174780 0.217802 -0.232808 False
0.174473 0.217810 -0.232796 False
0.174222 0.217657 -0.232919 False
0.174295 0.216988 -0.233113 False
0.174198 0.217910 -0.232824 False
0.174417 0.216710 -0.233048 False
0.174422 0.216390 -0.233022 False
0.174453 0.216335 -0.233205 False
0.174552 0.216573 -0.233122 False
0.174265 0.217378 -0.233224 False
0.173953 0.216874 -0.233136 False
0.173672 0.217622 -0.232963 False
0.173504 0.217578 -0.233302 False
0.173737 0.216618 -0.232929 False
0.173554 0.216407 -0.233086 False
0.174002 0.216573 -0.232932 False
0.174061 0.217566 -0.232903 False
0.174260 0.217621 -0.232990 False
0.173800 0.216876 -0.232868 False
0.173633 0.217385 -0.233058 False
0.173467 0.216597 -0.233073 False
0.173432 0.216395 -0.233131 False
0.173661 0.216359 -0.233381 False
0.173985 0.216362 -0.233407 False
0.174537 0.216404 -0.233484 False
0.174616 0.216605 -0.233675 False
0.174361 0.217339 -0.233643 False
0.173942 0.216614 -0.233193 False
0.173773 0.216446 -0.232857 False
0.173775 0.216371 -0.232871 False
0.173706 0.216396 -0.232895 False
0.174189 0.216611 -0.232938 False
0.174152 0.217376 -0.232662 False
0.173839 0.216856 -0.232298 False
0.173820 0.217635 -0.232703 False
0.174139 0.217828 -0.232929 False
0.174233 0.217857 -0.232817 False
0.174633 0.217870 -0.232752 False
0.174245 0.217967 -0.232789 False
0.174205 0.218374 -0.232616 False
0.174211 0.218102 -0.232266 False
0.174035 0.218511 -0.232514 False
0.173793 0.218614 -0.232694 False
0.173820 0.218632 -0.232796 False
0.174141 0.218634 -0.233007 False
0.173850 0.218639 -0.232702 False
0.173637 0.218639 -0.232516 False
0.174064 0.218581 -0.232206 False
0.173725 0.218256 -0.232608 False
0.173831 0.217026 -0.232373 False
0.173487 0.217760 -0.232702 False
0.173340 0.218459 -0.232646 False
0.173448 0.218604 -0.232327 False
0.173469 0.218521 -0.232615 False
0.173641 0.218125 -0.232685 False
0.173612 0.218496 -0.232961 False
0.173818 0.218490 -0.232687 False
0.173704 0.218062 -0.232669 False
0.173995 0.218198 -0.232731 False
0.174089 0.217333 -0.232892 False
0.174007 0.219276 -0.232913 False
0.173773 0.218825 -0.233034 False
0.174104 0.218658 -0.232783 False
0.173976 0.218514 -0.232744 False
0.173585 0.218095 -0.232675 False
0.173637 0.218365 -0.232873 False
0.173961 0.217973 -0.232883 False
0.173520 0.217971 -0.232767 False
0.173575 0.218348 -0.232971 False
0.173711 0.218079 -0.233032 False
0.172998 0.218393 -0.233006 False
0.172926 0.218100 -0.233100 False
0.173353 0.218451 -0.232907 False
0.172972 0.218352 -0.233088 False
0.173276 0.217621 -0.233009 False
0.173338 0.218339 -0.233082 False
0.173559 0.218292 -0.233322 False
0.173682 0.217520 -0.233221 False
0.173468 0.218207 -0.233045 False
0.173378 0.217054 -0.232749 False
0.172846 0.215849 -0.232842 False
0.173338 0.226092 -0.236539 False
0.177782 0.269712 -0.253028 False
0.178229 0.290399 -0.259757 False
0.177846 0.305502 -0.263790 False
0.176876 0.315630 -0.265494 False
0.175560 0.321387 -0.265235 False
0.174139 0.323380 -0.263380 False
0.172854 0.322216 -0.260295 False
0.171948 0.318500 -0.256346 False
0.171662 0.312839 -0.251899 False
0.172237 0.305838 -0.247321 False
0.173914 0.298105 -0.242978 False
0.176936 0.290244 -0.239236 False
0.181543 0.282863 -0.236462 False
0.187976 0.276568 -0.235022 False
0.192173 0.274344 -0.235446 False
0.208717 0.271313 -0.239635 False
0.229319 0.265585 -0.243436 False
0.252371 0.255082 -0.244602 False
0.276263 0.237727 -0.240884 False
0.299386 0.211439 -0.230036 False
0.318976 0.166904 -0.203776 False
0.335477 0.118150 -0.173512 False
0.348180 0.071969 -0.144620 False
0.353908 0.039479 -0.126069 False
0.356344 0.017844 -0.115097 False
0.355525 0.015316 -0.115446 False
0.358716 0.015758 -0.126120 False
0.359455 0.016337 -0.125593 False
0.359482 0.016367 -0.118775 False
0.359097 0.015882 -0.126705 False
0.359472 0.016292 -0.126815 False
0.359693 0.015890 -0.116028 False
0.360140 0.016428 -0.114152 False
0.360038 0.016464 -0.116885 False
0.359212 0.016003 -0.126561 False
0.359660 0.016422 -0.129230 False
0.360541 0.016423 -0.127416 False
0.361538 0.015949 -0.117182 False
0.360835 0.016768 -0.115215 False
0.359849 0.017678 -0.115126 False
0.358913 0.018268 -0.116116 False
0.358883 0.017000 -0.116227 False
0.359525 0.016703 -0.116865 False
0.360062 0.016845 -0.125054 False
0.359567 0.017447 -0.125578 False
0.358976 0.017442 -0.116583 False
0.359234 0.016945 -0.117296 False
0.358773 0.017329 -0.118359 False
0.358638 0.016835 -0.125442 False
0.358635 0.016609 -0.118644 False
0.358759 0.016417 -0.123722 False
0.359306 0.015782 -0.117028 False
0.359452 0.016453 -0.117098 False
0.359448 0.016756 -0.123882 False
0.359315 0.017309 -0.118555 False
0.358834 0.016598 -0.127128 False
0.358858 0.015881 -0.128504 False
0.359322 0.016410 -0.126700 False
0.359450 0.016651 -0.119056 False
0.359488 0.017076 -0.126272 False
0.359479 0.018550 -0.128549 False
0.359444 0.017723 -0.130273 False
0.359280 0.016671 -0.129671 False
0.358746 0.016017 -0.129501 False
0.358775 0.016644 -0.129420 False
0.359325 0.017499 -0.129124 False
0.359472 0.017721 -0.128464 False
0.359492 0.017774 -0.127168 False
0.359381 0.017615 -0.118318 False
0.358869 0.016579 -0.127359 False
0.358587 0.015435 -0.132148 False
0.357828 0.014715 -0.142645 False
0.351359 0.014795 -0.122031 False
0.356958 0.016759 -0.124380 False
0.359046 0.019004 -0.115787 False
0.359554 0.018164 -0.114222 False
0.359303 0.018994 -0.113415 False
0.357836 0.016741 -0.112552 False
0.354630 0.014873 -0.113660 False
0.354818 0.014856 -0.113396 False
0.356842 0.016575 -0.113234 False
0.358783 0.018156 -0.113952 False
0.358901 0.017080 -0.112760 False
0.359107 0.016718 -0.113231 False
0.358247 0.016423 -0.117701 False
0.358610 0.015072 -0.130286 False
0.359009 0.014075 -0.140029 False
0.359427 0.016099 -0.125181 False
0.359168 0.014412 -0.137913 False
0.358890 0.017112 -0.117569 False
0.357588 0.015977 -0.114333 False
0.351523 0.014199 -0.115727 False
0.342960 0.016328 -0.120041 False
0.332096 0.029311 -0.125237 False
0.319417 0.048054 -0.131770 False
0.305306 0.071196 -0.139332 False
0.290147 0.097375 -0.147614 False
0.274322 0.125231 -0.156308 False
0.258213 0.153402 -0.165107 False
0.242205 0.180527 -0.173700 False
0.226678 0.205246 -0.181780 False
0.212017 0.226196 -0.189039 False
0.198603 0.242018 -0.195167 False
0.186821 0.251349 -0.199857 False
0.177051 0.252829 -0.202800 False
0.171138 0.237792 -0.201581 False
0.166864 0.221134 -0.200660 False
0.162503 0.217849 -0.204917 False
0.159028 0.219057 -0.210991 False
0.156440 0.223281 -0.218044 False
0.154742 0.229042 -0.225241 False
0.153936 0.234863 -0.231745 False
0.154024 0.239265 -0.236719 False
0.155008 0.240770 -0.239326 False
0.156889 0.237901 -0.238731 False
0.161785 0.219722 -0.225659 False
0.161993 0.214793 -0.227887 False
0.166784 0.213694 -0.236584 False
0.168456 0.214210 -0.237586 False
0.169020 0.214688 -0.237530 False
0.168927 0.215725 -0.237100 False
0.168275 0.215747 -0.237215 False
0.168400 0.214941 -0.237281 False
0.168526 0.215275 -0.237222 False
0.168615 0.215759 -0.238303 False
0.168406 0.215500 -0.238055 False
0.168192 0.216032 -0.237615 False
0.168539 0.216369 -0.237697 False
0.168187 0.215344 -0.238535 False
0.168356 0.214678 -0.238724 False
0.168147 0.214572 -0.238822 False
0.168083 0.214760 -0.239968 False
0.168531 0.215522 -0.240311 False
0.168281 0.214883 -0.239287 False
0.168417 0.215025 -0.238275 False
0.168557 0.214645 -0.238316 False
0.168552 0.214666 -0.238527 False
0.168459 0.215016 -0.238393 False
0.168474 0.214653 -0.237256 False
0.168617 0.214565 -0.238836 False
0.168328 0.214623 -0.237251 False
0.168679 0.215039 -0.236801 False
0.168484 0.214916 -0.236621 False
0.168255 0.215753 -0.238058 False
0.168739 0.215763 -0.238755 False
0.168811 0.215007 -0.238737 False
0.168801 0.215556 -0.238657 False
0.168468 0.214970 -0.238022 False
0.168574 0.215549 -0.239547 False
0.168651 0.214897 -0.239797 False
0.168331 0.214804 -0.239059 False
0.168256 0.215524 -0.239034 False
0.168193 0.214888 -0.239725 False
0.168252 0.214749 -0.239069 False
0.168268 0.214897 -0.239077 False
0.168266 0.215583 -0.238647 False
0.168254 0.214992 -0.238831 False
0.168475 0.215554 -0.239186 False
0.168426 0.214856 -0.239265 False
0.168186 0.214595 -0.239277 False
0.168488 0.214798 -0.239279 False
0.168729 0.215774 -0.239254 False
0.168666 0.215960 -0.239222 False
0.168148 0.215658 -0.239030 False
0.168072 0.214294 -0.239371 False
0.168286 0.214450 -0.238575 False
0.168006 0.214503 -0.238307 False
0.168096 0.214427 -0.238235 False
0.168289 0.214059 -0.238044 False
0.167946 0.214451 -0.238312 False
0.167961 0.214607 -0.238321 False
0.167802 0.214586 -0.238052 False
0.167733 0.214620 -0.238605 False
0.167952 0.214562 -0.238402 False
0.167743 0.214573 -0.238430 False
0.167864 0.214666 -0.238402 False
0.168088 0.215247 -0.238277 False
0.168561 0.215712 -0.238218 False
0.168150 0.215222 -0.238271 False
0.168398 0.216119 -0.238103 False
0.168380 0.215066 -0.238514 False
0.168767 0.215247 -0.239196 False
0.168836 0.215228 -0.239170 False
0.168153 0.214849 -0.239528 False
0.167496 0.214706 -0.239499 False
0.167043 0.214671 -0.238884 False
0.166910 0.213617 -0.239174 False
0.166779 0.210463 -0.237132 False
0.166724 0.205915 -0.233877 False
0.166739 0.200103 -0.229520 False
0.166818 0.193154 -0.224174 False
0.166955 0.185197 -0.217949 False
0.167143 0.176362 -0.210957 False
0.167377 0.166775 -0.203311 False
0.167651 0.156565 -0.195122 False
0.167958 0.145862 -0.186502 False
0.168293 0.134793 -0.177561 False
0.168650 0.123487 -0.168413 False
0.169022 0.112072 -0.159168 False
0.169403 0.100677 -0.149939 False
0.169788 0.089430 -0.140837 False
0.170170 0.078460 -0.131973 False
0.170544 0.067895 -0.123460 False
0.170902 0.057864 -0.115409 False
0.171240 0.048494 -0.107932 False
0.171552 0.039915 -0.101141 False
0.171830 0.032255 -0.095147 False
0.172069 0.025642 -0.090062 False
0.172264 0.020205 -0.085997 False
0.172408 0.016072 -0.083065 False
0.172494 0.013372 -0.081377 False
0.172361 0.012942 -0.082179 False
0.172362 0.013181 -0.081464 False
0.172883 0.013752 -0.083076 False
0.172974 0.013023 -0.081720 False
0.172619 0.012868 -0.081902 False
0.171873 0.013047 -0.083181 False
0.172005 0.012656 -0.083870 False
0.171844 0.012141 -0.085628 False
0.171941 0.013030 -0.081991 False
0.171796 0.014532 -0.082586 False
0.172245 0.012937 -0.082181 False
0.172360 0.011921 -0.081767 False
0.172364 0.013315 -0.082103 False
0.171453 0.015441 -0.083259 False
0.171298 0.016651 -0.082592 False
0.171621 0.014007 -0.082981 False
0.171848 0.013057 -0.085404 False
0.171963 0.013040 -0.082583 False
0.171351 0.012570 -0.081291 False
0.171810 0.011681 -0.081295 False
0.172303 0.012836 -0.083392 False
0.172200 0.012815 -0.084177 False
0.174501 0.012840 -0.084812 False
0.177351 0.012859 -0.085187 False
0.180332 0.012926 -0.085260 False
0.183028 0.013096 -0.084990 False
0.183780 0.014089 -0.083570 False
0.184304 0.013392 -0.083182 False
0.185923 0.011753 -0.083382 False
0.189029 0.014457 -0.087006 False
0.191313 0.015680 -0.088938 False
0.193550 0.016814 -0.090605 False
0.195738 0.017860 -0.092016 False
0.197875 0.018821 -0.093184 False
0.199959 0.019700 -0.094118 False
0.201987 0.020500 -0.094828 False
0.203958 0.021222 -0.095326 False
0.205869 0.021869 -0.095623 False
0.207718 0.022443 -0.095728 False
0.209502 0.022948 -0.095652 False
0.211219 0.023385 -0.095406 False
0.212868 0.023757 -0.095000 False
0.214446 0.024067 -0.094445 False
0.215950 0.024316 -0.093752 False
0.217379 0.024508 -0.092931 False
0.218730 0.024645 -0.091993 False
0.220001 0.024730 -0.090948 False
0.221189 0.024764 -0.089807 False
0.222293 0.024750 -0.088581 False
0.223311 0.024692 -0.087280 False
0.224239 0.024590 -0.085914 False
0.225076 0.024449 -0.084494 False
0.225820 0.024269 -0.083032 False
0.226468 0.024055 -0.081536 False
0.227018 0.023808 -0.080019 False
0.227468 0.023530 -0.078490 False
0.227815 0.023224 -0.076961 False
0.228058 0.022894 -0.075441 False
0.228194 0.022540 -0.073942 False
0.228221 0.022166 -0.072473 False
0.228137 0.021774 -0.071046 False
0.227939 0.021366 -0.069671 False
0.227625 0.020946 -0.068358 False
0.227193 0.020515 -0.067119 False
0.226641 0.020076 -0.065964 False
0.225966 0.019631 -0.064903 False
0.225167 0.019183 -0.063947 False
0.224241 0.018735 -0.063106 False
0.223185 0.018289 -0.062392 False
0.221998 0.017847 -0.061814 False
0.220678 0.017412 -0.061384 False
0.219221 0.016986 -0.061112 False
0.217626 0.016572 -0.061008 False
0.215891 0.016172 -0.061083 False
0.214014 0.015789 -0.061348 False
0.211991 0.015426 -0.061813 False
0.209821 0.015084 -0.062488 False
0.207503 0.014766 -0.063386 False
0.205032 0.014474 -0.064515 False
0.202408 0.014212 -0.065887 False
0.199627 0.013982 -0.067511 False
0.196689 0.013786 -0.069400 False
0.193590 0.013626 -0.071563 False
0.190328 0.013505 -0.074011 False
0.186901 0.013426 -0.076754 False
0.183307 0.013391 -0.079803 False
0.178408 0.013384 -0.084139 False
0.173859 0.013556 -0.087028 False
0.172693 0.014422 -0.087345 False
0.174976 0.012493 -0.088274 False
0.177279 0.011777 -0.087995 False
0.179832 0.010430 -0.085422 False
0.179355 0.009581 -0.084457 False
0.178089 0.010455 -0.083766 False
0.177952 0.010772 -0.084954 False
0.177928 0.011127 -0.085175 False
0.177210 0.010990 -0.084383 False
0.176922 0.011600 -0.082628 False
0.176811 0.012079 -0.073959 False
0.178021 0.012703 -0.078608 False
0.172835 0.013202 -0.073981 False
0.171378 0.013185 -0.083833 False
0.171684 0.013168 -0.085396 False
0.172116 0.013192 -0.085719 False
0.170298 0.013323 -0.086379 False
0.171679 0.013224 -0.087240 False
0.171985 0.013196 -0.087000 False
0.172060 0.013191 -0.086473 False
0.171369 0.013195 -0.086696 False
0.171673 0.013212 -0.086547 False
0.171679 0.013264 -0.085697 False
0.172491 0.013209 -0.086239 False
0.171969 0.013108 -0.086867 False
0.171651 0.012792 -0.085585 False
0.171952 0.011663 -0.085512 False
0.171627 0.012792 -0.085844 False
0.171188 0.013100 -0.085241 False
0.171160 0.013160 -0.084930 False
0.171458 0.013163 -0.085942 False
0.171444 0.013146 -0.086656 False
0.171284 0.013068 -0.086526 False
0.171086 0.012663 -0.085235 False
0.170481 0.013591 -0.085832 False
0.171164 0.011619 -0.085333 False
0.171876 0.011235 -0.084588 False
0.171911 0.011780 -0.083316 False
0.171050 0.011990 -0.075545 False
0.171202 0.011870 -0.083541 False
0.171529 0.011906 -0.085175 False
0.171571 0.012414 -0.086287 False
0.171711 0.011980 -0.085540 False
0.171700 0.012596 -0.085010 False
0.171719 0.012624 -0.086105 False
0.171098 0.011515 -0.085654 False
0.171914 0.012017 -0.086761 False
0.171837 0.012984 -0.087669 False
0.171884 0.011404 -0.085710 False
0.171978 0.011113 -0.086609 False
0.171902 0.011451 -0.084186 False
0.171514 0.011339 -0.077230 False
0.171571 0.012319 -0.083654 False
0.171442 0.011922 -0.085799 False
0.171341 0.011557 -0.085342 False
0.171464 0.010858 -0.082885 False
0.170905 0.010895 -0.072971 False
0.170572 0.011068 -0.075892 False
0.171276 0.011750 -0.085043 False
0.171956 0.012554 -0.086272 False
0.171832 0.012506 -0.086698 False
0.171954 0.011497 -0.086375 False
0.171676 0.011910 -0.086191 False
0.171598 0.012795 -0.086008 False
0.171978 0.011534 -0.086410 False
0.171814 0.011816 -0.085944 False
0.171582 0.011633 -0.086797 False
0.172023 0.011290 -0.085567 False
0.172034 0.011953 -0.084879 False
0.172017 0.012409 -0.085475 False
0.171906 0.011821 -0.082874 False
0.172007 0.011976 -0.084996 False
0.172030 0.012874 -0.084367 False
0.171691 0.012885 -0.085208 False
0.171616 0.012190 -0.083051 False
0.171668 0.012722 -0.075029 False
0.171902 0.012094 -0.082833 False
0.171550 0.012683 -0.083663 False
0.171462 0.013129 -0.075708 False
0.171296 0.013185 -0.084351 False
0.171282 0.013130 -0.086639 False
0.171811 0.013132 -0.086815 False
0.171503 0.013208 -0.087091 False
0.170967 0.013160 -0.083668 False
0.171118 0.013080 -0.073732 False
0.171483 0.012867 -0.080310 False
0.171205 0.012107 -0.072179 False
0.171357 0.012682 -0.069650 False
0.171001 0.013041 -0.072576 False
0.171333 0.013179 -0.083174 False
0.171089 0.013189 -0.081975 False
0.171384 0.013117 -0.073475 False
0.171159 0.013037 -0.082274 False
0.171077 0.012781 -0.085481 False
0.170697 0.011975 -0.086470 False
0.170156 0.012968 -0.089089 False
0.169473 0.014911 -0.092166 False
0.168661 0.017747 -0.095669 False
0.167734 0.021422 -0.099566 False
0.166708 0.025880 -0.103827 False
0.165594 0.031066 -0.108419 False
0.164408 0.036924 -0.113311 False
0.163163 0.043399 -0.118471 False
0.161874 0.050436 -0.123868 False
0.160554 0.057980 -0.129470 False
0.159216 0.065974 -0.135245 False
0.157876 0.074365 -0.141163 False
0.156547 0.083095 -0.147191 False
0.155242 0.092111 -0.153298 False
0.153977 0.101357 -0.159452 False
0.152764 0.110777 -0.165622 False
0.151618 0.120316 -0.171776 False
0.150553 0.129918 -0.177883 False
0.149582 0.139530 -0.183911 False
0.148719 0.149094 -0.189828 False
0.147979 0.158555 -0.195604 False
0.147376 0.167860 -0.201205 False
0.146922 0.176951 -0.206601 False
0.146633 0.185774 -0.211761 False
0.146523 0.194273 -0.216652 False
0.146604 0.202393 -0.221243 False
0.146891 0.210079 -0.225503 False
0.147398 0.217275 -0.229399 False
0.148139 0.223926 -0.232901 False
0.149128 0.229977 -0.235977 False
0.150379 0.235372 -0.238595 False
0.151906 0.240056 -0.240723 False
0.153722 0.243973 -0.242331 False
0.155842 0.247069 -0.243386 False
0.158279 0.249288 -0.243857 False
0.161047 0.250574 -0.243712 False
0.164162 0.250873 -0.242920 False
0.167635 0.250128 -0.241450 False
0.171482 0.248285 -0.239269 False
0.175715 0.245289 -0.236346 False
0.180350 0.241083 -0.232649 False
0.187652 0.234950 -0.230535 False
0.190341 0.229367 -0.217701 False
0.198783 0.218888 -0.211995 False
0.187160 0.215550 -0.208872 False
0.188356 0.215746 -0.204039 False
0.200777 0.214626 -0.178596 False
0.206416 0.213344 -0.164359 False
0.211492 0.212109 -0.152556 False
0.216045 0.210942 -0.143011 False
0.220115 0.209858 -0.135549 False
0.223743 0.208875 -0.129996 False
0.226967 0.208012 -0.126176 False
0.229829 0.207286 -0.123915 False
0.232368 0.206714 -0.123038 False
0.234625 0.206315 -0.123370 False
0.236640 0.206105 -0.124736 False
0.238454 0.206103 -0.126962 False
0.240105 0.206327 -0.129872 False
0.241634 0.206793 -0.133291 False
0.243082 0.207520 -0.137046 False
0.244489 0.208525 -0.140960 False
0.245895 0.209826 -0.144859 False
0.247339 0.211440 -0.148569 False
0.248862 0.213386 -0.151914 False
0.250505 0.215680 -0.154719 False
0.252307 0.218341 -0.156810 False
0.254397 0.221438 -0.157816 False
0.256657 0.224873 -0.158005 False
0.259060 0.228602 -0.157450 False
0.261576 0.232578 -0.156224 False
0.264178 0.236757 -0.154399 False
0.266835 0.241093 -0.152047 False
0.269521 0.245541 -0.149242 False
0.272206 0.250055 -0.146056 False
0.274861 0.254590 -0.142561 False
0.277458 0.259100 -0.138831 False
0.279968 0.263540 -0.134937 False
0.282363 0.267865 -0.130952 False
0.284614 0.272028 -0.126950 False
0.286692 0.275986 -0.123002 False
0.288569 0.279691 -0.119180 False
0.290216 0.283099 -0.115559 False
0.291604 0.286165 -0.112210 False
0.292706 0.288843 -0.109205 False
0.293491 0.291087 -0.106618 False
0.293932 0.292852 -0.104521 False
0.294000 0.294093 -0.102987 False
0.293667 0.294764 -0.102088 False
0.292903 0.294820 -0.101897 False
0.291680 0.294216 -0.102486 False
0.289970 0.292905 -0.103928 False
0.287743 0.290843 -0.106296 False
0.284972 0.287984 -0.109661 False
0.281628 0.284283 -0.114098 False
0.277681 0.279694 -0.119678 False
0.273104 0.274172 -0.126474 False
0.267867 0.267671 -0.134558 False
0.255021 0.257063 -0.144113 False
0.254783 0.256500 -0.160973 False
0.263585 0.246641 -0.159648 False
0.266732 0.239831 -0.164792 False
0.263894 0.232411 -0.174408 False
0.261601 0.227182 -0.179490 False
0.260941 0.222814 -0.178205 False
0.263118 0.220314 -0.173483 False
0.265250 0.219376 -0.166403 False
0.262905 0.217961 -0.162689 False
0.261878 0.217488 -0.161400 False
0.259406 0.216640 -0.156949 False
0.256632 0.217541 -0.154204 False
0.258969 0.219476 -0.159241 False
0.249463 0.229761 -0.161381 False
0.239296 0.247295 -0.165672 False
0.237349 0.284155 -0.177758 False
0.237200 0.310089 -0.189158 False
0.228999 0.321413 -0.195310 False
0.217705 0.322852 -0.198145 False
0.216338 0.319070 -0.190642 False
0.205425 0.318071 -0.170784 False
0.205904 0.319533 -0.176500 False
0.208501 0.322906 -0.185531 False
0.210861 0.329520 -0.187591 False
0.210774 0.338448 -0.181935 False
0.207292 0.345454 -0.172700 False
0.206053 0.351121 -0.164495 False
0.223792 0.354627 -0.162944 False
0.227139 0.353921 -0.171729 False
0.223342 0.351544 -0.178905 False
0.220151 0.357188 -0.182695 False
0.222447 0.366480 -0.182594 False
0.226532 0.369077 -0.168366 False
0.235393 0.361537 -0.161410 False
0.233961 0.354877 -0.159246 False
0.230116 0.346197 -0.158570 False
0.224439 0.336909 -0.157716 False
0.221794 0.320592 -0.155572 False
0.216890 0.303352 -0.150651 False
0.212752 0.287436 -0.145643 False
0.213429 0.278050 -0.143290 False
0.212829 0.270789 -0.141075 False
0.212644 0.265707 -0.139585 False
0.212857 0.262351 -0.138899 False
0.213451 0.260267 -0.139099 False
0.214409 0.259002 -0.140266 False
0.215716 0.258103 -0.142482 False
0.217353 0.257115 -0.145827 False
0.219303 0.255587 -0.150382 False
0.219076 0.252145 -0.155643 False
0.220995 0.247385 -0.166283 False
0.232627 0.246774 -0.173176 False
0.246079 0.246461 -0.178796 False
0.258994 0.245175 -0.183063 False
0.267788 0.241915 -0.186532 False
0.271554 0.230087 -0.188010 False
0.261774 0.218913 -0.180715 False
0.258822 0.215986 -0.177765 False
0.257978 0.216850 -0.184546 False
0.258711 0.216360 -0.177373 False
0.264253 0.216051 -0.180394 False
0.283421 0.214652 -0.197218 False
0.284794 0.213866 -0.199892 False
0.275759 0.218119 -0.191813 False
0.273716 0.221126 -0.190798 False
0.273019 0.221179 -0.188794 False
0.273276 0.218985 -0.189725 False
0.273278 0.218297 -0.189962 False
0.273134 0.219450 -0.190313 False
0.273137 0.219644 -0.192044 False
0.273320 0.220303 -0.194126 False
0.273382 0.220535 -0.192368 False
0.273118 0.219825 -0.191486 False
0.273234 0.220124 -0.190250 False
0.273672 0.220033 -0.191425 False
