0.664693 0.149503 -0.282172 False
0.665602 0.149982 -0.282347 False
0.666189 0.150902 -0.282225 False
0.667163 0.150219 -0.282690 False
0.667265 0.150190 -0.282532 False
0.666132 0.150490 -0.282461 False
0.666098 0.150307 -0.282436 False
0.666030 0.150930 -0.282445 False
0.666333 0.151778 -0.282453 False
0.666145 0.150883 -0.282454 False
0.666397 0.150232 -0.282496 False
0.666231 0.150117 -0.282536 False
0.665980 0.150516 -0.282706 False
0.665913 0.150565 -0.282166 False
0.666030 0.151790 -0.282449 False
0.666499 0.151393 -0.282774 False
0.666386 0.150310 -0.282555 False
0.666581 0.150061 -0.282585 False
0.666305 0.150324 -0.282880 False
0.665928 0.151385 -0.282649 False
0.665929 0.152087 -0.283030 False
0.665190 0.151926 -0.283597 False
0.664671 0.152336 -0.284100 False
0.664871 0.152483 -0.284298 False
0.665447 0.152814 -0.284507 False
0.665418 0.151975 -0.283968 False
0.665266 0.151890 -0.284042 False
0.665393 0.150859 -0.283620 False
0.665432 0.151976 -0.283254 False
0.665454 0.152182 -0.283509 False
0.665532 0.151754 -0.283573 False
0.665808 0.151648 -0.283501 False
0.665887 0.151963 -0.283109 False
0.665886 0.153031 -0.283020 False
0.665786 0.152040 -0.283136 False
0.665377 0.151981 -0.283570 False
0.664806 0.151121 -0.283831 False
0.664583 0.151664 -0.283121 False
0.664719 0.152587 -0.282654 False
0.664872 0.152240 -0.282903 False
0.665125 0.151464 -0.283060 False
0.664893 0.152274 -0.283325 False
0.664981 0.153162 -0.282895 False
0.665116 0.153791 -0.283170 False
0.665354 0.153552 -0.282358 False
0.666368 0.152005 -0.281455 False
0.666408 0.151243 -0.281404 False
0.666451 0.149838 -0.281147 False
0.666669 0.150097 -0.281367 False
0.666886 0.150705 -0.281364 False
0.666355 0.151147 -0.281724 False
0.666781 0.150620 -0.281113 False
0.666766 0.151554 -0.281074 False
0.667169 0.153886 -0.281596 False
0.666640 0.152262 -0.281859 False
0.666047 0.151676 -0.282230 False
0.665853 0.151362 -0.281434 False
0.666026 0.150707 -0.281784 False
0.666493 0.151657 -0.281554 False
0.666236 0.152545 -0.281250 False
0.666623 0.150123 -0.281578 False
0.666623 0.149792 -0.281441 False
0.666472 0.151192 -0.281146 False
0.666531 0.151763 -0.281302 False
0.666336 0.152407 -0.281081 False
0.666348 0.151128 -0.281337 False
0.665675 0.151962 -0.282236 False
0.665531 0.150240 -0.282704 False
0.665906 0.150643 -0.282454 False
0.666301 0.150876 -0.282181 False
0.666577 0.151180 -0.282807 False
0.666264 0.152247 -0.283053 False
0.665811 0.152167 -0.283278 False
0.666051 0.153114 -0.282963 False
0.666292 0.151958 -0.282551 False
0.666270 0.151464 -0.282782 False
0.666292 0.151761 -0.282864 False
0.666087 0.152484 -0.282866 False
0.666318 0.153136 -0.282801 False
0.666195 0.151729 -0.282556 False
0.666193 0.152333 -0.282705 False
0.665968 0.152702 -0.282562 False
0.666438 0.151807 -0.282804 False
0.666153 0.151279 -0.282876 False
0.666294 0.151183 -0.282889 False
0.665937 0.152206 -0.282877 False
0.665889 0.152863 -0.282829 False
0.665746 0.154202 -0.282700 False
0.665546 0.152439 -0.283168 False
0.665318 0.152523 -0.282950 False
0.665119 0.153023 -0.282804 False
0.665140 0.153167 -0.282508 False
0.665090 0.153176 -0.282516 False
0.665618 0.153098 -0.282879 False
0.665531 0.152867 -0.283053 False
0.665437 0.153597 -0.283530 False
0.665440 0.153299 -0.283525 False
0.665402 0.153052 -0.283413 False
0.665157 0.152464 -0.282991 False
0.665254 0.152098 -0.282649 False
0.665439 0.152872 -0.282899 False
0.665224 0.152869 -0.282976 False
0.665192 0.152155 -0.282913 False
0.665423 0.152236 -0.282655 False
0.665505 0.152029 -0.282920 False
0.665502 0.152751 -0.283009 False
0.665584 0.152378 -0.282939 False
0.665512 0.151793 -0.282728 False
0.665448 0.151685 -0.283254 False
0.666155 0.151950 -0.283386 False
0.665426 0.153035 -0.284258 False
0.665408 0.153604 -0.283940 False
0.665384 0.152979 -0.284312 False
0.665396 0.152667 -0.284820 False
0.665232 0.152260 -0.284272 False
0.665334 0.153261 -0.284084 False
0.665733 0.152664 -0.283979 False
0.666028 0.152437 -0.283764 False
0.665535 0.152221 -0.283953 False
0.665593 0.151668 -0.283689 False
0.665584 0.152261 -0.283700 False
0.665802 0.152586 -0.283942 False
0.665745 0.152538 -0.283677 False
0.665632 0.152982 -0.283613 False
0.665811 0.154504 -0.283673 False
0.665743 0.153532 -0.283925 False
0.665612 0.152944 -0.283691 False
0.665456 0.151860 -0.283699 False
0.665995 0.151674 -0.283953 False
0.665755 0.152790 -0.283775 False
0.665733 0.153067 -0.284028 False
0.666160 0.152990 -0.284245 False
0.666103 0.153950 -0.284481 False
0.665868 0.153083 -0.284166 False
0.665668 0.151880 -0.283803 False
0.665761 0.152267 -0.283956 False
0.665440 0.152539 -0.283929 False
0.665332 0.153042 -0.283777 False
0.665716 0.153051 -0.284157 False
0.665973 0.152562 -0.284411 False
0.665547 0.152280 -0.284088 False
0.665767 0.151749 -0.283811 False
0.665575 0.151759 -0.284049 False
0.665646 0.152351 -0.283977 False
0.665474 0.152948 -0.283695 False
0.665328 0.154481 -0.283793 False
0.665781 0.153437 -0.284261 False
0.665425 0.152674 -0.283830 False
0.665194 0.152547 -0.283922 False
0.665765 0.152752 -0.283690 False
0.665595 0.152064 -0.283599 False
0.665432 0.152430 -0.283588 False
0.665013 0.152894 -0.283586 False
0.664799 0.152710 -0.283577 False
0.664657 0.153148 -0.283662 False
0.665101 0.153558 -0.284097 False
0.665469 0.152989 -0.284643 False
0.665139 0.153621 -0.285053 False
0.665537 0.153452 -0.284908 False
0.665123 0.153677 -0.283916 False
0.664768 0.153086 -0.283641 False
0.664868 0.152309 -0.283562 False
0.664715 0.153095 -0.283542 False
0.664777 0.151984 -0.283572 False
0.664801 0.151726 -0.283584 False
0.665162 0.151943 -0.283662 False
0.664815 0.152422 -0.284012 False
0.664746 0.152833 -0.284119 False
0.664010 0.152279 -0.284157 False
0.664171 0.152214 -0.284140 False
0.663886 0.151712 -0.284029 False
0.664250 0.151652 -0.283658 False
0.664271 0.151907 -0.283540 False
0.664583 0.153000 -0.283511 False
0.664603 0.153757 -0.283464 False
0.664649 0.153914 -0.283268 False
0.664371 0.153824 -0.283575 False
0.664641 0.153448 -0.283988 False
0.664701 0.153651 -0.283998 False
0.664735 0.153273 -0.283670 False
0.664720 0.153171 -0.283629 False
0.664678 0.153236 -0.283673 False
0.664918 0.153603 -0.283904 False
0.665499 0.154919 -0.283662 False
0.665135 0.154574 -0.283587 False
0.665145 0.153519 -0.283668 False
0.664725 0.153249 -0.283955 False
0.664311 0.153334 -0.283702 False
0.664415 0.153821 -0.283692 False
0.665421 0.153884 -0.283929 False
0.665472 0.153520 -0.283610 False
0.665357 0.152124 -0.283569 False
0.664955 0.152224 -0.283655 False
0.664736 0.153212 -0.283922 False
0.664600 0.154247 -0.283673 False
0.665129 0.153929 -0.283640 False
0.664945 0.153415 -0.283860 False
0.664531 0.153586 -0.284844 False
0.665212 0.154665 -0.284752 False
0.665397 0.153844 -0.284278 False
0.665572 0.154391 -0.283782 False
0.665175 0.154218 -0.283999 False
0.664668 0.154524 -0.284128 False
0.664407 0.154326 -0.284244 False
0.664371 0.154767 -0.284612 False
0.664555 0.153553 -0.284714 False
0.664737 0.153223 -0.284631 False
0.664885 0.154025 -0.284250 False
0.664796 0.153279 -0.284142 False
0.665464 0.152914 -0.284125 False
0.665425 0.154125 -0.284130 False
0.665230 0.155662 -0.284124 False
0.665135 0.155355 -0.284010 False
0.665337 0.154293 -0.283631 False
0.665511 0.153914 -0.283344 False
0.664977 0.153665 -0.283859 False
0.664993 0.154601 -0.283885 False
0.665580 0.153465 -0.283396 False
0.665438 0.153002 -0.283729 False
0.665169 0.154034 -0.283557 False
0.664952 0.153571 -0.283503 False
0.664928 0.153908 -0.283573 False
0.664756 0.154180 -0.283793 False
0.664676 0.153234 -0.283573 False
0.665140 0.154447 -0.283544 False
0.664933 0.155001 -0.283781 False
0.665054 0.154476 -0.284547 False
0.664901 0.155177 -0.283865 False
0.665068 0.156656 -0.283838 False
0.664993 0.155040 -0.283559 False
0.665217 0.153969 -0.283574 False
0.664903 0.154800 -0.283906 False
0.664648 0.154182 -0.284066 False
0.664908 0.154061 -0.284119 False
0.665589 0.154283 -0.284361 False
0.665700 0.153634 -0.284014 False
0.665920 0.154140 -0.283698 False
0.665295 0.153773 -0.283884 False
0.665337 0.154794 -0.283609 False
0.664958 0.154272 -0.283495 False
0.665074 0.154346 -0.283489 False
0.665231 0.155002 -0.283502 False
0.664903 0.152556 -0.283486 False
0.664911 0.152452 -0.283574 False
0.664999 0.152628 -0.283918 False
0.665049 0.153613 -0.284070 False
0.664896 0.153801 -0.283958 False
0.664803 0.153795 -0.283625 False
0.664879 0.155215 -0.283630 False
0.665226 0.155732 -0.283997 False
0.664960 0.154680 -0.284337 False
0.665093 0.155117 -0.284001 False
0.665015 0.154730 -0.283635 False
0.664823 0.154330 -0.283610 False
0.664831 0.154901 -0.283792 False
0.665050 0.155681 -0.283588 False
0.665220 0.154634 -0.283621 False
0.664827 0.153116 -0.283841 False
0.664623 0.152481 -0.283713 False
0.664850 0.152464 -0.284095 False
0.665339 0.153011 -0.284275 False
0.665405 0.154886 -0.283671 False
0.665162 0.153446 -0.283503 False
0.665090 0.154359 -0.283560 False
0.665079 0.154366 -0.283871 False
0.664878 0.153588 -0.283888 False
0.665013 0.154695 -0.283670 False
0.665196 0.155571 -0.283817 False
0.665377 0.154594 -0.283680 False
0.665337 0.154729 -0.284020 False
0.665255 0.153177 -0.284259 False
0.664810 0.153481 -0.284655 False
0.665258 0.153110 -0.283805 False
0.665397 0.154447 -0.283655 False
0.665913 0.154937 -0.283956 False
0.665564 0.153854 -0.284048 False
0.665279 0.152524 -0.284045 False
0.665317 0.153437 -0.283977 False
0.665111 0.153357 -0.283691 False
0.665147 0.153515 -0.283820 False
0.665152 0.152699 -0.283651 False
0.665230 0.152747 -0.283869 False
0.665496 0.153815 -0.283666 False
0.665170 0.154536 -0.283819 False
0.665318 0.154503 -0.283668 False
0.665208 0.153691 -0.283849 False
0.665159 0.153945 -0.283608 False
0.665215 0.153462 -0.283626 False
0.665260 0.153657 -0.283989 False
0.665525 0.153335 -0.284166 False
0.665931 0.153606 -0.284434 False
0.665585 0.154920 -0.284278 False
0.666116 0.155462 -0.284340 False
0.665485 0.154009 -0.283827 False
0.665463 0.154362 -0.283997 False
0.665602 0.154126 -0.283954 False
0.665234 0.154346 -0.283723 False
0.665075 0.154514 -0.284108 False
0.664872 0.154898 -0.284511 False
0.664822 0.153805 -0.284646 False
0.665613 0.154142 -0.284638 False
0.665001 0.153994 -0.284619 False
0.665488 0.153795 -0.284556 False
0.665096 0.153264 -0.284231 False
0.664855 0.153883 -0.284148 False
0.664866 0.153443 -0.284211 False
0.665203 0.153588 -0.284497 False
0.665533 0.153393 -0.284521 False
0.665035 0.155505 -0.284339 False
0.665109 0.153798 -0.284543 False
0.665062 0.153279 -0.284604 False
0.665046 0.153209 -0.284597 False
0.665119 0.153555 -0.284496 False
0.665072 0.154643 -0.284206 False
0.665111 0.153577 -0.284113 False
0.665681 0.153278 -0.284039 False
0.665724 0.153346 -0.283739 False
0.665308 0.153860 -0.283967 False
0.665274 0.153393 -0.283993 False
0.665462 0.153488 -0.283775 False
0.665370 0.155083 -0.284092 False
0.665038 0.153681 -0.284418 False
0.664763 0.153256 -0.284213 False
0.664606 0.153110 -0.284230 False
0.664878 0.152945 -0.284500 False
0.664655 0.153281 -0.284508 False
0.665036 0.153207 -0.284229 False
0.665051 0.153488 -0.284113 False
0.664723 0.154600 -0.284088 False
0.664725 0.156010 -0.284036 False
0.664755 0.154651 -0.284063 False
0.664874 0.153774 -0.284010 False
0.665280 0.154339 -0.283666 False
0.665307 0.154005 -0.283743 False
0.665522 0.152881 -0.284288 False
0.665522 0.153852 -0.284202 False
0.664960 0.153780 -0.284117 False
0.664924 0.153247 -0.284019 False
0.665361 0.153821 -0.283829 False
0.665576 0.154019 -0.284282 False
0.665079 0.153408 -0.284122 False
0.665501 0.153330 -0.284047 False
0.665101 0.153828 -0.284075 False
0.664923 0.155590 -0.284070 False
0.665230 0.153866 -0.283930 False
0.665655 0.153476 -0.283714 False
0.665508 0.153913 -0.283983 False
0.665410 0.153327 -0.284065 False
0.665246 0.153182 -0.284090 False
0.665568 0.153148 -0.284150 False
0.665205 0.153284 -0.284225 False
0.665042 0.153812 -0.284522 False
0.665547 0.153966 -0.284605 False
0.665320 0.153952 -0.284614 False
0.665322 0.153763 -0.284601 False
0.664994 0.153180 -0.284514 False
0.665388 0.153630 -0.284216 False
0.665681 0.153531 -0.284224 False
0.665483 0.154274 -0.284388 False
0.665389 0.154539 -0.284117 False
0.665960 0.154221 -0.284122 False
0.665426 0.154454 -0.284403 False
0.665440 0.153993 -0.284225 False
0.665129 0.153579 -0.284170 False
0.665167 0.154174 -0.284129 False
0.665353 0.153601 -0.284018 False
0.665626 0.154002 -0.283765 False
0.665311 0.154534 -0.284054 False
0.665585 0.154446 -0.284217 False
0.665198 0.153648 -0.284499 False
0.665212 0.153987 -0.284495 False
0.665055 0.154441 -0.284225 False
0.664794 0.154280 -0.284405 False
0.665139 0.154849 -0.284185 False
0.665308 0.155239 -0.284309 False
0.665597 0.154851 -0.283824 False
0.665499 0.154616 -0.283970 False
0.665493 0.154230 -0.284130 False
0.665585 0.154658 -0.284309 False
0.665485 0.155103 -0.283863 False
0.665429 0.156236 -0.284088 False
0.664913 0.155339 -0.284298 False
0.665216 0.155571 -0.283816 False
0.665137 0.155693 -0.283953 False
0.665364 0.153570 -0.283723 False
0.665203 0.153455 -0.284001 False
0.665560 0.154301 -0.284002 False
0.666135 0.154285 -0.283661 False
0.665629 0.154906 -0.283711 False
0.665473 0.154026 -0.284272 False
0.665673 0.153388 -0.284089 False
0.665273 0.154377 -0.284039 False
0.665496 0.154694 -0.284088 False
0.665383 0.154863 -0.284140 False
0.665840 0.155251 -0.284146 False
0.665908 0.155072 -0.284125 False
0.665692 0.155649 -0.284128 False
0.665713 0.156347 -0.284210 False
0.665670 0.155236 -0.284505 False
0.665657 0.155143 -0.284526 False
0.665489 0.154463 -0.284322 False
0.665847 0.155128 -0.284433 False
0.665894 0.156644 -0.284215 False
0.665378 0.155367 -0.284247 False
0.665428 0.155370 -0.284483 False
0.665563 0.155124 -0.284313 False
0.665952 0.154840 -0.284428 False
0.665812 0.154964 -0.284202 False
0.665296 0.155683 -0.284416 False
0.665433 0.155612 -0.284223 False
0.665195 0.155682 -0.284161 False
0.665450 0.156019 -0.284205 False
0.665763 0.155532 -0.284330 False
0.665548 0.154903 -0.283898 False
0.666040 0.154737 -0.284334 False
0.665718 0.154730 -0.284272 False
0.665611 0.154854 -0.284457 False
0.665228 0.155269 -0.284382 False
0.665172 0.155068 -0.284868 False
0.665611 0.155535 -0.284631 False
0.665887 0.155128 -0.284452 False
0.665680 0.155529 -0.284918 False
0.666172 0.155082 -0.284759 False
0.665712 0.155409 -0.284541 False
0.665389 0.155514 -0.284209 False
0.665957 0.155424 -0.284225 False
0.665617 0.155025 -0.284423 False
0.665942 0.155243 -0.284233 False
0.665864 0.154863 -0.284211 False
0.666188 0.154760 -0.284431 False
0.665967 0.154707 -0.284277 False
0.665483 0.154526 -0.284427 False
0.666134 0.153969 -0.284189 False
0.665588 0.153622 -0.284170 False
0.665700 0.154469 -0.284205 False
0.665465 0.154680 -0.284426 False
0.665322 0.154618 -0.284256 False
0.665795 0.154261 -0.284352 False
0.665796 0.154623 -0.284988 False
0.665563 0.154729 -0.285061 False
0.665720 0.154702 -0.284402 False
0.665549 0.154454 -0.284255 False
0.665620 0.153604 -0.284434 False
0.665927 0.153872 -0.284286 False
0.665507 0.154227 -0.284435 False
0.665651 0.155103 -0.284225 False
0.665770 0.154949 -0.284237 False
0.666169 0.155185 -0.284416 False
0.665628 0.156222 -0.284179 False
0.665552 0.155560 -0.284127 False
0.666078 0.154825 -0.284221 False
0.666040 0.154461 -0.284557 False
0.665809 0.155372 -0.284763 False
0.665604 0.155056 -0.285007 False
0.665491 0.155253 -0.284779 False
0.665267 0.154706 -0.284723 False
0.665193 0.153976 -0.284869 False
0.665660 0.153338 -0.284294 False
0.666067 0.153334 -0.284158 False
0.665987 0.153962 -0.284093 False
0.666255 0.154728 -0.284132 False
0.665499 0.155316 -0.284484 False
0.665542 0.155157 -0.284510 False
0.665601 0.154036 -0.284238 False
0.665369 0.154844 -0.284100 False
0.665355 0.154319 -0.283986 False
0.665575 0.154742 -0.283756 False
0.666215 0.155203 -0.284098 False
0.665968 0.154921 -0.284563 False
0.665812 0.155032 -0.284761 False
0.665808 0.155697 -0.284981 False
0.666030 0.154954 -0.284620 False
0.665677 0.154474 -0.284233 False
0.665528 0.153482 -0.284204 False
0.665355 0.153418 -0.284479 False
0.665517 0.153967 -0.284243 False
0.665372 0.154696 -0.284333 False
0.665751 0.155239 -0.284894 False
0.665802 0.155017 -0.284692 False
0.665428 0.155259 -0.284558 False
0.665331 0.154873 -0.284295 False
0.665389 0.154762 -0.284457 False
0.666003 0.154745 -0.284300 False
0.665620 0.154749 -0.284522 False
0.665677 0.154728 -0.284097 False
0.665677 0.154568 -0.283638 False
0.665347 0.153941 -0.283699 False
0.665506 0.153369 -0.284389 False
0.665570 0.153459 -0.284577 False
0.665581 0.154313 -0.284600 False
0.665306 0.154234 -0.284524 False
0.665172 0.154581 -0.284207 False
0.665319 0.154490 -0.284195 False
0.665275 0.153901 -0.284406 False
0.665340 0.154966 -0.284185 False
0.665997 0.154823 -0.284164 False
0.665966 0.154767 -0.284252 False
0.665451 0.154796 -0.284582 False
0.665635 0.154995 -0.284436 False
0.664992 0.155610 -0.284155 False
0.665591 0.154548 -0.281833 False
0.666609 0.154592 -0.274906 False
0.669854 0.153549 -0.274456 False
0.672957 0.152936 -0.282101 False
0.669507 0.152928 -0.283786 False
0.666168 0.153368 -0.283813 False
0.665177 0.152927 -0.284062 False
0.665978 0.152795 -0.284286 False
0.665203 0.152768 -0.284811 False
0.665093 0.152766 -0.284405 False
0.664918 0.152766 -0.284667 False
0.664888 0.152764 -0.285038 False
0.665005 0.152768 -0.285073 False
0.665520 0.152818 -0.284768 False
0.667821 0.153041 -0.284696 False
0.665760 0.153761 -0.284751 False
0.665486 0.153014 -0.285005 False
0.665973 0.152804 -0.284883 False
0.667727 0.152766 -0.285120 False
0.665856 0.152817 -0.285183 False
0.665096 0.153043 -0.285123 False
0.665212 0.153731 -0.284851 False
0.665645 0.152816 -0.284939 False
0.668307 0.151978 -0.285526 False
0.666766 0.152543 -0.284591 False
0.667872 0.152711 -0.284620 False
0.665832 0.152676 -0.284556 False
0.665098 0.152416 -0.284331 False
0.665945 0.152658 -0.284649 False
0.668134 0.152750 -0.284956 False
0.666000 0.152753 -0.284718 False
0.665168 0.152756 -0.284562 False
0.665252 0.152751 -0.285319 False
0.665417 0.152618 -0.284866 False
0.665316 0.151920 -0.284698 False
0.665283 0.152542 -0.284663 False
0.665262 0.152735 -0.284719 False
0.665252 0.152778 -0.284774 False
0.665333 0.152782 -0.284997 False
0.665781 0.152778 -0.284819 False
0.668036 0.152776 -0.284933 False
0.666753 0.152774 -0.285439 False
0.667833 0.152774 -0.284941 False
0.665979 0.152774 -0.285021 False
0.665455 0.152775 -0.285730 False
0.665881 0.152780 -0.284974 False
0.668558 0.152793 -0.284713 False
0.668575 0.152887 -0.284648 False
0.666229 0.152690 -0.284657 False
0.667180 0.152279 -0.284675 False
0.665342 0.152137 -0.284685 False
0.665175 0.152598 -0.284702 False
0.665070 0.152649 -0.284749 False
0.664837 0.152360 -0.284894 False
0.665592 0.152417 -0.285389 False
0.668109 0.152406 -0.284889 False
0.668714 0.152595 -0.284796 False
0.668323 0.152408 -0.284960 False
0.665716 0.152686 -0.285625 False
0.665975 0.152771 -0.285607 False
0.668215 0.152796 -0.284951 False
0.668956 0.152739 -0.284738 False
0.668689 0.152651 -0.284596 False
0.666170 0.152409 -0.284335 False
0.665057 0.152676 -0.284649 False
0.665369 0.152758 -0.284967 False
0.665367 0.152776 -0.284778 False
0.665322 0.152777 -0.284692 False
0.665576 0.152776 -0.284668 False
0.667743 0.152775 -0.284673 False
0.665741 0.152774 -0.284707 False
0.665270 0.152775 -0.284867 False
0.664981 0.152777 -0.285392 False
0.665075 0.152781 -0.284874 False
0.665315 0.152785 -0.284619 False
0.665881 0.152774 -0.284337 False
0.668224 0.152693 -0.284595 False
0.666505 0.152361 -0.284671 False
0.665981 0.151848 -0.284683 False
0.667734 0.152334 -0.284704 False
0.666024 0.151955 -0.284707 False
0.665694 0.152535 -0.284696 False
0.665123 0.152533 -0.284667 False
0.665198 0.151971 -0.284595 False
0.665128 0.152553 -0.284305 False
0.664719 0.152633 -0.284496 False
0.664634 0.152309 -0.284305 False
0.664738 0.152029 -0.284575 False
0.664729 0.152581 -0.284562 False
0.665025 0.152783 -0.284325 False
0.665949 0.152993 -0.284617 False
0.668128 0.153567 -0.284738 False
0.666192 0.152992 -0.284861 False
0.666410 0.152812 -0.285054 False
0.669402 0.152753 -0.284500 False
0.670068 0.152673 -0.282942 False
0.669686 0.152432 -0.277238 False
0.669167 0.152692 -0.282248 False
0.667121 0.152833 -0.283946 False
0.670159 0.153066 -0.284528 False
0.670861 0.152910 -0.282790 False
0.669296 0.153004 -0.278165 False
0.666531 0.152831 -0.282810 False
0.666213 0.152793 -0.282134 False
0.668327 0.152838 -0.275800 False
0.665925 0.153073 -0.275536 False
0.665014 0.152809 -0.282395 False
0.665737 0.152538 -0.284468 False
0.667967 0.151935 -0.284945 False
0.666770 0.152532 -0.284765 False
0.670539 0.152799 -0.283321 False
0.677189 0.153077 -0.275864 False
0.695077 0.153161 -0.271630 False
0.676874 0.153122 -0.275646 False
0.668634 0.152715 -0.282541 False
0.668533 0.152801 -0.284436 False
0.665396 0.152219 -0.284569 False
0.665001 0.152262 -0.284697 False
0.665627 0.152415 -0.283156 False
0.667587 0.152898 -0.278771 False
0.668981 0.153004 -0.283329 False
0.669043 0.154471 -0.284807 False
0.669793 0.153143 -0.282766 False
0.670258 0.153283 -0.275833 False
0.671310 0.153957 -0.273390 False
0.671323 0.154217 -0.273727 False
0.672463 0.154337 -0.274078 False
0.675323 0.153301 -0.274943 False
0.669611 0.152630 -0.280726 False
0.673403 0.152659 -0.277904 False
0.670063 0.153810 -0.281625 False
0.670129 0.154091 -0.276466 False
0.671169 0.152959 -0.276100 False
0.671603 0.152670 -0.281231 False
0.671265 0.153000 -0.276504 False
0.670857 0.153044 -0.275006 False
0.669044 0.152853 -0.274713 False
0.668205 0.153502 -0.275406 False
0.666009 0.152673 -0.282065 False
0.665898 0.152298 -0.282559 False
0.668005 0.152807 -0.278185 False
0.665673 0.152561 -0.283277 False
0.665797 0.152471 -0.284486 False
0.668062 0.152404 -0.284310 False
0.666221 0.152257 -0.282621 False
0.667394 0.152733 -0.278308 False
0.666230 0.152455 -0.282946 False
0.666832 0.152196 -0.284233 False
0.669313 0.152673 -0.285221 False
0.669373 0.153617 -0.284964 False
0.668303 0.153250 -0.283470 False
0.668346 0.153166 -0.278620 False
0.667125 0.153199 -0.282025 False
0.670128 0.153208 -0.280270 False
0.670079 0.153382 -0.282059 False
0.670512 0.153176 -0.275934 False
0.669939 0.153034 -0.274789 False
0.667855 0.152837 -0.276218 False
0.665478 0.152769 -0.282365 False
0.664725 0.152646 -0.284676 False
0.664739 0.152198 -0.284893 False
0.664677 0.151744 -0.284820 False
0.664698 0.152073 -0.284741 False
0.665084 0.152516 -0.284649 False
0.665389 0.152361 -0.284438 False
0.666145 0.152432 -0.284734 False
0.667369 0.152881 -0.285014 False
0.665168 0.152742 -0.284486 False
0.664341 0.152520 -0.284104 False
0.665402 0.152927 -0.282617 False
0.668434 0.153070 -0.276299 False
0.668761 0.153020 -0.272566 False
0.666841 0.152683 -0.272140 False
0.667005 0.152449 -0.275175 False
0.665712 0.152723 -0.283899 False
0.666661 0.155836 -0.289182 False
0.663739 0.165066 -0.300029 False
0.665076 0.155348 -0.289085 False
0.664811 0.152357 -0.284872 False
0.668426 0.152796 -0.278259 False
0.666059 0.153711 -0.280047 False
0.665913 0.156905 -0.273022 False
0.672489 0.157104 -0.271737 False
0.670060 0.154027 -0.274596 False
0.666694 0.152804 -0.282160 False
0.665739 0.152112 -0.284693 False
0.668051 0.152303 -0.283140 False
0.666506 0.152736 -0.277586 False
0.667942 0.152446 -0.280950 False
0.667783 0.153109 -0.276016 False
0.665199 0.153743 -0.275879 False
0.665930 0.153665 -0.282699 False
0.668585 0.153162 -0.284773 False
0.669534 0.152960 -0.283055 False
0.669150 0.153985 -0.277135 False
0.668097 0.156326 -0.275718 False
0.668382 0.153291 -0.280901 False
0.667953 0.153489 -0.277587 False
0.667937 0.152801 -0.282068 False
0.667455 0.152994 -0.278848 False
0.665793 0.153041 -0.281899 False
0.668710 0.153133 -0.275548 False
0.669982 0.153144 -0.276653 False
0.670767 0.153066 -0.275126 False
0.670248 0.152772 -0.280116 False
0.669030 0.152643 -0.275774 False
0.665842 0.152955 -0.280648 False
0.669794 0.153053 -0.276149 False
0.676714 0.154144 -0.275901 False
0.670129 0.153789 -0.280422 False
0.675549 0.153203 -0.276201 False
0.668764 0.152859 -0.280510 False
0.668764 0.153937 -0.276948 False
0.666297 0.153309 -0.282803 False
0.667439 0.153712 -0.284856 False
0.668897 0.153118 -0.285141 False
0.668492 0.152768 -0.284526 False
0.666170 0.153390 -0.284551 False
0.666224 0.152981 -0.284229 False
0.668306 0.152930 -0.284244 False
0.665572 0.152483 -0.284564 False
0.664799 0.152518 -0.284540 False
0.664791 0.152574 -0.284132 False
0.664759 0.152857 -0.283764 False
0.664503 0.152695 -0.283810 False
0.665060 0.152338 -0.284378 False
0.666309 0.152384 -0.283871 False
0.668896 0.152882 -0.282376 False
0.668461 0.153022 -0.277660 False
0.665727 0.152908 -0.282621 False
0.665029 0.152530 -0.283684 False
0.666026 0.152899 -0.284117 False
0.668792 0.153025 -0.282564 False
0.668521 0.153080 -0.277989 False
0.666042 0.152908 -0.282484 False
0.666238 0.152971 -0.284061 False
0.668727 0.152813 -0.285082 False
0.665801 0.151978 -0.284804 False
0.665496 0.152310 -0.284460 False
0.667558 0.152382 -0.284599 False
0.666077 0.152252 -0.284511 False
0.665549 0.152247 -0.284025 False
0.665547 0.152354 -0.284489 False
0.665239 0.152180 -0.284562 False
0.665133 0.153644 -0.284369 False
0.664961 0.152930 -0.284602 False
0.665283 0.152909 -0.284665 False
0.665731 0.152762 -0.284749 False
0.666950 0.153882 -0.284933 False
0.665507 0.153083 -0.284637 False
0.665317 0.152395 -0.284293 False
0.665642 0.152441 -0.284534 False
0.666290 0.152274 -0.284615 False
0.669447 0.152735 -0.284880 False
0.666584 0.152533 -0.284717 False
0.664359 0.157901 -0.286397 False
0.659747 0.181075 -0.293677 False
0.643676 0.257755 -0.315719 False
0.659910 0.180791 -0.292568 False
0.665636 0.156764 -0.285690 False
0.668694 0.151557 -0.284410 False
0.668546 0.151230 -0.284356 False
0.669957 0.151708 -0.284397 False
0.667380 0.152243 -0.284224 False
0.669919 0.152259 -0.284445 False
0.669852 0.152312 -0.284308 False
0.667518 0.152456 -0.284585 False
0.666498 0.152306 -0.284685 False
0.667331 0.151809 -0.284705 False
0.669221 0.152155 -0.284617 False
0.668868 0.152351 -0.284395 False
0.665994 0.152313 -0.284749 False
0.665608 0.152638 -0.284892 False
0.667834 0.153120 -0.282839 False
0.670762 0.153348 -0.276134 False
0.670852 0.153428 -0.277593 False
0.659267 0.152715 -0.287624 False
0.621998 0.147722 -0.314211 False
0.497389 0.130882 -0.412564 False
0.622204 0.146966 -0.314714 False
0.657875 0.151512 -0.289311 False
0.665807 0.152765 -0.283784 False
0.666628 0.152196 -0.283228 False
0.667046 0.152359 -0.283988 False
0.669651 0.152762 -0.284278 False
0.670292 0.152411 -0.283772 False
0.666701 0.151917 -0.282369 False
0.667377 0.152531 -0.278061 False
0.665704 0.151948 -0.282912 False
0.666009 0.152421 -0.284508 False
0.667656 0.153355 -0.284350 False
0.666986 0.153079 -0.284506 False
0.669534 0.152698 -0.285339 False
0.670134 0.152167 -0.285196 False
0.669565 0.152342 -0.284826 False
0.669250 0.152761 -0.284785 False
0.666220 0.152516 -0.285007 False
0.665372 0.152296 -0.284762 False
0.665362 0.152236 -0.284730 False
0.665761 0.152215 -0.284849 False
0.665400 0.151654 -0.285256 False
0.665141 0.151714 -0.284705 False
0.665073 0.152410 -0.285440 False
0.666286 0.152264 -0.285469 False
0.668379 0.152250 -0.284762 False
0.665869 0.152292 -0.284212 False
0.665147 0.152390 -0.284075 False
0.664924 0.152284 -0.284101 False
0.664962 0.152259 -0.284209 False
0.665235 0.152247 -0.284692 False
0.665255 0.152297 -0.285284 False
0.665394 0.152452 -0.284834 False
0.665813 0.151885 -0.284644 False
0.666624 0.152242 -0.285544 False
0.665773 0.152193 -0.284907 False
0.665159 0.152066 -0.284627 False
0.665162 0.151742 -0.284242 False
0.665130 0.152070 -0.284226 False
0.665269 0.152088 -0.284546 False
0.664714 0.151847 -0.284571 False
0.664785 0.152472 -0.284351 False
0.664906 0.152426 -0.284768 False
0.665913 0.152663 -0.285337 False
0.668362 0.152082 -0.285026 False
0.667082 0.152518 -0.285364 False
0.669035 0.152451 -0.284917 False
0.668473 0.152754 -0.284979 False
0.665966 0.152429 -0.284519 False
0.665089 0.152493 -0.285147 False
0.664924 0.152671 -0.285742 False
0.664410 0.152683 -0.286196 False
0.664955 0.153356 -0.285692 False
0.664980 0.152997 -0.285024 False
0.664536 0.152483 -0.285068 False
0.665339 0.152642 -0.284982 False
0.665843 0.152591 -0.285508 False
0.665261 0.152794 -0.285494 False
0.664742 0.152484 -0.284896 False
0.664928 0.152767 -0.284740 False
0.667023 0.152484 -0.284821 False
0.665083 0.152659 -0.285210 False
0.664545 0.152115 -0.285415 False
0.664900 0.153081 -0.284862 False
0.664764 0.152535 -0.284691 False
0.664497 0.152543 -0.284659 False
0.665546 0.152740 -0.284713 False
0.667415 0.152787 -0.284898 False
0.665224 0.152244 -0.285512 False
0.665121 0.151924 -0.285634 False
0.665540 0.152855 -0.285453 False
0.666176 0.153309 -0.284741 False
0.668336 0.152462 -0.285509 False
0.666773 0.152202 -0.285847 False
0.668469 0.152148 -0.286117 False
0.669116 0.152199 -0.285445 False
0.669106 0.152469 -0.283582 False
0.668726 0.153376 -0.277946 False
0.668543 0.152832 -0.283179 False
0.666209 0.152978 -0.284747 False
0.667535 0.153000 -0.284820 False
0.666476 0.152881 -0.284762 False
0.668767 0.152427 -0.284723 False
0.668868 0.152491 -0.284787 False
0.665959 0.152719 -0.285081 False
0.665152 0.152292 -0.285052 False
0.665125 0.152139 -0.285545 False
0.665172 0.153350 -0.285075 False
0.666055 0.153776 -0.282595 False
0.667975 0.155445 -0.276575 False
0.665749 0.153188 -0.282607 False
0.665127 0.153005 -0.285088 False
0.664611 0.152935 -0.285609 False
0.666025 0.152382 -0.285230 False
0.668220 0.152325 -0.285658 False
0.665524 0.152716 -0.285538 False
0.664582 0.152537 -0.284423 False
0.665490 0.153161 -0.282187 False
0.667751 0.153946 -0.276730 False
0.666304 0.152842 -0.282360 False
0.667383 0.152931 -0.283841 False
0.665551 0.152853 -0.284280 False
0.665043 0.152413 -0.284647 False
0.665049 0.152419 -0.284724 False
0.664935 0.152858 -0.284631 False
0.664863 0.152869 -0.284352 False
0.664999 0.152467 -0.284606 False
0.666176 0.152612 -0.284681 False
0.668622 0.152463 -0.284741 False
0.668817 0.152765 -0.284854 False
0.666166 0.152506 -0.285020 False
0.665479 0.152774 -0.284129 False
0.665818 0.152533 -0.282719 False
0.668233 0.152976 -0.276938 False
0.666577 0.152970 -0.282081 False
0.668029 0.152738 -0.283809 False
0.665329 0.152445 -0.284508 False
0.665717 0.152736 -0.284392 False
0.667959 0.152479 -0.284646 False
0.666020 0.152898 -0.284601 False
0.665369 0.153104 -0.284340 False
0.665375 0.153455 -0.284493 False
0.667268 0.153133 -0.284180 False
0.665287 0.154298 -0.284114 False
0.664581 0.154707 -0.284206 False
0.665062 0.153452 -0.284489 False
0.665914 0.153071 -0.284308 False
0.668826 0.152964 -0.284504 False
0.668455 0.152894 -0.284300 False
0.665536 0.152801 -0.284561 False
0.664704 0.154167 -0.284574 False
0.665557 0.155419 -0.284306 False
0.668533 0.152866 -0.284567 False
0.668787 0.152891 -0.284654 False
0.665888 0.152956 -0.284661 False
0.665007 0.153068 -0.284602 False
0.665848 0.153443 -0.284343 False
0.668260 0.154656 -0.284603 False
0.669045 0.153941 -0.284655 False
0.668153 0.153337 -0.284576 False
0.666074 0.153433 -0.284314 False
0.666315 0.152818 -0.284590 False
0.669445 0.153088 -0.284701 False
0.670346 0.153524 -0.284760 False
0.669961 0.153000 -0.284708 False
0.668736 0.152513 -0.284220 False
0.666686 0.153053 -0.282363 False
0.668526 0.155331 -0.277591 False
0.666079 0.153525 -0.282611 False
0.665973 0.152580 -0.283898 False
0.668434 0.152868 -0.284280 False
0.668097 0.152962 -0.284656 False
0.665677 0.152904 -0.284713 False
0.665982 0.152607 -0.284611 False
0.667568 0.153147 -0.284343 False
0.666394 0.152317 -0.284735 False
0.667295 0.153346 -0.285295 False
0.665342 0.152810 -0.284852 False
0.665826 0.152969 -0.284576 False
0.667712 0.153034 -0.284171 False
0.665996 0.153088 -0.284042 False
0.665743 0.153181 -0.284052 False
0.666047 0.153303 -0.283443 False
0.667501 0.153199 -0.282256 False
0.667296 0.153031 -0.282411 False
0.657753 0.149498 -0.290271 False
0.609648 0.132684 -0.327065 False
0.446039 0.075851 -0.449303 False
0.447528 0.096544 -0.449224 False
0.609729 0.138775 -0.326753 False
0.657204 0.150931 -0.290323 False
0.667127 0.153629 -0.282892 False
0.667629 0.153584 -0.282668 False
0.667268 0.154582 -0.283281 False
0.668774 0.152862 -0.284072 False
0.665499 0.152288 -0.284060 False
0.665194 0.151896 -0.283832 False
0.665394 0.152661 -0.282729 False
0.667239 0.152707 -0.278019 False
0.666175 0.152970 -0.282427 False
0.666651 0.153037 -0.284019 False
0.668891 0.153011 -0.285037 False
0.666037 0.152608 -0.284405 False
0.665469 0.152406 -0.284247 False
0.665866 0.152851 -0.284586 False
0.668812 0.152958 -0.285890 False
0.670058 0.152721 -0.286146 False
0.670288 0.153452 -0.285330 False
0.669688 0.154863 -0.283069 False
0.668751 0.154769 -0.278027 False
0.666019 0.152778 -0.282699 False
0.665299 0.152186 -0.283821 False
0.665380 0.151905 -0.284040 False
0.665964 0.151491 -0.283915 False
0.667313 0.151140 -0.283536 False
0.665512 0.153559 -0.282853 False
0.663094 0.167936 -0.282173 False
0.660301 0.220081 -0.298814 False
0.659822 0.229672 -0.304741 False
0.655937 0.227397 -0.301830 False
0.656693 0.224040 -0.301708 False
0.660104 0.225844 -0.308500 False
0.666094 0.234100 -0.304902 False
0.658509 0.233611 -0.301798 False
0.664195 0.171134 -0.288028 False
0.668585 0.154165 -0.284763 False
0.666392 0.151211 -0.283892 False
0.665785 0.151435 -0.283876 False
0.665324 0.151861 -0.284064 False
0.665115 0.151838 -0.284425 False
0.665541 0.152448 -0.284263 False
0.665746 0.152411 -0.284492 False
0.666115 0.152559 -0.284397 False
0.667550 0.152854 -0.284854 False
0.666836 0.152507 -0.284735 False
0.668230 0.152381 -0.284673 False
0.666741 0.152500 -0.284583 False
0.667997 0.154056 -0.284301 False
0.665695 0.154658 -0.284574 False
0.665091 0.153199 -0.284650 False
0.665148 0.153154 -0.284677 False
0.664943 0.152477 -0.284727 False
0.664883 0.151898 -0.284921 False
0.664858 0.152047 -0.285402 False
0.664874 0.151754 -0.284784 False
0.665107 0.152303 -0.283955 False
0.666234 0.151837 -0.282610 False
0.669091 0.151884 -0.278800 False
0.669147 0.152523 -0.283659 False
0.665972 0.152994 -0.284492 False
0.665039 0.152814 -0.284320 False
0.664900 0.152641 -0.284179 False
0.665260 0.152700 -0.283809 False
0.665800 0.152700 -0.282441 False
0.667519 0.153260 -0.278111 False
0.666045 0.153812 -0.282426 False
0.667657 0.152866 -0.283851 False
0.666957 0.152020 -0.284351 False
0.669661 0.152137 -0.285015 False
0.666751 0.151737 -0.284975 False
0.669005 0.152015 -0.285377 False
0.665814 0.151493 -0.284959 False
0.665187 0.151602 -0.285076 False
0.665142 0.151729 -0.284881 False
0.665325 0.152104 -0.285089 False
0.665695 0.151652 -0.284799 False
0.666448 0.151762 -0.284692 False
0.667331 0.152577 -0.284466 False
0.666184 0.152777 -0.284598 False
0.665621 0.151918 -0.282906 False
0.666746 0.151677 -0.278041 False
0.666432 0.151698 -0.283065 False
0.669053 0.151847 -0.284177 False
0.667055 0.152512 -0.284993 False
0.668357 0.152505 -0.284909 False
0.666109 0.152410 -0.285097 False
0.665717 0.152290 -0.284829 False
0.665505 0.151697 -0.284822 False
0.665906 0.151363 -0.285031 False
0.668054 0.151459 -0.284677 False
0.666004 0.151616 -0.284357 False
0.666308 0.151595 -0.284732 False
0.668972 0.151588 -0.285047 False
0.668990 0.152420 -0.284804 False
0.666333 0.152423 -0.284785 False
0.665604 0.152460 -0.284907 False
0.665497 0.152466 -0.284296 False
0.667412 0.152707 -0.284171 False
0.665833 0.152773 -0.284345 False
0.665287 0.152774 -0.285051 False
0.665140 0.152713 -0.285240 False
0.665718 0.152555 -0.285198 False
0.667930 0.152528 -0.284816 False
0.666144 0.151971 -0.284702 False
0.665622 0.152203 -0.284716 False
0.666149 0.151944 -0.284721 False
0.668128 0.152376 -0.284791 False
0.665832 0.151965 -0.285072 False
0.665506 0.152317 -0.284918 False
0.665244 0.152404 -0.285194 False
0.665012 0.152684 -0.285258 False
0.664978 0.152772 -0.285087 False
0.664553 0.152893 -0.284541 False
0.665705 0.153324 -0.284872 False
0.667441 0.153897 -0.284401 False
0.666626 0.153778 -0.284588 False
0.668452 0.152809 -0.284550 False
0.666921 0.152120 -0.284229 False
0.668514 0.152666 -0.284298 False
0.665835 0.153742 -0.284773 False
0.664973 0.153624 -0.284147 False
0.665280 0.152237 -0.284658 False
0.665125 0.152233 -0.285049 False
0.665404 0.152413 -0.284903 False
0.665559 0.151831 -0.285105 False
0.665814 0.151797 -0.284904 False
0.666008 0.152329 -0.285093 False
0.668328 0.152504 -0.284910 False
0.666751 0.152018 -0.285106 False
0.668037 0.152374 -0.284837 False
0.666890 0.151976 -0.284581 False
0.668845 0.152859 -0.283765 False
0.665963 0.153079 -0.279436 False
0.666058 0.152675 -0.284442 False
0.667862 0.152019 -0.285987 False
0.665636 0.152340 -0.286265 False
0.664240 0.152482 -0.286027 False
0.664773 0.152750 -0.285992 False
0.665654 0.152049 -0.285265 False
0.666793 0.152428 -0.285672 False
0.669518 0.153416 -0.285397 False
0.670477 0.152973 -0.285074 False
0.666727 0.153449 -0.283946 False
0.667677 0.154387 -0.278266 False
0.664736 0.155575 -0.283024 False
0.664651 0.152788 -0.284621 False
0.664655 0.152477 -0.285598 False
0.665856 0.152483 -0.284655 False
0.668062 0.152033 -0.284658 False
0.665560 0.152541 -0.284660 False
0.665513 0.152480 -0.284608 False
0.665947 0.151716 -0.284332 False
0.667653 0.151683 -0.284570 False
0.665591 0.151940 -0.284570 False
0.665447 0.153156 -0.284331 False
0.664815 0.154981 -0.284602 False
0.664872 0.153404 -0.284716 False
0.665416 0.152881 -0.284755 False
0.665492 0.152784 -0.284717 False
0.666102 0.152853 -0.284344 False
0.668981 0.153223 -0.282757 False
0.666611 0.154563 -0.277851 False
0.665743 0.153331 -0.283206 False
0.665312 0.153151 -0.284798 False
0.665139 0.153754 -0.284826 False
0.665313 0.152969 -0.284763 False
0.665183 0.152558 -0.284728 False
0.664847 0.152871 -0.284700 False
0.664954 0.153427 -0.284688 False
0.665500 0.152984 -0.284682 False
0.665243 0.152808 -0.284688 False
0.665008 0.152607 -0.284769 False
0.664757 0.152049 -0.285041 False
0.664909 0.152547 -0.284856 False
0.665065 0.152711 -0.285044 False
0.664763 0.152774 -0.284881 False
0.664899 0.152798 -0.285189 False
0.665695 0.152776 -0.286382 False
0.665239 0.152774 -0.285106 False
0.665323 0.152888 -0.284604 False
0.666085 0.153212 -0.284215 False
0.666511 0.153416 -0.283616 False
0.668252 0.153451 -0.282945 False
0.670813 0.153084 -0.282994 False
0.661188 0.149499 -0.291305 False
0.621135 0.133907 -0.330559 False
0.458730 0.084679 -0.457937 False
0.451625 0.102948 -0.460919 False
0.614490 0.225847 -0.346102 False
0.665785 0.244670 -0.305770 False
0.677364 0.233427 -0.299243 False
0.688077 0.188934 -0.286129 False
0.673947 0.233059 -0.296147 False
0.665076 0.255634 -0.293017 False
0.657615 0.245462 -0.306577 False
0.663758 0.175441 -0.290700 False
0.664965 0.155394 -0.285816 False
0.665657 0.151475 -0.285078 False
0.668111 0.151611 -0.285312 False
0.666164 0.152190 -0.284905 False
0.666198 0.152563 -0.284822 False
0.668595 0.152869 -0.283427 False
0.670067 0.154044 -0.277765 False
0.669302 0.153339 -0.283576 False
0.668864 0.152785 -0.285162 False
0.668542 0.153063 -0.285219 False
0.666471 0.153095 -0.283136 False
0.667351 0.153859 -0.278285 False
0.669031 0.153973 -0.283392 False
0.668341 0.153241 -0.284885 False
0.666101 0.153454 -0.283486 False
0.667771 0.152796 -0.278626 False
0.665745 0.152371 -0.284099 False
0.667923 0.153771 -0.285489 False
0.665644 0.152911 -0.285719 False
0.667694 0.153295 -0.286553 False
0.667871 0.153709 -0.286135 False
0.665876 0.153003 -0.284871 False
0.665235 0.152785 -0.284675 False
0.665092 0.152579 -0.282962 False
0.668761 0.151904 -0.277412 False
0.664807 0.151822 -0.283657 False
0.665498 0.152349 -0.285055 False
0.668640 0.152879 -0.285362 False
0.669245 0.152336 -0.285494 False
0.667187 0.151447 -0.284734 False
0.668978 0.151937 -0.284981 False
0.667195 0.151479 -0.285025 False
0.668135 0.152438 -0.284560 False
0.666995 0.152684 -0.283963 False
0.668726 0.152555 -0.283445 False
0.667421 0.152369 -0.282964 False
0.665840 0.151795 -0.283681 False
0.656728 0.151377 -0.290979 False
0.618494 0.146439 -0.321505 False
0.495885 0.133395 -0.417843 False
0.619094 0.147044 -0.321801 False
0.659681 0.150628 -0.291232 False
0.666975 0.151502 -0.283560 False
0.669233 0.151746 -0.283521 False
0.666492 0.151787 -0.283897 False
0.665901 0.152046 -0.284267 False
0.665261 0.151699 -0.285227 False
0.665583 0.152483 -0.284838 False
0.668083 0.152587 -0.284314 False
0.666535 0.152684 -0.282588 False
0.668781 0.152392 -0.277282 False
0.666573 0.151680 -0.283022 False
0.668243 0.151294 -0.284785 False
0.666520 0.152158 -0.284862 False
0.668652 0.151726 -0.284674 False
0.668100 0.152295 -0.283982 False
0.668800 0.151846 -0.281039 False
0.668434 0.151833 -0.284495 False
0.668480 0.152068 -0.285092 False
0.669123 0.151386 -0.283329 False
0.670228 0.152107 -0.278144 False
0.669162 0.151935 -0.283833 False
0.668958 0.152363 -0.285009 False
0.667567 0.152420 -0.285287 False
0.668678 0.151669 -0.285388 False
0.668286 0.151863 -0.285613 False
0.667892 0.151583 -0.285430 False
0.667075 0.151126 -0.284575 False
0.669792 0.151706 -0.284961 False
0.670305 0.152408 -0.286158 False
0.669302 0.153055 -0.285619 False
0.667338 0.152871 -0.285582 False
0.668471 0.151569 -0.284905 False
0.669549 0.151094 -0.283348 False
0.669539 0.151435 -0.278652 False
0.666180 0.151386 -0.283810 False
0.668696 0.151698 -0.285583 False
0.669245 0.152032 -0.285476 False
0.669065 0.151309 -0.285794 False
0.668179 0.150774 -0.285979 False
0.668117 0.151162 -0.286358 False
0.667762 0.151495 -0.285594 False
0.666388 0.151352 -0.285567 False
0.668880 0.151553 -0.285262 False
0.668318 0.152464 -0.285206 False
0.669103 0.152472 -0.285224 False
0.670045 0.151605 -0.285297 False
0.669773 0.151572 -0.285620 False
0.669178 0.151662 -0.285734 False
0.668069 0.151653 -0.285611 False
0.666060 0.151524 -0.285348 False
0.666367 0.151641 -0.285306 False
0.668597 0.151826 -0.285577 False
0.669756 0.152193 -0.285652 False
0.668252 0.151856 -0.285619 False
0.667444 0.151836 -0.285312 False
0.667106 0.151618 -0.285214 False
0.665753 0.151359 -0.285093 False
0.666439 0.151076 -0.284833 False
0.665405 0.151551 -0.285119 False
0.665783 0.151810 -0.285255 False
0.668341 0.152158 -0.285464 False
0.666891 0.151763 -0.285095 False
0.668006 0.151581 -0.285510 False
0.665659 0.151292 -0.285224 False
0.665031 0.151987 -0.284705 False
0.665339 0.151646 -0.283974 False
0.665973 0.152132 -0.282728 False
0.668939 0.151805 -0.278120 False
0.670180 0.151620 -0.283321 False
0.669840 0.151594 -0.285292 False
0.667869 0.151579 -0.285656 False
0.665672 0.151622 -0.285448 False
0.665911 0.151977 -0.285742 False
0.668767 0.154736 -0.285943 False
0.668765 0.153260 -0.285344 False
0.669792 0.153104 -0.285319 False
0.668582 0.152271 -0.285692 False
0.668377 0.150980 -0.286032 False
0.666277 0.151175 -0.285756 False
0.668059 0.151514 -0.285544 False
0.667923 0.151713 -0.285996 False
0.667397 0.151829 -0.285725 False
0.665936 0.151668 -0.285338 False
0.667328 0.151377 -0.285262 False
0.664818 0.151519 -0.284917 False
0.665447 0.151390 -0.285161 False
0.668958 0.151635 -0.285101 False
0.668537 0.151700 -0.284477 False
0.668195 0.151635 -0.283092 False
0.668450 0.151687 -0.277914 False
0.666955 0.151854 -0.283172 False
0.667994 0.152341 -0.284727 False
0.666256 0.152394 -0.285269 False
0.667730 0.152350 -0.283890 False
0.669169 0.152254 -0.278965 False
0.667552 0.152093 -0.284132 False
0.668938 0.152798 -0.284878 False
0.669359 0.152706 -0.283912 False
0.668709 0.152399 -0.278262 False
0.665865 0.151970 -0.283875 False
0.669232 0.152329 -0.285022 False
0.669988 0.152661 -0.285331 False
0.669520 0.152616 -0.285739 False
0.669911 0.152437 -0.285785 False
0.669395 0.151518 -0.285315 False
0.667487 0.151334 -0.285303 False
0.669437 0.151560 -0.285671 False
0.670186 0.151692 -0.285789 False
0.668653 0.151743 -0.285719 False
0.666347 0.151458 -0.285039 False
0.666283 0.151790 -0.283327 False
0.668347 0.152500 -0.277930 False
0.666897 0.152463 -0.281501 False
0.669717 0.152042 -0.277201 False
0.667976 0.152311 -0.281025 False
0.669860 0.152000 -0.278222 False
0.666512 0.152266 -0.283620 False
0.666329 0.151504 -0.284712 False
0.668929 0.152391 -0.284807 False
0.667906 0.152459 -0.283201 False
0.671511 0.152379 -0.277946 False
0.668148 0.152043 -0.283405 False
0.669960 0.152591 -0.284689 False
0.669167 0.152755 -0.285522 False
0.666759 0.152794 -0.285538 False
0.668742 0.152794 -0.285909 False
0.665567 0.152740 -0.285325 False
0.665274 0.152485 -0.284920 False
0.665346 0.151617 -0.285130 False
0.666131 0.151812 -0.285302 False
0.669098 0.152488 -0.285751 False
0.668494 0.152600 -0.285771 False
0.666631 0.152697 -0.285868 False
0.667939 0.152547 -0.286186 False
0.668857 0.152025 -0.286011 False
0.669473 0.152644 -0.285721 False
0.670333 0.155304 -0.283816 False
0.669322 0.153293 -0.278091 False
0.669804 0.152528 -0.283653 False
0.670236 0.152195 -0.285641 False
0.667287 0.151711 -0.285932 False
0.668382 0.152289 -0.286355 False
0.668664 0.154744 -0.286272 False
0.664384 0.163133 -0.287530 False
0.655987 0.196604 -0.294345 False
0.642667 0.186666 -0.301789 False
0.636317 0.170831 -0.308343 False
0.632280 0.171801 -0.310828 False
0.618078 0.195980 -0.312200 False
0.591342 0.232949 -0.309406 False
0.534651 0.269636 -0.293550 False
0.479817 0.275989 -0.271693 False
0.453763 0.269982 -0.269587 False
0.417987 0.261370 -0.251193 False
0.394160 0.256766 -0.231661 False
0.375677 0.249823 -0.207111 False
0.382174 0.232442 -0.213846 False
0.374877 0.223885 -0.208356 False
0.363926 0.221561 -0.183128 False
0.362904 0.221203 -0.180959 False
0.370752 0.221762 -0.200145 False
0.371507 0.219652 -0.207054 False
0.369784 0.218367 -0.204040 False
0.366528 0.221536 -0.199080 False
0.363026 0.223705 -0.195088 False
0.360106 0.224759 -0.191967 False
0.359660 0.224306 -0.191981 False
0.362265 0.226187 -0.189953 False
0.366497 0.232183 -0.188204 False
0.366965 0.249413 -0.185354 False
0.365998 0.266493 -0.166665 False
0.363909 0.279869 -0.177326 False
0.348480 0.274962 -0.177380 False
0.329288 0.241717 -0.195653 False
0.324105 0.249711 -0.200769 False
0.340232 0.224776 -0.202418 False
0.335710 0.242954 -0.206470 False
0.319723 0.254492 -0.196909 False
0.317322 0.251250 -0.183597 False
0.315738 0.243208 -0.183238 False
0.327999 0.231346 -0.193616 False
0.344759 0.204793 -0.189417 False
0.342927 0.211546 -0.189263 False
0.325659 0.247267 -0.189376 False
0.331904 0.267344 -0.171848 False
0.337534 0.281688 -0.129334 False
0.341407 0.266085 -0.122624 False
0.376685 0.229732 -0.161415 False
0.564537 0.144119 -0.399969 False
0.633990 0.085786 -0.446921 False
0.657586 0.083809 -0.461741 False
0.656191 0.093450 -0.461979 False
0.639908 0.079276 -0.498210 False
0.620450 0.065071 -0.526140 False
0.623346 0.059973 -0.509943 False
0.630460 0.060251 -0.483061 False
0.638004 0.066242 -0.456022 False
0.638017 0.080073 -0.455001 False
0.630507 0.115470 -0.472285 False
0.650523 0.102418 -0.455173 False
0.643634 0.078992 -0.444852 False
0.610729 0.080802 -0.402207 False
0.482830 0.152628 -0.241387 False
0.354458 0.230594 -0.081944 False
0.321787 0.257354 -0.043580 False
0.313486 0.281079 -0.041580 False
0.310724 0.261873 -0.037903 False
0.309825 0.260257 -0.042250 False
0.303534 0.255898 -0.046011 False
0.319517 0.260759 -0.068408 False
0.325631 0.343955 -0.106435 False
0.340344 0.351284 -0.111633 False
0.363843 0.298087 -0.124969 False
0.387430 0.236099 -0.157841 False
0.395847 0.160434 -0.166807 False
0.394930 0.108649 -0.154074 False
0.386829 0.089126 -0.171640 False
0.361841 0.105704 -0.168561 False
0.269717 0.204755 -0.134744 False
0.241417 0.232768 -0.124391 False
0.234544 0.236653 -0.122894 False
0.239498 0.212737 -0.131970 False
0.260280 0.152260 -0.146254 False
0.263626 0.136055 -0.148823 False
0.253301 0.168976 -0.134596 False
0.262625 0.125191 -0.142791 False
0.246996 0.162293 -0.132419 False
0.243347 0.154543 -0.136585 False
0.252179 0.099906 -0.177984 False
0.257353 0.096998 -0.180173 False
0.259574 0.139384 -0.139201 False
0.263882 0.138647 -0.145578 False
0.266566 0.094166 -0.177116 False
0.259079 0.111080 -0.163076 False
0.269276 0.074853 -0.188433 False
0.272014 0.078759 -0.186561 False
0.271246 0.124329 -0.152466 False
0.265680 0.127966 -0.151481 False
0.266701 0.098949 -0.183125 False
0.270778 0.089165 -0.202308 False
0.288862 0.086998 -0.247230 False
0.350185 0.097257 -0.386873 False
0.322004 0.138502 -0.266905 False
0.387760 0.159538 -0.347394 False
0.294869 0.143432 -0.197673 False
0.259241 0.127122 -0.161587 False
0.263619 0.082030 -0.183807 False
0.266264 0.071785 -0.190309 False
0.266956 0.080459 -0.183936 False
0.266261 0.124145 -0.154318 False
0.265635 0.130332 -0.152857 False
0.266042 0.108938 -0.174718 False
0.279386 0.133360 -0.163280 False
0.343114 0.142872 -0.208485 False
0.544082 0.160203 -0.378724 False
0.344734 0.147096 -0.209872 False
0.282837 0.143505 -0.157053 False
0.265592 0.142590 -0.143655 False
0.265528 0.143145 -0.144522 False
0.265244 0.142554 -0.144572 False
0.267480 0.137967 -0.150979 False
0.274796 0.131387 -0.162154 False
0.283134 0.103560 -0.173442 False
0.266338 0.156707 -0.155961 False
0.277141 0.187459 -0.168008 False
0.279379 0.150146 -0.216420 False
0.282586 0.141583 -0.228388 False
0.288550 0.188536 -0.207391 False
0.295843 0.198757 -0.219745 False
0.319581 0.233171 -0.256841 False
0.334706 0.256087 -0.306092 False
0.336955 0.241656 -0.373897 False
0.344088 0.279735 -0.386887 False
0.355380 0.246062 -0.419001 False
0.393534 0.113601 -0.476161 False
0.364261 0.102474 -0.485544 False
0.350037 0.189854 -0.465979 False
0.361987 0.184156 -0.470511 False
0.405146 0.095086 -0.485222 False
0.419230 0.075227 -0.486917 False
0.409519 0.091666 -0.489138 False
0.363963 0.171043 -0.489334 False
0.353622 0.186217 -0.490380 False
0.358748 0.171814 -0.492130 False
0.376903 0.114550 -0.493065 False
0.357992 0.165702 -0.493116 False
0.364460 0.176635 -0.495442 False
0.369271 0.172055 -0.496916 False
0.374115 0.143742 -0.500338 False
0.372196 0.126155 -0.504404 False
0.371000 0.099466 -0.502870 False
0.368110 0.142849 -0.499500 False
0.365750 0.105487 -0.501797 False
0.352675 0.141039 -0.495768 False
0.371086 0.083722 -0.500305 False
0.372777 0.069300 -0.508241 False
0.376066 0.065970 -0.503206 False
0.377604 0.062855 -0.506130 False
0.380634 0.063498 -0.507381 False
0.382056 0.062360 -0.507067 False
0.381280 0.065649 -0.504777 False
0.374788 0.083193 -0.500167 False
0.354516 0.151494 -0.492786 False
0.390124 0.114622 -0.490740 False
0.320842 0.183677 -0.482723 False
0.297316 0.200416 -0.475809 False
0.310491 0.192144 -0.470871 False
0.395154 0.144497 -0.482646 False
0.369824 0.147567 -0.469220 False
0.291297 0.207756 -0.443952 False
0.293866 0.203021 -0.444748 False
0.376548 0.140837 -0.481581 False
0.419073 0.124948 -0.492944 False
0.406285 0.126399 -0.491734 False
0.401004 0.142672 -0.477522 False
0.323694 0.192846 -0.431615 False
0.396345 0.127880 -0.478413 False
0.429274 0.086432 -0.498484 False
0.438012 0.097395 -0.497902 False
0.439627 0.098050 -0.498937 False
0.439780 0.099507 -0.499140 False
0.434323 0.101820 -0.490737 False
0.404854 0.119292 -0.445286 False
0.297847 0.186512 -0.284620 False
0.260799 0.208436 -0.224897 False
0.250930 0.202456 -0.215569 False
0.272082 0.179368 -0.253390 False
0.365196 0.116787 -0.387163 False
0.291752 0.173308 -0.237003 False
0.276911 0.182400 -0.200517 False
0.260799 0.181613 -0.190975 False
0.248731 0.177687 -0.180124 False
0.239927 0.163537 -0.163786 False
0.315870 0.163253 -0.216818 False
0.557656 0.163901 -0.390933 False
0.429270 0.159120 -0.250189 False
0.362208 0.216136 -0.202141 False
0.309060 0.241540 -0.177488 False
0.287311 0.227011 -0.175149 False
0.278728 0.195483 -0.167092 False
0.278520 0.189659 -0.157562 False
0.279341 0.177811 -0.150334 False
0.277523 0.177570 -0.137701 False
0.278035 0.185258 -0.151413 False
0.273817 0.192841 -0.162294 False
0.265595 0.183644 -0.169114 False
0.265618 0.172723 -0.161906 False
0.267211 0.164402 -0.158540 False
0.271373 0.148045 -0.162001 False
0.274900 0.098854 -0.176505 False
0.271132 0.150889 -0.162899 False
0.269322 0.165060 -0.161191 False
0.266382 0.165835 -0.166851 False
0.260880 0.160459 -0.166695 False
0.258419 0.142945 -0.181681 False
0.260138 0.164065 -0.164872 False
0.287151 0.157225 -0.190943 False
0.342456 0.183117 -0.210367 False
0.420479 0.247174 -0.228360 False
0.511377 0.261007 -0.257565 False
0.587897 0.245057 -0.284438 False
0.647881 0.224302 -0.311610 False
0.665043 0.205285 -0.333406 False
0.678493 0.191211 -0.356838 False
0.683256 0.181558 -0.356624 False
0.685549 0.177384 -0.357136 False
0.686579 0.174803 -0.357217 False
0.684627 0.177349 -0.356335 False
0.688585 0.191886 -0.360765 False
0.694274 0.212893 -0.343878 False
0.706016 0.169266 -0.336667 False
0.713118 0.157222 -0.326814 False
0.704105 0.154413 -0.327387 False
0.701331 0.151290 -0.335602 False
0.701692 0.150958 -0.335895 False
0.705116 0.152696 -0.328497 False
0.705538 0.153808 -0.333140 False
0.714864 0.156779 -0.325952 False
0.708859 0.154570 -0.326008 False
0.704609 0.154864 -0.333450 False
0.709716 0.164575 -0.330471 False
0.703531 0.154941 -0.335835 False
0.703606 0.156009 -0.335472 False
0.709437 0.169197 -0.328773 False
0.715468 0.172946 -0.327456 False
0.706768 0.173303 -0.330210 False
0.693854 0.171041 -0.340057 False
0.697307 0.159451 -0.340694 False
0.696397 0.163547 -0.341627 False
0.705528 0.155523 -0.327959 False
0.702402 0.152202 -0.335525 False
0.701589 0.151844 -0.338218 False
0.702667 0.155269 -0.338338 False
0.707092 0.166121 -0.341582 False
0.706432 0.161057 -0.329628 False
0.702329 0.169746 -0.330221 False
0.702240 0.168616 -0.338193 False
0.705772 0.156790 -0.334421 False
0.704009 0.154564 -0.326587 False
0.706052 0.153012 -0.326228 False
0.704266 0.151819 -0.333605 False
0.710649 0.152517 -0.327678 False
0.706891 0.151986 -0.306340 False
0.706688 0.152404 -0.305484 False
0.709141 0.153697 -0.321442 False
0.702938 0.156747 -0.336795 False
0.702077 0.169842 -0.346157 False
0.701491 0.168897 -0.346724 False
0.700004 0.156429 -0.341144 False
0.696772 0.157252 -0.340943 False
0.686490 0.169933 -0.346187 False
0.687216 0.169875 -0.345750 False
0.698466 0.157247 -0.339917 False
0.705131 0.158676 -0.337896 False
0.700595 0.171100 -0.343152 False
0.690681 0.174649 -0.349260 False
0.685390 0.174701 -0.353504 False
0.693441 0.171149 -0.334129 False
0.712085 0.158132 -0.326995 False
0.709614 0.153377 -0.333091 False
0.707233 0.156622 -0.336332 False
0.703180 0.169808 -0.341783 False
0.705005 0.169157 -0.332712 False
0.703340 0.156427 -0.334398 False
0.703518 0.153888 -0.335404 False
0.708210 0.157544 -0.336156 False
0.711111 0.170374 -0.340889 False
0.706424 0.170128 -0.340499 False
0.713659 0.156242 -0.336859 False
0.705269 0.152804 -0.337853 False
0.704706 0.152434 -0.337142 False
0.698678 0.156361 -0.339717 False
0.691400 0.166147 -0.343465 False
0.702297 0.155825 -0.338481 False
0.704021 0.156261 -0.341325 False
0.711067 0.170434 -0.350878 False
0.706375 0.174240 -0.357980 False
0.705399 0.173960 -0.351190 False
0.720964 0.173002 -0.321699 False
0.706826 0.169236 -0.334378 False
0.706111 0.156110 -0.332827 False
0.716285 0.153930 -0.325092 False
0.715931 0.155137 -0.322556 False
0.712717 0.165048 -0.322161 False
0.705198 0.156748 -0.329146 False
0.707831 0.160727 -0.317275 False
0.701390 0.167536 -0.327317 False
0.706069 0.156248 -0.333521 False
0.722132 0.154213 -0.328700 False
0.709032 0.151682 -0.335565 False
0.712399 0.151477 -0.336164 False
0.704964 0.151844 -0.337521 False
0.707280 0.152392 -0.336103 False
0.707889 0.153014 -0.335375 False
0.708244 0.155866 -0.334847 False
0.707435 0.154904 -0.334700 False
0.709199 0.154021 -0.335332 False
0.711929 0.154546 -0.334311 False
0.707943 0.157392 -0.332754 False
0.703837 0.166880 -0.326078 False
0.710789 0.157366 -0.330194 False
0.707841 0.157607 -0.325499 False
0.703871 0.166505 -0.326573 False
0.707320 0.155696 -0.330823 False
0.709508 0.153439 -0.325507 False
0.714264 0.152365 -0.326152 False
0.706631 0.156202 -0.332335 False
0.695770 0.170199 -0.333793 False
0.702058 0.170604 -0.340661 False
0.709304 0.158036 -0.329508 False
0.717793 0.153283 -0.331280 False
0.719134 0.152823 -0.327162 False
0.715480 0.156891 -0.331258 False
0.699532 0.166169 -0.328877 False
0.697647 0.159874 -0.327271 False
0.689111 0.169728 -0.336829 False
0.695984 0.170018 -0.350498 False
0.703636 0.160393 -0.340012 False
0.714140 0.153308 -0.335875 False
0.709835 0.151920 -0.334281 False
0.706697 0.153047 -0.331170 False
0.714085 0.156192 -0.330793 False
0.708225 0.153919 -0.327198 False
0.714176 0.153135 -0.333400 False
0.705728 0.156317 -0.334786 False
0.705271 0.153050 -0.334484 False
0.714633 0.152487 -0.334515 False
0.710578 0.151608 -0.335306 False
0.703626 0.151339 -0.337168 False
0.703308 0.151744 -0.335837 False
0.706251 0.153602 -0.335357 False
0.706889 0.155958 -0.336206 False
0.704684 0.154672 -0.335292 False
0.708010 0.154788 -0.335364 False
0.712254 0.156748 -0.335052 False
0.710679 0.154201 -0.333461 False
0.713038 0.158419 -0.326813 False
0.700912 0.167084 -0.328946 False
0.712400 0.160240 -0.331194 False
0.709410 0.155897 -0.327539 False
0.709501 0.156902 -0.332579 False
0.710786 0.153857 -0.333117 False
0.708612 0.153278 -0.331905 False
0.706763 0.156262 -0.333307 False
0.704132 0.165302 -0.334574 False
0.712431 0.156023 -0.335793 False
0.704235 0.153081 -0.337776 False
0.700449 0.156206 -0.340000 False
0.694148 0.180108 -0.348032 False
0.674844 0.264491 -0.372546 False
0.686604 0.185300 -0.355978 False
0.669080 0.194942 -0.358056 False
0.653138 0.320032 -0.396225 False
0.649403 0.360934 -0.409949 False
0.619792 0.330911 -0.432981 False
0.647796 0.287668 -0.402327 False
0.612196 0.230605 -0.418968 False
0.446262 0.101745 -0.503814 False
0.405180 0.073936 -0.522727 False
0.445606 0.103652 -0.499735 False
0.623537 0.233575 -0.401493 False
0.685468 0.271066 -0.368191 False
0.678590 0.237606 -0.382871 False
0.637200 0.342257 -0.446051 False
0.657170 0.326938 -0.390196 False
0.689721 0.194117 -0.349422 False
0.699336 0.157018 -0.338702 False
0.700605 0.148779 -0.337360 False
0.700720 0.148976 -0.337810 False
0.701417 0.150125 -0.337934 False
0.705554 0.151303 -0.335422 False
0.720870 0.153014 -0.328267 False
0.710481 0.153874 -0.333611 False
0.702796 0.151811 -0.337227 False
0.701541 0.151078 -0.335692 False
0.704132 0.151529 -0.328908 False
0.700863 0.151931 -0.334933 False
0.699276 0.151292 -0.334355 False
0.699766 0.151086 -0.326526 False
0.704056 0.151926 -0.334626 False
0.716913 0.152570 -0.335206 False
0.722197 0.151858 -0.335944 False
0.713952 0.153523 -0.336024 False
0.713140 0.154916 -0.335326 False
0.722531 0.154799 -0.328717 False
0.706315 0.152316 -0.331848 False
0.702604 0.151881 -0.323674 False
0.704358 0.154318 -0.332357 False
0.701202 0.152119 -0.336948 False
0.700214 0.151910 -0.338412 False
0.699903 0.151801 -0.338630 False
0.700099 0.152745 -0.338535 False
0.699981 0.151518 -0.338418 False
0.700241 0.150883 -0.338914 False
0.700322 0.150978 -0.338958 False
0.700342 0.151886 -0.338668 False
0.700354 0.151767 -0.338555 False
0.700384 0.151482 -0.338508 False
0.700324 0.151866 -0.338472 False
0.700239 0.154230 -0.338272 False
0.700307 0.153660 -0.338511 False
0.700292 0.151859 -0.338547 False
0.700018 0.150978 -0.338358 False
0.700245 0.151138 -0.337828 False
0.700010 0.152483 -0.338037 False
0.700538 0.152580 -0.338191 False
0.700475 0.151183 -0.338315 False
0.700878 0.150839 -0.338368 False
0.700954 0.151128 -0.337669 False
0.700849 0.151688 -0.333371 False
0.700934 0.152970 -0.319646 False
0.700388 0.152217 -0.319703 False
0.700043 0.151401 -0.333673 False
0.700657 0.151346 -0.337633 False
0.700922 0.151188 -0.338786 False
0.700892 0.151333 -0.339180 False
0.700557 0.151518 -0.339091 False
0.700662 0.151069 -0.338405 False
0.700415 0.151492 -0.338467 False
0.700345 0.151245 -0.338424 False
0.700334 0.151262 -0.338190 False
0.700331 0.151563 -0.338272 False
0.700309 0.150955 -0.338686 False
0.700216 0.151093 -0.338355 False
0.700219 0.152243 -0.338519 False
0.700020 0.152189 -0.338484 False
0.700252 0.152012 -0.338254 False
0.700315 0.152000 -0.338380 False
0.700308 0.152248 -0.338134 False
0.700225 0.153005 -0.338077 False
0.700272 0.152272 -0.338061 False
0.700215 0.152073 -0.338148 False
0.700312 0.152086 -0.338426 False
0.700726 0.151578 -0.338300 False
0.700526 0.151430 -0.338512 False
0.700702 0.152097 -0.338553 False
0.700853 0.152961 -0.338543 False
0.700610 0.152251 -0.338412 False
0.700594 0.151983 -0.338942 False
0.700717 0.151770 -0.339084 False
0.700612 0.151376 -0.339082 False
0.700740 0.151908 -0.339032 False
0.700668 0.153846 -0.338813 False
0.700827 0.153498 -0.338986 False
0.700547 0.152748 -0.338952 False
0.700441 0.152347 -0.339063 False
0.700313 0.153571 -0.339824 False
0.700618 0.155623 -0.342964 False
0.701006 0.163089 -0.352945 False
0.701304 0.155710 -0.342936 False
0.701086 0.153900 -0.339620 False
0.700979 0.153175 -0.338645 False
0.701161 0.152005 -0.338498 False
0.701057 0.151398 -0.338437 False
0.701019 0.151868 -0.338153 False
0.700989 0.152407 -0.338186 False
0.700912 0.153279 -0.338696 False
0.700992 0.153387 -0.338625 False
0.701010 0.153051 -0.338286 False
0.700882 0.152199 -0.339284 False
0.700349 0.154914 -0.342931 False
0.699001 0.163668 -0.354262 False
0.700371 0.156584 -0.342856 False
0.700351 0.155789 -0.340058 False
0.698917 0.162517 -0.342071 False
0.699992 0.154983 -0.339409 False
0.700443 0.153706 -0.337833 False
0.700167 0.153384 -0.334369 False
0.700511 0.152933 -0.324091 False
0.700160 0.153794 -0.335246 False
0.699829 0.156111 -0.341780 False
0.699607 0.163346 -0.353813 False
0.702913 0.156200 -0.342886 False
0.711796 0.156374 -0.339103 False
0.702720 0.155958 -0.342887 False
0.698749 0.164853 -0.354734 False
0.698856 0.159661 -0.345022 False
0.699920 0.166934 -0.346058 False
0.710529 0.166257 -0.341401 False
0.711580 0.156778 -0.336585 False
0.703070 0.153924 -0.337724 False
0.701249 0.153311 -0.337468 False
0.705459 0.153095 -0.335458 False
0.719583 0.153933 -0.328884 False
0.706686 0.152168 -0.335778 False
0.706289 0.152645 -0.337343 False
0.718515 0.155263 -0.335616 False
0.705011 0.152754 -0.337732 False
0.701937 0.153214 -0.337949 False
0.703496 0.152637 -0.337415 False
0.711857 0.154019 -0.335661 False
0.703360 0.152218 -0.338082 False
0.700567 0.151592 -0.338533 False
0.700345 0.151981 -0.338620 False
0.700363 0.152046 -0.338642 False
0.700073 0.152630 -0.338775 False
0.700139 0.155541 -0.339439 False
0.699907 0.163565 -0.340607 False
0.700484 0.156745 -0.339523 False
0.700247 0.153037 -0.338902 False
0.699790 0.152031 -0.339007 False
0.700104 0.151187 -0.339074 False
0.700021 0.151078 -0.338916 False
0.700372 0.152106 -0.338120 False
0.700745 0.151913 -0.335470 False
0.700432 0.151139 -0.337235 False
0.700001 0.151055 -0.337707 False
0.700024 0.152209 -0.337431 False
0.700506 0.153911 -0.336032 False
0.700319 0.153388 -0.337768 False
0.700863 0.151809 -0.338444 False
0.701032 0.150358 -0.338356 False
0.700495 0.150555 -0.338603 False
0.696900 0.156487 -0.342496 False
0.680105 0.185768 -0.358283 False
0.626112 0.279305 -0.409789 False
0.667881 0.185772 -0.358023 False
0.683042 0.156896 -0.341710 False
0.687362 0.149375 -0.338389 False
0.683265 0.149553 -0.339456 False
0.681896 0.153502 -0.341585 False
0.685150 0.167432 -0.344045 False
0.683092 0.208891 -0.354780 False
0.679136 0.173100 -0.349110 False
0.661418 0.189337 -0.364188 False
0.637019 0.283850 -0.426237 False
0.679820 0.200544 -0.375070 False
0.707625 0.161646 -0.344509 False
0.703830 0.152318 -0.334765 False
0.701566 0.150682 -0.324683 False
0.700729 0.152901 -0.334825 False
0.700480 0.152592 -0.337502 False
0.700486 0.155959 -0.334778 False
0.699769 0.169839 -0.323720 False
0.699708 0.169434 -0.324232 False
0.701198 0.157096 -0.333649 False
0.701004 0.154326 -0.336493 False
0.698735 0.155763 -0.338651 False
0.689826 0.165393 -0.346000 False
0.698135 0.158912 -0.340362 False
0.700049 0.156434 -0.336316 False
0.698829 0.168593 -0.328264 False
0.695890 0.172045 -0.331050 False
0.688774 0.172159 -0.335742 False
0.696753 0.169414 -0.339191 False
0.700426 0.159964 -0.333149 False
0.699894 0.165975 -0.320554 False
0.701145 0.158474 -0.332265 False
0.702910 0.169397 -0.332592 False
0.700790 0.172195 -0.335295 False
0.710649 0.172142 -0.329155 False
0.707243 0.168960 -0.338796 False
0.718209 0.157633 -0.335767 False
0.704103 0.156858 -0.331898 False
0.696409 0.166268 -0.313752 False
0.703678 0.159799 -0.322353 False
0.701743 0.159261 -0.331174 False
0.700734 0.166252 -0.326259 False
0.699375 0.160114 -0.335364 False
0.696504 0.169133 -0.338909 False
0.696474 0.168907 -0.352224 False
0.700110 0.156873 -0.340460 False
0.700387 0.151784 -0.339056 False
0.700577 0.151449 -0.338450 False
0.700277 0.153165 -0.338431 False
0.700146 0.156308 -0.338800 False
0.700193 0.157037 -0.340277 False
0.700888 0.165713 -0.344783 False
0.703694 0.157081 -0.339816 False
0.710847 0.158858 -0.337115 False
0.696918 0.166542 -0.339919 False
0.701507 0.158271 -0.337703 False
0.706499 0.154455 -0.337210 False
0.707118 0.155599 -0.338065 False
0.702140 0.156519 -0.339261 False
0.699478 0.170511 -0.343402 False
0.698285 0.174136 -0.355675 False
0.698263 0.173880 -0.352866 False
0.698646 0.173946 -0.354653 False
0.701416 0.174692 -0.338560 False
0.710696 0.171325 -0.351291 False
0.704829 0.160920 -0.343750 False
0.703369 0.169875 -0.348145 False
0.698583 0.172092 -0.350371 False
0.697563 0.169701 -0.354967 False
0.697271 0.159129 -0.343191 False
0.690711 0.165752 -0.340402 False
0.702698 0.156403 -0.336919 False
0.700991 0.153102 -0.338215 False
0.698344 0.155375 -0.340420 False
0.690792 0.166679 -0.344856 False
0.702361 0.157787 -0.339230 False
0.701451 0.152494 -0.338723 False
0.700782 0.150885 -0.338761 False
0.700825 0.151658 -0.337983 False
0.701388 0.154879 -0.336648 False
0.703760 0.166540 -0.331798 False
0.701494 0.157495 -0.336405 False
0.701246 0.153501 -0.337656 False
0.704933 0.153454 -0.336859 False
0.714778 0.155508 -0.333218 False
0.709911 0.157715 -0.326348 False
0.707447 0.156100 -0.325908 False
0.702007 0.152945 -0.332804 False
0.701213 0.154228 -0.328560 False
0.701356 0.153392 -0.335956 False
0.706505 0.153722 -0.336204 False
0.708270 0.154552 -0.335176 False
0.712415 0.156911 -0.334270 False
0.724204 0.158884 -0.333093 False
0.718893 0.158671 -0.328249 False
0.705013 0.155133 -0.335401 False
0.701411 0.156012 -0.336262 False
0.700823 0.156363 -0.336135 False
0.700433 0.154225 -0.337387 False
0.700975 0.154690 -0.336224 False
0.700533 0.151937 -0.337868 False
0.702367 0.153612 -0.337936 False
0.706880 0.155713 -0.336472 False
0.706963 0.154701 -0.335313 False
0.703886 0.156099 -0.336157 False
0.708373 0.157668 -0.338200 False
0.707720 0.166533 -0.344170 False
0.709677 0.156705 -0.338241 False
0.717383 0.154154 -0.336508 False
0.711324 0.153374 -0.335659 False
0.702586 0.153529 -0.337201 False
0.697238 0.156915 -0.336113 False
0.687815 0.168523 -0.334806 False
0.695008 0.167251 -0.342416 False
0.710983 0.157951 -0.334819 False
0.707693 0.157528 -0.328348 False
0.715264 0.154684 -0.333533 False
0.711866 0.154054 -0.334742 False
0.707378 0.154693 -0.335562 False
0.702529 0.154101 -0.335009 False
0.702302 0.153979 -0.334466 False
0.705435 0.154771 -0.332750 False
0.703365 0.157183 -0.327529 False
0.706670 0.155193 -0.333131 False
0.708071 0.157060 -0.335835 False
0.709748 0.154391 -0.335402 False
0.708131 0.154646 -0.335600 False
0.707333 0.155133 -0.334954 False
0.707665 0.153336 -0.334666 False
0.708657 0.153886 -0.334203 False
0.709767 0.154737 -0.334564 False
0.707358 0.154150 -0.332959 False
0.703413 0.154019 -0.328206 False
0.704794 0.154861 -0.332779 False
0.701840 0.155220 -0.333690 False
0.700788 0.157781 -0.330677 False
0.700236 0.166365 -0.341499 False
0.701939 0.158103 -0.336899 False
0.705817 0.154858 -0.335047 False
0.707266 0.154909 -0.333424 False
0.708994 0.155879 -0.327997 False
0.713595 0.154223 -0.333198 False
0.704591 0.153292 -0.335868 False
0.702395 0.151802 -0.337532 False
0.706221 0.153411 -0.335213 False
0.706288 0.154062 -0.334748 False
0.704110 0.156064 -0.335585 False
0.708207 0.152768 -0.335512 False
0.707019 0.152514 -0.334611 False
0.715267 0.153364 -0.334944 False
0.712781 0.154040 -0.335259 False
0.701666 0.156317 -0.338986 False
0.693055 0.166663 -0.351435 False
0.698823 0.160659 -0.340756 False
0.701824 0.156611 -0.336228 False
0.705028 0.155823 -0.335621 False
0.701916 0.156618 -0.335235 False
0.701929 0.155670 -0.335185 False
0.705098 0.155367 -0.335202 False
0.704693 0.155106 -0.335219 False
0.710273 0.154313 -0.334972 False
0.706878 0.154717 -0.335070 False
0.702697 0.154514 -0.334664 False
0.702208 0.155786 -0.335360 False
0.704027 0.153816 -0.337123 False
0.714983 0.153623 -0.335249 False
0.710766 0.153024 -0.334904 False
0.706058 0.154661 -0.333291 False
0.712507 0.154749 -0.328172 False
0.704846 0.155911 -0.333870 False
0.703889 0.152590 -0.337022 False
0.712521 0.153334 -0.336199 False
0.707153 0.153214 -0.336492 False
0.712729 0.151825 -0.337590 False
0.705191 0.152390 -0.337655 False
0.707394 0.152011 -0.335421 False
0.724918 0.153443 -0.326272 False
0.718385 0.153500 -0.326460 False
0.706797 0.156230 -0.326725 False
0.701367 0.152123 -0.335972 False
0.700148 0.151232 -0.338246 False
0.701050 0.152369 -0.338098 False
0.700742 0.151788 -0.335768 False
0.700600 0.155130 -0.330635 False
0.700852 0.165174 -0.337349 False
0.700525 0.159914 -0.342128 False
0.699677 0.167191 -0.353891 False
0.700930 0.161024 -0.343420 False
0.701050 0.166374 -0.341295 False
0.701186 0.159069 -0.338110 False
0.701333 0.156510 -0.337367 False
0.701014 0.154710 -0.337344 False
0.700983 0.155379 -0.337780 False
0.700777 0.158445 -0.338146 False
0.699129 0.166837 -0.340139 False
0.700280 0.160916 -0.339404 False
0.700650 0.168781 -0.341321 False
0.700746 0.168315 -0.341226 False
0.700761 0.158465 -0.339025 False
0.700750 0.154798 -0.338148 False
0.700696 0.156695 -0.339328 False
0.700477 0.165757 -0.341093 False
0.700251 0.157476 -0.338257 False
0.699682 0.156131 -0.337617 False
0.699877 0.157344 -0.338480 False
0.698958 0.165623 -0.341357 False
0.699685 0.160152 -0.341907 False
0.698702 0.166884 -0.354266 False
0.699955 0.160414 -0.347284 False
0.698162 0.169010 -0.358429 False
0.698554 0.168832 -0.357572 False
0.699948 0.158053 -0.343655 False
0.700238 0.157843 -0.342926 False
0.700109 0.169399 -0.353651 False
0.700476 0.171277 -0.345617 False
0.700778 0.169292 -0.342528 False
0.700870 0.159574 -0.339032 False
0.700798 0.158374 -0.339055 False
0.700817 0.170064 -0.342160 False
0.700809 0.171857 -0.342074 False
0.700745 0.169118 -0.341298 False
0.700729 0.158944 -0.338595 False
0.701061 0.156281 -0.337521 False
0.700839 0.156100 -0.337292 False
0.700797 0.155873 -0.337572 False
0.700860 0.158333 -0.338846 False
0.701008 0.165199 -0.340875 False
0.700742 0.156352 -0.338464 False
0.700108 0.153887 -0.339534 False
0.697428 0.156394 -0.343928 False
0.687717 0.168155 -0.358779 False
0.687443 0.168866 -0.359732 False
0.694593 0.160088 -0.348458 False
0.689457 0.166341 -0.355071 False
0.698325 0.157082 -0.342427 False
0.700638 0.153704 -0.339037 False
0.700993 0.152235 -0.338460 False
0.700948 0.153976 -0.338638 False
0.701019 0.155145 -0.338303 False
0.700978 0.154206 -0.337815 False
0.701248 0.153329 -0.337373 False
0.701153 0.154434 -0.337714 False
0.700281 0.156687 -0.339116 False
0.697711 0.158005 -0.343578 False
0.688303 0.167360 -0.358399 False
0.688366 0.168685 -0.357876 False
0.697471 0.158617 -0.343952 False
0.700490 0.159429 -0.342993 False
0.700006 0.169477 -0.356762 False
0.699578 0.169866 -0.357409 False
0.699535 0.168531 -0.345088 False
0.700572 0.158862 -0.338808 False
0.701138 0.156243 -0.337618 False
0.700672 0.156592 -0.338313 False
0.700689 0.158255 -0.342688 False
0.699104 0.166335 -0.353580 False
0.700495 0.157850 -0.342097 False
0.700971 0.154892 -0.338345 False
0.701153 0.154949 -0.338597 False
0.701349 0.158188 -0.342276 False
0.699350 0.167639 -0.353024 False
0.700532 0.159355 -0.341914 False
0.700787 0.156226 -0.338919 False
0.700342 0.157491 -0.341547 False
0.698892 0.166246 -0.353171 False
0.700182 0.160390 -0.345417 False
0.699484 0.166323 -0.353111 False
0.700649 0.159688 -0.341804 False
0.701051 0.158769 -0.338099 False
0.701185 0.155735 -0.337180 False
0.700524 0.154797 -0.336838 False
0.700819 0.155800 -0.337105 False
0.700771 0.157369 -0.337364 False
0.700741 0.157450 -0.337958 False
0.700532 0.165644 -0.339756 False
0.700762 0.157985 -0.337778 False
0.700538 0.158243 -0.337783 False
0.700789 0.165315 -0.339780 False
0.700982 0.157033 -0.338027 False
0.701095 0.154050 -0.337352 False
0.700996 0.153420 -0.336991 False
0.700864 0.153621 -0.337153 False
0.700809 0.154663 -0.336908 False
0.700938 0.154983 -0.336952 False
0.700951 0.155570 -0.337432 False
0.701160 0.157997 -0.338101 False
0.700779 0.166038 -0.339837 False
0.700490 0.159481 -0.337764 False
0.700631 0.156026 -0.337446 False
0.701042 0.155313 -0.337412 False
0.700416 0.155711 -0.337569 False
0.700495 0.154227 -0.338066 False
0.700174 0.156304 -0.337636 False
0.700666 0.155866 -0.337787 False
0.700822 0.156742 -0.337596 False
0.700854 0.155777 -0.337670 False
0.700518 0.156102 -0.337041 False
0.700568 0.154984 -0.336972 False
0.700332 0.155254 -0.337333 False
0.700715 0.154293 -0.337592 False
0.700862 0.155176 -0.338097 False
0.701056 0.154655 -0.337475 False
0.700434 0.155004 -0.336921 False
0.700616 0.155185 -0.336778 False
0.700781 0.154038 -0.336869 False
0.700822 0.154752 -0.337511 False
0.700947 0.157080 -0.338150 False
0.700792 0.158905 -0.341309 False
0.699203 0.165957 -0.352532 False
0.700752 0.157538 -0.341600 False
0.700797 0.153688 -0.338079 False
0.700775 0.153234 -0.337438 False
0.700495 0.153659 -0.337195 False
0.700347 0.154406 -0.338261 False
0.700449 0.159097 -0.341954 False
0.698862 0.169501 -0.354836 False
0.696903 0.173077 -0.349336 False
0.690795 0.172402 -0.354633 False
0.698075 0.159062 -0.342370 False
0.700194 0.154801 -0.338984 False
0.701063 0.154101 -0.338317 False
0.701426 0.154879 -0.338296 False
0.700768 0.156255 -0.339235 False
0.698771 0.159293 -0.342919 False
0.692483 0.166845 -0.354528 False
0.698862 0.158786 -0.342963 False
0.700295 0.156386 -0.340100 False
0.700662 0.156756 -0.342865 False
0.699804 0.166097 -0.354120 False
0.701243 0.158611 -0.342462 False
0.701358 0.156248 -0.338937 False
0.701322 0.155723 -0.337555 False
0.701095 0.155604 -0.338065 False
0.700485 0.156027 -0.339232 False
0.699650 0.160151 -0.343712 False
0.698045 0.169772 -0.358606 False
0.698311 0.169326 -0.358634 False
0.700357 0.158610 -0.344318 False
0.698725 0.158778 -0.343439 False
0.692216 0.166665 -0.354775 False
0.697552 0.161003 -0.347771 False
0.694893 0.169687 -0.359239 False
0.687750 0.169683 -0.359324 False
0.694477 0.161058 -0.347677 False
0.688148 0.167132 -0.355790 False
0.697227 0.160698 -0.346826 False
0.699030 0.165907 -0.354005 False
0.700797 0.158585 -0.342462 False
0.701246 0.158274 -0.339818 False
0.700603 0.161894 -0.342497 False
0.698590 0.171693 -0.354483 False
0.699077 0.171934 -0.345168 False
0.700664 0.162818 -0.339433 False
0.701528 0.157710 -0.338112 False
0.701763 0.156352 -0.339063 False
0.701268 0.156353 -0.342647 False
0.700732 0.164263 -0.353757 False
0.700887 0.155120 -0.342719 False
0.701263 0.154781 -0.340145 False
0.700146 0.157827 -0.343768 False
0.697044 0.168802 -0.358640 False
0.691859 0.167136 -0.358746 False
0.698329 0.158710 -0.343720 False
0.700351 0.156809 -0.339153 False
0.700937 0.156483 -0.337917 False
0.701396 0.158059 -0.336912 False
0.701366 0.157645 -0.337745 False
0.700779 0.157954 -0.338835 False
0.699386 0.165400 -0.341551 False
0.699190 0.157585 -0.339388 False
0.700610 0.154787 -0.338694 False
0.700392 0.154673 -0.338426 False
0.700593 0.157299 -0.338253 False
0.701141 0.166733 -0.341236 False
0.700819 0.162633 -0.340126 False
0.700634 0.167406 -0.341772 False
0.700908 0.157835 -0.339299 False
0.700978 0.154850 -0.338467 False
0.700956 0.157276 -0.339058 False
0.700762 0.166287 -0.340911 False
0.701087 0.158326 -0.338506 False
0.700926 0.155706 -0.339115 False
0.698008 0.158230 -0.342262 False
0.689556 0.167909 -0.353138 False
0.697768 0.161255 -0.343057 False
0.700164 0.166143 -0.340883 False
0.701424 0.157693 -0.338210 False
0.701241 0.154609 -0.338046 False
0.700882 0.153275 -0.338663 False
0.700698 0.154014 -0.338708 False
0.700457 0.152467 -0.337969 False
0.700721 0.151808 -0.338471 False
0.700949 0.151472 -0.338878 False
0.700445 0.152262 -0.338874 False
0.699991 0.152276 -0.338984 False
0.698999 0.152830 -0.338201 False
0.698829 0.151933 -0.332290 False
0.698886 0.151447 -0.329434 False
0.698582 0.152187 -0.327747 False
0.698681 0.152922 -0.326742 False
0.698662 0.155762 -0.337335 False
0.699013 0.165784 -0.341229 False
0.699890 0.167432 -0.336401 False
0.698922 0.165092 -0.339229 False
0.699083 0.155571 -0.330822 False
0.699992 0.153480 -0.330176 False
0.698511 0.155708 -0.337734 False
0.698677 0.164549 -0.340482 False
0.704793 0.155662 -0.335284 False
0.721411 0.152827 -0.327897 False
0.715139 0.152274 -0.335076 False
0.702837 0.155180 -0.339260 False
0.699622 0.164939 -0.341234 False
0.695826 0.168286 -0.342990 False
0.684604 0.171380 -0.345028 False
0.685300 0.172171 -0.345024 False
0.695053 0.170022 -0.342967 False
0.696361 0.169129 -0.337853 False
0.688048 0.171588 -0.344701 False
0.697067 0.170767 -0.335875 False
0.697888 0.169792 -0.331549 False
0.698846 0.160180 -0.336023 False
0.699829 0.168959 -0.333725 False
0.698123 0.171161 -0.338403 False
0.690800 0.171247 -0.354347 False
0.703709 0.169594 -0.346943 False
0.693179 0.172168 -0.349988 False
0.706861 0.171405 -0.346989 False
0.701075 0.172897 -0.354664 False
0.698913 0.172448 -0.348957 False
0.697113 0.172490 -0.355557 False
0.696595 0.171809 -0.347076 False
0.689395 0.173375 -0.346893 False
0.699952 0.177775 -0.336133 False
0.708005 0.189986 -0.333726 False
0.703088 0.175774 -0.334509 False
0.700766 0.172291 -0.337811 False
0.699350 0.171673 -0.335126 False
0.693407 0.171823 -0.339829 False
0.695678 0.171043 -0.337881 False
0.689338 0.168416 -0.346318 False
0.694337 0.159949 -0.341354 False
0.685555 0.170747 -0.345118 False
0.685178 0.177433 -0.343441 False
0.694940 0.189926 -0.338015 False
0.697349 0.177134 -0.343116 False
0.700668 0.173081 -0.343628 False
0.703180 0.172968 -0.342261 False
0.704997 0.170838 -0.337383 False
0.700288 0.171115 -0.341858 False
0.699162 0.165144 -0.340816 False
0.699242 0.155691 -0.333451 False
0.696089 0.155492 -0.338631 False
0.689234 0.165039 -0.340660 False
0.697898 0.159799 -0.333546 False
0.688220 0.165321 -0.338336 False
0.697466 0.156581 -0.331868 False
0.699958 0.156911 -0.336519 False
0.697988 0.168039 -0.341052 False
0.690574 0.169187 -0.343374 False
0.696699 0.157450 -0.333448 False
0.696512 0.156672 -0.337811 False
0.688844 0.166327 -0.342062 False
0.697326 0.159330 -0.341679 False
0.702402 0.168184 -0.343155 False
0.690474 0.167552 -0.337276 False
0.696657 0.156117 -0.338652 False
0.699986 0.154972 -0.337743 False
0.704073 0.164372 -0.338213 False
0.712860 0.158746 -0.331561 False
0.703611 0.168388 -0.334718 False
0.698601 0.170061 -0.345926 False
0.698397 0.167259 -0.343788 False
0.698752 0.159997 -0.338405 False
0.696669 0.169618 -0.334261 False
0.690371 0.172642 -0.352100 False
0.691058 0.169264 -0.344439 False
0.696403 0.156167 -0.333711 False
0.698352 0.154523 -0.336824 False
0.698659 0.162332 -0.332084 False
0.698417 0.155150 -0.328217 False
0.698205 0.156146 -0.328383 False
0.695790 0.167082 -0.331599 False
0.688241 0.172539 -0.334555 False
0.693473 0.172445 -0.334014 False
0.695276 0.172025 -0.332902 False
0.696307 0.170756 -0.342229 False
0.697594 0.166151 -0.343761 False
0.695832 0.158754 -0.342473 False
0.686559 0.165659 -0.345837 False
0.691893 0.158104 -0.342836 False
0.686179 0.165126 -0.345214 False
0.695050 0.155439 -0.341217 False
0.697421 0.152868 -0.340405 False
0.695219 0.156079 -0.341824 False
0.686441 0.168613 -0.346525 False
0.693391 0.171272 -0.347006 False
0.696766 0.170475 -0.346556 False
0.698020 0.167897 -0.342555 False
0.698126 0.168121 -0.336497 False
0.694592 0.171698 -0.341007 False
0.688884 0.172329 -0.345321 False
0.696667 0.171748 -0.345772 False
0.701215 0.170160 -0.344114 False
0.707781 0.160781 -0.338346 False
0.689651 0.170482 -0.353819 False
0.688326 0.172246 -0.348961 False
0.706669 0.169603 -0.334852 False
0.697238 0.158521 -0.330771 False
0.684190 0.164748 -0.337501 False
0.694627 0.154147 -0.339384 False
0.697633 0.151576 -0.340335 False
0.697866 0.154678 -0.341017 False
0.696796 0.166996 -0.343517 False
0.697249 0.167832 -0.348219 False
0.698466 0.157919 -0.340687 False
0.698334 0.161994 -0.342024 False
0.698391 0.153382 -0.340224 False
0.698494 0.151103 -0.337696 False
0.698645 0.150470 -0.332130 False
0.698354 0.150722 -0.337462 False
0.697850 0.151399 -0.339954 False
0.698045 0.154274 -0.343693 False
0.697199 0.164176 -0.353849 False
0.697614 0.158613 -0.341333 False
0.696382 0.168310 -0.357644 False
0.696262 0.167614 -0.358807 False
0.697994 0.155094 -0.344701 False
0.698544 0.151525 -0.339827 False
0.698471 0.150823 -0.337765 False
0.698342 0.150763 -0.332549 False
0.698523 0.150827 -0.338058 False
0.698136 0.151330 -0.339665 False
0.698289 0.153841 -0.338693 False
0.699218 0.164132 -0.335726 False
0.698658 0.163972 -0.341050 False
0.698328 0.153454 -0.340871 False
0.698375 0.151469 -0.340312 False
0.698163 0.154889 -0.338320 False
0.698122 0.170131 -0.334124 False
0.697768 0.188451 -0.335443 False
0.699556 0.176102 -0.351968 False
0.708773 0.169007 -0.339603 False
0.701461 0.164611 -0.339587 False
0.699330 0.156827 -0.331581 False
0.699091 0.161692 -0.332684 False
0.698699 0.156703 -0.339004 False
0.698392 0.162471 -0.342837 False
0.698564 0.157498 -0.341849 False
0.699040 0.164913 -0.343159 False
0.700083 0.164827 -0.340994 False
0.700059 0.156584 -0.333147 False
0.700888 0.154656 -0.336638 False
0.699178 0.154164 -0.336989 False
0.698489 0.152542 -0.330460 False
0.697801 0.151603 -0.331193 False
0.695600 0.154498 -0.338458 False
0.688269 0.164331 -0.340412 False
0.696553 0.155020 -0.330985 False
0.699812 0.154278 -0.328383 False
0.703794 0.161568 -0.328931 False
0.699179 0.157734 -0.326850 False
0.690512 0.165392 -0.325536 False
0.696826 0.158978 -0.328481 False
0.698019 0.167545 -0.334336 False
0.699568 0.165429 -0.338825 False
0.699381 0.157484 -0.338061 False
0.700032 0.162465 -0.333050 False
0.699176 0.157673 -0.331733 False
0.695918 0.167799 -0.341678 False
0.692173 0.168056 -0.345686 False
0.697385 0.158998 -0.335276 False
0.697856 0.165590 -0.342538 False
0.702205 0.157762 -0.332916 False
0.709676 0.165999 -0.336959 False
0.700221 0.171311 -0.355354 False
0.699467 0.172032 -0.352618 False
0.701575 0.171945 -0.348898 False
0.693974 0.171831 -0.357062 False
0.681487 0.171783 -0.348331 False
