0.611726 0.174627 -0.405606 False
0.611997 0.174021 -0.404445 False
0.612146 0.173363 -0.403178 False
0.611723 0.172181 -0.401273 False
0.611257 0.171916 -0.398591 False
0.611429 0.171893 -0.400983 False
0.610117 0.171942 -0.398666 False
0.611239 0.172056 -0.401545 False
0.610338 0.172476 -0.401686 False
0.610863 0.172214 -0.402907 False
0.612229 0.172519 -0.402470 False
0.614031 0.172293 -0.398979 False
0.621898 0.172613 -0.386949 False
0.614350 0.172547 -0.398656 False
0.612567 0.172070 -0.402062 False
0.612780 0.172151 -0.402884 False
0.612239 0.173078 -0.402995 False
0.612439 0.173573 -0.402124 False
0.614486 0.173796 -0.398147 False
0.623415 0.174228 -0.387760 False
0.614584 0.173814 -0.400018 False
0.612147 0.173805 -0.403224 False
0.610974 0.174202 -0.402793 False
0.610323 0.173787 -0.402675 False
0.609934 0.173681 -0.403020 False
0.610226 0.173849 -0.403065 False
0.611218 0.174504 -0.402510 False
0.610471 0.174840 -0.399047 False
0.610823 0.173906 -0.398346 False
0.610864 0.173724 -0.400670 False
0.610576 0.173904 -0.397980 False
0.610368 0.174706 -0.398481 False
0.610954 0.173904 -0.402303 False
0.611145 0.173691 -0.403716 False
0.611245 0.173772 -0.403706 False
0.611134 0.174226 -0.402616 False
0.611636 0.173929 -0.398406 False
0.610284 0.174234 -0.398515 False
0.610787 0.173786 -0.401877 False
0.610870 0.173674 -0.402115 False
0.610350 0.173640 -0.399512 False
0.610742 0.173655 -0.401619 False
0.610306 0.173715 -0.398417 False
0.610237 0.173797 -0.398203 False
0.610566 0.173919 -0.399031 False
0.613275 0.172214 -0.401022 False
0.616056 0.171114 -0.398169 False
0.624614 0.170484 -0.385792 False
0.619365 0.170365 -0.394141 False
0.625458 0.170420 -0.385802 False
0.616800 0.170927 -0.397564 False
0.617148 0.171070 -0.397420 False
0.625188 0.171121 -0.386369 False
0.616829 0.171085 -0.397919 False
0.613072 0.171116 -0.401367 False
0.611826 0.171343 -0.402312 False
0.612681 0.171930 -0.402932 False
0.613021 0.171989 -0.402363 False
0.613452 0.171335 -0.402238 False
0.612793 0.171389 -0.402672 False
0.612492 0.171308 -0.402034 False
0.613535 0.171265 -0.401969 False
0.614057 0.171247 -0.402426 False
0.613180 0.171236 -0.402511 False
0.612304 0.171283 -0.402595 False
0.611750 0.171619 -0.402685 False
0.610662 0.173159 -0.402914 False
0.611482 0.173042 -0.402855 False
0.610826 0.172576 -0.402644 False
0.611370 0.172830 -0.401702 False
0.610685 0.172758 -0.399387 False
0.611396 0.172768 -0.400988 False
0.610670 0.172972 -0.398514 False
0.611714 0.173764 -0.401412 False
0.611351 0.174059 -0.400003 False
0.612471 0.173085 -0.402536 False
0.612322 0.172990 -0.403355 False
0.612084 0.173210 -0.403522 False
0.612400 0.174121 -0.403992 False
0.612678 0.174231 -0.403483 False
0.611884 0.174976 -0.403252 False
0.611791 0.174157 -0.402947 False
0.612292 0.174153 -0.403184 False
0.612618 0.175040 -0.403061 False
0.612664 0.175171 -0.402869 False
0.612382 0.174754 -0.402919 False
0.612152 0.174218 -0.403136 False
0.611773 0.175085 -0.403241 False
0.612763 0.174741 -0.402155 False
0.614764 0.174798 -0.398599 False
0.623590 0.173496 -0.387069 False
0.615174 0.173170 -0.399260 False
0.613277 0.173465 -0.401979 False
0.615500 0.173061 -0.399522 False
0.622549 0.172793 -0.387611 False
0.615506 0.172813 -0.399583 False
0.613106 0.173133 -0.402582 False
0.611815 0.174133 -0.403724 False
0.612569 0.173844 -0.403838 False
0.612406 0.173234 -0.403581 False
0.612383 0.172740 -0.403648 False
0.612484 0.172025 -0.403859 False
0.613217 0.171539 -0.403714 False
0.612460 0.172062 -0.403443 False
0.612270 0.172342 -0.403601 False
0.612339 0.172560 -0.403355 False
0.612291 0.172301 -0.403296 False
0.611963 0.172769 -0.402838 False
0.611208 0.172685 -0.403154 False
0.611933 0.172471 -0.403330 False
0.611768 0.172952 -0.403593 False
0.612036 0.173153 -0.403479 False
0.612443 0.173419 -0.403197 False
0.613386 0.173134 -0.403406 False
0.613065 0.172986 -0.404404 False
0.612812 0.173212 -0.403877 False
0.612753 0.173780 -0.403966 False
0.612604 0.173791 -0.403247 False
0.612477 0.173267 -0.403075 False
0.612093 0.173177 -0.403098 False
0.611795 0.173092 -0.402955 False
0.611653 0.173075 -0.403229 False
0.611835 0.173075 -0.403707 False
0.612466 0.173088 -0.404548 False
0.613336 0.173151 -0.402625 False
0.615300 0.173371 -0.398821 False
0.621855 0.173189 -0.387277 False
0.614752 0.173453 -0.399128 False
0.612267 0.173060 -0.402600 False
0.611702 0.173297 -0.403010 False
0.611934 0.174127 -0.402972 False
0.611906 0.173930 -0.402983 False
0.612215 0.174224 -0.403349 False
0.612507 0.173932 -0.404041 False
0.611958 0.174214 -0.404404 False
0.611071 0.173900 -0.405243 False
0.611619 0.174057 -0.404299 False
0.611895 0.173327 -0.404740 False
0.612264 0.173808 -0.403800 False
0.611843 0.174289 -0.403315 False
0.611382 0.174093 -0.403412 False
0.610577 0.174344 -0.403249 False
0.611558 0.174290 -0.403415 False
0.612084 0.174009 -0.404128 False
0.612206 0.174374 -0.403536 False
0.612144 0.174466 -0.403178 False
0.611246 0.174666 -0.401508 False
0.611754 0.175263 -0.402858 False
0.612035 0.175776 -0.403432 False
0.611908 0.175118 -0.404144 False
0.611961 0.175689 -0.404146 False
0.612013 0.174997 -0.403856 False
0.611549 0.175261 -0.403615 False
0.610908 0.174677 -0.404027 False
0.611581 0.174414 -0.404117 False
0.610565 0.173929 -0.403054 False
0.611310 0.174279 -0.400751 False
0.611994 0.174383 -0.397907 False
0.614243 0.173943 -0.398308 False
0.621588 0.174219 -0.387564 False
0.614724 0.173926 -0.399292 False
0.612237 0.173815 -0.402837 False
0.611628 0.173709 -0.403839 False
0.611514 0.173818 -0.403841 False
0.611275 0.174325 -0.403420 False
0.610355 0.174399 -0.402676 False
0.611018 0.173953 -0.404165 False
0.611481 0.174049 -0.405633 False
0.611376 0.172974 -0.408434 False
0.610569 0.173547 -0.405013 False
0.610710 0.173589 -0.403741 False
0.611440 0.173433 -0.403915 False
0.611672 0.172635 -0.403514 False
0.611803 0.172321 -0.403211 False
0.611836 0.173098 -0.403362 False
0.610637 0.173676 -0.403302 False
0.611182 0.173471 -0.403902 False
0.610863 0.173484 -0.403489 False
0.611666 0.174191 -0.403974 False
0.611548 0.173955 -0.403606 False
0.611105 0.174194 -0.403223 False
0.611307 0.173784 -0.403324 False
0.611354 0.173906 -0.403647 False
0.612029 0.174174 -0.403653 False
0.611406 0.173768 -0.404469 False
0.610657 0.173797 -0.406369 False
0.610676 0.173714 -0.403651 False
0.610763 0.173785 -0.400732 False
0.611371 0.172415 -0.404445 False
0.610435 0.173575 -0.403795 False
0.611308 0.174174 -0.403969 False
0.612770 0.173877 -0.403911 False
0.611458 0.173428 -0.404152 False
0.611673 0.172706 -0.405046 False
0.611256 0.173378 -0.403718 False
0.611772 0.173029 -0.403773 False
0.612550 0.173110 -0.403794 False
0.614477 0.173657 -0.403770 False
0.612636 0.174313 -0.403592 False
0.611226 0.174328 -0.404076 False
0.611119 0.173713 -0.403967 False
0.611605 0.174230 -0.403419 False
0.611528 0.174314 -0.403157 False
0.612111 0.174089 -0.403110 False
0.612111 0.174865 -0.403079 False
0.612259 0.174576 -0.402965 False
0.612610 0.174442 -0.403259 False
0.614740 0.174308 -0.403840 False
0.613196 0.173863 -0.403817 False
0.612202 0.173952 -0.404223 False
0.611684 0.174662 -0.403448 False
0.610921 0.173738 -0.403563 False
0.611682 0.174675 -0.403825 False
0.612010 0.174073 -0.403482 False
0.612054 0.173946 -0.403576 False
0.611789 0.174080 -0.403633 False
0.611193 0.173540 -0.404491 False
0.611438 0.173888 -0.404075 False
0.610773 0.174446 -0.403533 False
0.611636 0.174799 -0.403601 False
0.612226 0.173951 -0.403714 False
0.612288 0.173691 -0.403561 False
0.611976 0.173752 -0.403337 False
0.612243 0.173821 -0.403278 False
0.612494 0.174543 -0.403803 False
0.612089 0.175480 -0.403659 False
0.610677 0.175656 -0.403592 False
0.611400 0.175346 -0.403478 False
0.612438 0.174041 -0.403664 False
0.612619 0.173747 -0.403678 False
0.612225 0.173819 -0.403814 False
0.611025 0.174062 -0.405043 False
0.611948 0.173434 -0.409092 False
0.612329 0.173651 -0.409549 False
0.611681 0.175182 -0.405101 False
0.611964 0.176063 -0.402859 False
0.611519 0.174226 -0.402804 False
0.612239 0.173770 -0.403159 False
0.611853 0.173906 -0.403258 False
0.612108 0.174905 -0.403757 False
0.612386 0.174917 -0.404204 False
0.611754 0.175484 -0.403737 False
0.611421 0.174105 -0.403675 False
0.612084 0.173897 -0.403894 False
0.612185 0.174409 -0.403381 False
0.610820 0.174513 -0.403718 False
0.610484 0.173243 -0.404879 False
0.610065 0.171277 -0.408011 False
0.610700 0.173124 -0.404404 False
0.611258 0.174191 -0.403418 False
0.611367 0.174307 -0.403170 False
0.613857 0.173863 -0.403449 False
0.613417 0.173782 -0.403549 False
0.614131 0.173853 -0.403552 False
0.613836 0.174341 -0.403474 False
0.611870 0.174497 -0.403268 False
0.611842 0.174549 -0.403758 False
0.611524 0.174371 -0.404597 False
0.610478 0.171993 -0.407375 False
0.612391 0.173381 -0.404477 False
0.612279 0.173894 -0.405408 False
0.610945 0.173057 -0.409664 False
0.611617 0.174104 -0.404905 False
0.611383 0.174518 -0.403591 False
0.611493 0.175097 -0.403562 False
0.613576 0.176622 -0.403727 False
0.612468 0.176714 -0.403722 False
0.613896 0.175552 -0.403669 False
0.611748 0.174716 -0.403256 False
0.612322 0.174757 -0.403326 False
0.612512 0.175064 -0.403541 False
0.612118 0.174550 -0.403598 False
0.611739 0.174487 -0.403598 False
0.611554 0.174688 -0.403589 False
0.611681 0.175427 -0.403643 False
0.613954 0.174990 -0.403777 False
0.612410 0.174588 -0.403715 False
0.611778 0.174619 -0.403360 False
0.611560 0.175061 -0.403195 False
0.611155 0.174780 -0.403352 False
0.611633 0.174269 -0.403635 False
0.612117 0.173464 -0.403548 False
0.611072 0.174198 -0.403378 False
0.610732 0.174621 -0.403399 False
0.611657 0.175454 -0.403613 False
0.614313 0.174402 -0.403425 False
0.612125 0.175248 -0.403575 False
0.610823 0.175875 -0.403295 False
0.610796 0.175439 -0.403556 False
0.611385 0.175089 -0.403616 False
0.611007 0.174243 -0.403425 False
0.612041 0.174716 -0.403470 False
0.612445 0.173800 -0.403243 False
0.611946 0.173348 -0.403424 False
0.610770 0.174139 -0.403295 False
0.611188 0.174314 -0.403247 False
0.611743 0.174292 -0.403601 False
0.612513 0.175781 -0.403422 False
0.612069 0.176134 -0.403570 False
0.613300 0.175924 -0.403340 False
0.611945 0.174791 -0.403744 False
0.612894 0.174516 -0.403912 False
0.611338 0.174369 -0.403408 False
0.611348 0.174254 -0.403688 False
0.611464 0.175453 -0.403923 False
0.610265 0.174596 -0.404806 False
0.611001 0.173821 -0.404069 False
0.611116 0.173650 -0.403666 False
0.610835 0.173709 -0.403465 False
0.611540 0.174131 -0.403235 False
0.613804 0.175484 -0.403283 False
0.612427 0.174846 -0.403267 False
0.612455 0.174844 -0.403297 False
0.613229 0.173969 -0.403300 False
0.611929 0.174066 -0.403270 False
0.611954 0.174749 -0.403239 False
0.611788 0.173988 -0.403646 False
0.611074 0.173715 -0.404074 False
0.611402 0.173749 -0.403674 False
0.611526 0.174116 -0.403406 False
0.613848 0.174971 -0.403320 False
0.612563 0.175003 -0.403290 False
0.611475 0.174085 -0.403399 False
0.612353 0.173939 -0.403700 False
0.611670 0.174361 -0.403722 False
0.610980 0.174313 -0.403414 False
0.611330 0.173919 -0.403316 False
0.610716 0.174281 -0.403302 False
0.610045 0.174427 -0.403306 False
0.609746 0.174458 -0.403327 False
0.610224 0.174448 -0.403407 False
0.610414 0.174396 -0.403633 False
0.610661 0.174236 -0.403319 False
0.610435 0.174419 -0.402991 False
0.610203 0.174591 -0.403116 False
0.609678 0.175025 -0.403186 False
0.610088 0.174597 -0.403849 False
0.609909 0.174496 -0.404041 False
0.610086 0.174606 -0.404026 False
0.610127 0.175069 -0.403587 False
0.610662 0.174808 -0.404087 False
0.611717 0.174153 -0.406375 False
0.610916 0.174331 -0.404570 False
0.610447 0.174226 -0.404402 False
0.610440 0.173720 -0.403676 False
0.611244 0.173469 -0.403941 False
0.611878 0.174629 -0.403609 False
0.612232 0.174215 -0.403975 False
0.611990 0.174932 -0.403760 False
0.611794 0.174711 -0.403762 False
0.610885 0.174954 -0.403756 False
0.610927 0.174331 -0.403886 False
0.611954 0.175217 -0.404988 False
0.611625 0.173421 -0.407093 False
0.612141 0.172308 -0.409700 False
0.610643 0.172749 -0.408653 False
0.611421 0.175406 -0.405138 False
0.611551 0.176034 -0.403856 False
0.611735 0.175946 -0.403533 False
0.614430 0.177175 -0.399925 False
0.622175 0.176527 -0.387713 False
0.615172 0.176402 -0.400274 False
0.612051 0.176661 -0.404203 False
0.611073 0.175943 -0.404345 False
0.611786 0.174602 -0.404049 False
0.611494 0.175686 -0.403940 False
0.612232 0.175545 -0.404033 False
0.612550 0.175425 -0.403963 False
0.612068 0.175110 -0.404265 False
0.612555 0.173932 -0.403981 False
0.612610 0.173636 -0.404335 False
0.611967 0.175040 -0.405000 False
0.612127 0.175297 -0.405729 False
0.612562 0.173093 -0.407219 False
0.612092 0.173466 -0.405178 False
0.612947 0.175628 -0.404435 False
0.613082 0.176128 -0.403295 False
0.615582 0.176014 -0.399733 False
0.623205 0.175304 -0.388194 False
0.614526 0.176462 -0.399064 False
0.615629 0.176273 -0.399382 False
0.624087 0.175975 -0.388341 False
0.615612 0.175107 -0.399888 False
0.612111 0.175607 -0.403391 False
0.610678 0.174751 -0.403926 False
0.610870 0.174753 -0.403722 False
0.611465 0.175576 -0.403285 False
0.610329 0.174817 -0.403669 False
0.609914 0.175056 -0.403962 False
0.609767 0.176650 -0.404221 False
0.608811 0.174985 -0.403425 False
0.612787 0.174446 -0.399991 False
0.623023 0.174234 -0.387606 False
0.615664 0.175408 -0.395556 False
0.623003 0.174544 -0.387317 False
0.614053 0.173763 -0.399946 False
0.610609 0.175088 -0.403350 False
0.609969 0.175986 -0.403990 False
0.610386 0.175971 -0.403972 False
0.610874 0.175188 -0.403876 False
0.612001 0.176030 -0.403695 False
0.610956 0.176268 -0.403377 False
0.610622 0.174529 -0.403939 False
0.610464 0.175051 -0.403743 False
0.610141 0.175101 -0.403356 False
0.610321 0.174602 -0.403248 False
0.610723 0.174476 -0.403130 False
0.609888 0.174351 -0.403393 False
0.609339 0.174220 -0.403518 False
0.609953 0.175581 -0.403773 False
0.609227 0.175291 -0.404037 False
0.609450 0.174821 -0.403871 False
0.610660 0.175142 -0.404972 False
0.609586 0.175299 -0.403842 False
0.610317 0.175433 -0.403895 False
0.609726 0.175743 -0.403733 False
0.608922 0.174813 -0.403535 False
0.609806 0.174939 -0.404067 False
0.608874 0.176137 -0.404140 False
0.608603 0.175973 -0.403846 False
0.608511 0.174930 -0.403709 False
0.608416 0.175040 -0.403624 False
0.608922 0.174661 -0.403332 False
0.609690 0.174673 -0.403875 False
0.608170 0.175074 -0.404127 False
0.607347 0.174941 -0.404568 False
0.608585 0.175726 -0.404436 False
0.610479 0.174142 -0.404187 False
0.611162 0.173595 -0.403507 False
0.614809 0.173298 -0.399691 False
0.623057 0.174380 -0.388045 False
0.614799 0.175074 -0.398963 False
0.615636 0.174949 -0.399135 False
0.623603 0.175287 -0.389099 False
0.614411 0.173035 -0.404255 False
0.610524 0.172544 -0.404887 False
0.609900 0.172575 -0.406404 False
0.610875 0.172901 -0.406375 False
0.611896 0.172066 -0.408890 False
0.611741 0.172364 -0.406533 False
0.612243 0.171709 -0.410663 False
0.612349 0.172281 -0.411818 False
0.612289 0.173068 -0.410379 False
0.612222 0.174297 -0.405374 False
0.612824 0.174867 -0.403325 False
0.615233 0.175924 -0.399809 False
0.623153 0.175807 -0.387834 False
0.614748 0.174474 -0.399400 False
0.612459 0.175167 -0.402995 False
0.612139 0.175480 -0.404178 False
0.612017 0.175836 -0.404599 False
0.612166 0.175125 -0.404673 False
0.612871 0.175674 -0.403659 False
0.616184 0.174812 -0.399428 False
0.626606 0.174569 -0.384065 False
0.625959 0.174519 -0.383856 False
0.615595 0.174520 -0.399241 False
0.613266 0.174595 -0.402813 False
0.615435 0.174962 -0.400065 False
0.624440 0.176233 -0.388732 False
0.615148 0.175184 -0.399870 False
0.612746 0.175679 -0.403177 False
0.612242 0.174850 -0.403845 False
0.612573 0.174844 -0.403837 False
0.612835 0.175600 -0.404209 False
0.612643 0.174769 -0.404246 False
0.612238 0.174755 -0.404186 False
0.611657 0.175375 -0.404386 False
0.612133 0.175743 -0.404458 False
0.612795 0.174645 -0.403978 False
0.615353 0.174014 -0.400268 False
0.623948 0.174361 -0.388305 False
0.615927 0.174376 -0.399159 False
0.615753 0.174090 -0.398843 False
0.623093 0.174998 -0.387935 False
0.614106 0.174964 -0.400109 False
0.611258 0.175697 -0.403662 False
0.610864 0.174824 -0.404349 False
0.610284 0.174476 -0.404271 False
0.610212 0.174082 -0.404391 False
0.609597 0.174619 -0.404210 False
0.611706 0.173556 -0.404073 False
0.612262 0.174143 -0.404138 False
0.612293 0.173855 -0.403997 False
0.613599 0.173957 -0.404030 False
0.612791 0.174262 -0.404196 False
0.612641 0.173880 -0.404210 False
0.612106 0.174048 -0.404173 False
0.612601 0.174711 -0.404121 False
0.611447 0.175640 -0.404317 False
0.612065 0.174643 -0.404712 False
0.611229 0.173674 -0.404896 False
0.611957 0.173581 -0.405064 False
0.611954 0.173440 -0.406029 False
0.615233 0.173642 -0.401014 False
0.624108 0.174344 -0.388762 False
0.615750 0.174340 -0.400431 False
0.611504 0.173594 -0.405876 False
0.611398 0.173313 -0.408145 False
0.612398 0.172979 -0.410898 False
0.611144 0.173929 -0.407575 False
0.612038 0.171637 -0.413246 False
0.610761 0.170010 -0.413949 False
0.611366 0.170662 -0.414177 False
0.610266 0.169864 -0.414919 False
0.610512 0.168939 -0.416612 False
0.610917 0.169501 -0.415043 False
0.610264 0.170100 -0.414110 False
0.610652 0.170862 -0.413868 False
0.608263 0.170151 -0.412924 False
0.610854 0.169741 -0.414946 False
0.610533 0.169367 -0.416960 False
0.608832 0.170024 -0.414935 False
0.610905 0.171037 -0.412450 False
0.610410 0.172461 -0.407847 False
0.610828 0.170475 -0.415050 False
0.611077 0.169589 -0.417040 False
0.611786 0.169946 -0.415386 False
0.610489 0.170071 -0.414563 False
0.610449 0.170714 -0.414694 False
0.610188 0.172883 -0.407966 False
0.609916 0.170717 -0.412637 False
0.609936 0.170098 -0.413910 False
0.611035 0.170072 -0.414106 False
0.610246 0.170387 -0.414309 False
0.608319 0.169930 -0.414431 False
0.609221 0.169359 -0.414068 False
0.607682 0.169339 -0.412240 False
0.607407 0.169802 -0.406621 False
0.610188 0.169879 -0.412485 False
0.609829 0.169959 -0.412709 False
0.607828 0.169972 -0.413389 False
0.607490 0.169969 -0.411746 False
0.609617 0.169961 -0.414626 False
0.609220 0.169961 -0.414308 False
0.613402 0.170014 -0.413426 False
0.611303 0.170282 -0.413991 False
0.611215 0.170933 -0.413570 False
0.610449 0.170539 -0.413887 False
0.610441 0.171124 -0.413134 False
0.610921 0.171068 -0.415085 False
0.610561 0.171467 -0.414549 False
0.610008 0.171479 -0.414323 False
0.607585 0.171070 -0.414156 False
0.607109 0.171179 -0.414222 False
0.607824 0.171270 -0.413688 False
0.609631 0.170451 -0.414333 False
0.610749 0.170500 -0.415162 False
0.610411 0.170088 -0.413975 False
0.610274 0.170079 -0.414084 False
0.609845 0.170437 -0.414006 False
0.609574 0.170231 -0.412407 False
0.608105 0.170720 -0.406976 False
0.608989 0.171214 -0.412640 False
0.611163 0.171128 -0.414970 False
0.610353 0.170340 -0.414045 False
0.610022 0.170181 -0.413519 False
0.610155 0.170673 -0.414134 False
0.610380 0.170675 -0.414441 False
0.610784 0.170146 -0.415429 False
0.611499 0.170074 -0.414386 False
0.610568 0.170043 -0.414712 False
0.610241 0.170066 -0.415673 False
0.611198 0.170701 -0.416816 False
0.612852 0.173055 -0.415481 False
0.613071 0.172175 -0.416483 False
0.612177 0.171179 -0.414245 False
0.611288 0.172164 -0.411955 False
0.608082 0.170654 -0.407351 False
0.609715 0.170871 -0.413494 False
0.609469 0.171295 -0.414117 False
0.609651 0.170967 -0.415189 False
0.611300 0.170843 -0.416740 False
0.611666 0.170693 -0.416157 False
0.610580 0.170262 -0.415423 False
0.609820 0.170709 -0.413322 False
0.610034 0.170964 -0.412751 False
0.611585 0.171488 -0.413106 False
0.610622 0.171296 -0.412989 False
0.612008 0.172206 -0.411292 False
0.610893 0.172664 -0.406796 False
0.611829 0.171826 -0.411674 False
0.611872 0.173377 -0.412945 False
0.610178 0.170936 -0.413379 False
0.610430 0.170428 -0.413414 False
0.612188 0.171551 -0.411793 False
0.611575 0.172247 -0.406293 False
0.610379 0.171758 -0.408525 False
0.610380 0.171172 -0.408813 False
0.611283 0.172618 -0.406388 False
0.611468 0.171214 -0.411240 False
0.611373 0.171304 -0.412157 False
0.613258 0.173244 -0.412350 False
0.611832 0.174968 -0.411624 False
0.610929 0.171974 -0.412955 False
0.610467 0.170410 -0.413626 False
0.611003 0.170471 -0.414042 False
0.611747 0.170549 -0.413935 False
0.611394 0.171515 -0.414065 False
0.613040 0.173248 -0.413188 False
0.612378 0.171757 -0.413547 False
0.610544 0.171071 -0.413241 False
0.610301 0.171286 -0.411586 False
0.610721 0.171700 -0.411651 False
0.613450 0.174120 -0.409413 False
0.612208 0.173205 -0.407589 False
0.610586 0.171551 -0.410952 False
0.610245 0.172003 -0.412868 False
0.607157 0.173695 -0.427028 False
0.595875 0.173895 -0.487981 False
0.604943 0.171559 -0.433060 False
0.607274 0.170781 -0.414941 False
0.609297 0.170045 -0.404522 False
0.610992 0.169451 -0.398721 False
0.612383 0.168980 -0.396776 False
0.613494 0.168615 -0.397922 False
0.614351 0.168337 -0.401395 False
0.614979 0.168127 -0.406431 False
0.615402 0.167968 -0.412266 False
0.615644 0.167841 -0.418137 False
0.615731 0.167728 -0.423279 False
0.615681 0.167586 -0.426144 False
0.615533 0.167456 -0.427748 False
0.615323 0.167353 -0.428320 False
0.615082 0.167293 -0.428094 False
0.614846 0.167292 -0.427299 False
0.614647 0.167366 -0.426166 False
0.614519 0.167532 -0.424927 False
0.614497 0.167804 -0.423812 False
0.614735 0.168306 -0.423229 False
0.614997 0.168794 -0.423009 False
0.615167 0.169134 -0.423160 False
0.614953 0.169009 -0.423903 False
0.614635 0.168719 -0.424762 False
0.614315 0.168383 -0.425476 False
0.614093 0.168119 -0.425782 False
0.614072 0.168046 -0.425417 False
0.614354 0.168286 -0.424120 False
0.615039 0.168955 -0.421628 False
0.617284 0.170996 -0.414488 False
0.618859 0.172530 -0.409673 False
0.615826 0.170611 -0.420256 False
0.615153 0.169623 -0.423394 False
0.614367 0.169576 -0.422759 False
0.612328 0.170272 -0.417659 False
0.613863 0.170130 -0.419019 False
0.613595 0.170245 -0.407637 False
0.620104 0.172491 -0.388239 False
0.610968 0.172341 -0.398127 False
0.613206 0.169485 -0.418196 False
0.614015 0.168921 -0.423499 False
0.614309 0.169639 -0.423918 False
0.614158 0.169553 -0.422798 False
0.613348 0.170172 -0.417821 False
0.618234 0.172620 -0.413160 False
0.616435 0.170950 -0.420143 False
0.615339 0.170851 -0.422523 False
0.614130 0.170114 -0.422881 False
0.611425 0.169527 -0.421042 False
0.611448 0.169943 -0.420568 False
0.613831 0.170208 -0.422547 False
0.614230 0.170853 -0.421723 False
0.614028 0.171586 -0.419703 False
0.611419 0.173469 -0.410880 False
0.613468 0.170415 -0.419449 False
0.615696 0.169927 -0.421819 False
0.613014 0.169265 -0.422060 False
0.611272 0.168668 -0.419885 False
0.610295 0.168917 -0.415617 False
0.611258 0.169996 -0.414198 False
0.610372 0.169453 -0.413282 False
0.609113 0.169354 -0.411622 False
0.609186 0.169692 -0.411344 False
0.608940 0.169484 -0.405278 False
0.610599 0.170054 -0.411488 False
0.612220 0.170698 -0.411234 False
0.617563 0.172758 -0.405170 False
0.611307 0.170699 -0.404967 False
0.609107 0.170066 -0.412511 False
0.610152 0.169800 -0.415024 False
0.610112 0.168973 -0.415644 False
0.610023 0.169548 -0.412232 False
0.610124 0.169300 -0.404418 False
0.611848 0.169436 -0.402335 False
0.610445 0.170416 -0.400346 False
0.611004 0.172402 -0.400754 False
0.610257 0.170824 -0.400734 False
0.611321 0.173039 -0.403004 False
0.611611 0.173274 -0.401544 False
0.611566 0.173620 -0.403349 False
0.611052 0.173208 -0.404186 False
0.609662 0.170601 -0.411693 False
0.609962 0.169879 -0.413045 False
0.610576 0.169954 -0.412474 False
0.616298 0.173676 -0.406347 False
0.612357 0.173279 -0.402723 False
0.609671 0.170699 -0.400781 False
0.608972 0.170565 -0.399803 False
0.610937 0.174361 -0.401830 False
0.611589 0.174934 -0.402391 False
0.612121 0.174287 -0.402017 False
0.612982 0.174045 -0.402151 False
0.615660 0.173638 -0.403909 False
0.612343 0.171072 -0.410340 False
0.613801 0.173181 -0.408428 False
0.617569 0.173063 -0.408800 False
0.612672 0.169962 -0.413659 False
0.614078 0.168698 -0.421340 False
0.615451 0.168739 -0.422784 False
0.614129 0.168776 -0.421707 False
0.605719 0.170631 -0.414963 False
0.575776 0.174274 -0.410083 False
0.478664 0.182046 -0.399132 False
0.577615 0.175455 -0.403954 False
0.606349 0.171004 -0.411510 False
0.613292 0.171770 -0.410137 False
0.612708 0.169704 -0.413868 False
0.612209 0.169554 -0.419176 False
0.613638 0.170689 -0.420751 False
0.614002 0.170491 -0.418890 False
0.612555 0.172293 -0.411933 False
0.610778 0.170465 -0.412112 False
0.612184 0.172704 -0.409852 False
0.612823 0.173282 -0.410769 False
0.613016 0.171038 -0.418718 False
0.612972 0.169508 -0.421240 False
0.612755 0.168979 -0.421020 False
0.612322 0.168579 -0.417355 False
0.611945 0.168727 -0.412926 False
0.611986 0.170028 -0.410452 False
0.612195 0.171613 -0.408772 False
0.612513 0.173042 -0.407914 False
0.612527 0.173436 -0.407830 False
0.612957 0.173423 -0.408717 False
0.613130 0.173404 -0.409547 False
0.615719 0.173056 -0.413046 False
0.628879 0.171959 -0.426979 False
0.639812 0.170748 -0.438890 False
0.642241 0.169747 -0.442512 False
0.629889 0.169286 -0.431575 False
0.596480 0.169689 -0.399812 False
0.511547 0.172053 -0.318219 False
0.422336 0.174834 -0.232088 False
0.351901 0.177259 -0.163976 False
0.351043 0.177847 -0.162353 False
0.381432 0.177537 -0.191008 False
0.432486 0.176562 -0.239643 False
0.493621 0.175156 -0.297960 False
0.554253 0.173551 -0.355662 False
0.603797 0.171981 -0.402450 False
0.615327 0.170067 -0.413175 False
0.615735 0.171090 -0.411250 False
0.614804 0.171583 -0.409460 False
0.614810 0.172516 -0.408499 False
0.614145 0.173444 -0.406837 False
0.613486 0.174107 -0.404950 False
0.613510 0.174244 -0.403312 False
0.616893 0.172554 -0.403344 False
0.618439 0.172213 -0.402776 False
0.619615 0.172229 -0.402229 False
0.620433 0.172522 -0.401728 False
0.620909 0.173013 -0.401300 False
0.621058 0.173622 -0.400968 False
0.620893 0.174269 -0.400760 False
0.620429 0.174874 -0.400701 False
0.619681 0.175358 -0.400817 False
0.618662 0.175641 -0.401134 False
0.617387 0.175643 -0.401676 False
0.615872 0.175285 -0.402471 False
0.614129 0.174486 -0.403543 False
0.612173 0.173167 -0.404919 False
0.609178 0.170223 -0.408888 False
0.607455 0.169167 -0.404506 False
0.607618 0.168640 -0.405189 False
0.609994 0.168904 -0.412411 False
0.611842 0.168633 -0.415746 False
0.610651 0.168968 -0.415325 False
0.610405 0.169281 -0.414477 False
0.610824 0.170042 -0.413383 False
0.612685 0.172376 -0.410230 False
0.613467 0.171939 -0.409701 False
0.612090 0.170105 -0.413357 False
0.611385 0.170234 -0.413757 False
0.612267 0.171775 -0.413523 False
0.612463 0.171783 -0.413636 False
0.611746 0.171690 -0.413171 False
0.611118 0.169766 -0.412339 False
0.609251 0.169317 -0.407598 False
0.610778 0.169600 -0.412690 False
0.611838 0.169746 -0.414386 False
0.612752 0.170526 -0.413998 False
0.613161 0.171662 -0.411791 False
0.613567 0.171101 -0.412866 False
0.612973 0.171014 -0.413304 False
0.612206 0.169669 -0.414453 False
0.612707 0.169262 -0.414655 False
0.612524 0.169218 -0.414328 False
0.612168 0.169378 -0.413978 False
0.611734 0.169334 -0.414109 False
0.612568 0.169695 -0.413857 False
0.612577 0.170037 -0.413728 False
0.612944 0.171675 -0.413173 False
0.612996 0.171230 -0.412904 False
0.612771 0.169785 -0.413720 False
0.611992 0.169451 -0.413291 False
0.611230 0.169410 -0.413828 False
0.612377 0.169810 -0.413327 False
0.612762 0.169812 -0.413510 False
0.612415 0.169505 -0.413944 False
0.612139 0.169923 -0.414485 False
0.610824 0.169967 -0.414807 False
0.610786 0.170036 -0.414953 False
0.611580 0.169938 -0.414508 False
0.610603 0.169710 -0.414734 False
0.611291 0.172167 -0.406587 False
0.612604 0.171007 -0.411700 False
0.613135 0.171676 -0.411934 False
0.612577 0.171056 -0.413555 False
0.612682 0.171401 -0.414362 False
0.613045 0.171718 -0.414849 False
0.612709 0.170904 -0.414441 False
0.613036 0.171887 -0.413561 False
0.612793 0.170366 -0.412734 False
0.612691 0.169954 -0.413949 False
0.612613 0.170039 -0.414200 False
0.612713 0.172262 -0.413745 False
0.613029 0.171267 -0.413738 False
0.613161 0.171558 -0.413432 False
0.612920 0.169874 -0.413624 False
0.613137 0.169903 -0.413475 False
0.613268 0.170094 -0.414267 False
0.612712 0.170922 -0.413761 False
0.610882 0.169530 -0.414602 False
0.611906 0.169252 -0.415598 False
0.611399 0.169324 -0.415366 False
0.612353 0.169666 -0.414598 False
0.612699 0.169307 -0.414596 False
0.611155 0.169212 -0.414353 False
0.610628 0.169201 -0.415452 False
0.610509 0.169367 -0.415357 False
0.611922 0.170081 -0.414641 False
0.612726 0.171008 -0.413766 False
0.611811 0.170246 -0.414000 False
0.612077 0.170114 -0.413222 False
0.611532 0.170422 -0.413591 False
0.610916 0.169749 -0.414779 False
0.610554 0.170414 -0.415007 False
0.610536 0.170080 -0.414653 False
0.610448 0.170138 -0.414633 False
0.610576 0.170695 -0.414087 False
0.610306 0.170844 -0.413111 False
0.610191 0.170872 -0.412955 False
0.610019 0.170873 -0.413254 False
0.609959 0.170849 -0.413326 False
0.609884 0.170704 -0.412662 False
0.609952 0.170136 -0.411751 False
0.610145 0.169991 -0.412755 False
0.610229 0.169925 -0.413853 False
0.609956 0.169682 -0.414549 False
0.609804 0.168868 -0.414506 False
0.609923 0.169185 -0.414827 False
0.610480 0.169557 -0.415092 False
0.610013 0.169052 -0.414800 False
0.610198 0.169720 -0.414429 False
0.610417 0.169901 -0.414390 False
0.610367 0.169935 -0.414239 False
0.610970 0.170001 -0.414439 False
0.613562 0.170347 -0.413702 False
0.612746 0.171491 -0.413328 False
0.611056 0.170401 -0.413609 False
0.611546 0.170398 -0.413104 False
0.612568 0.171559 -0.409985 False
0.612337 0.171061 -0.412422 False
0.611058 0.171039 -0.414014 False
0.611646 0.171594 -0.414617 False
0.611985 0.172492 -0.414375 False
0.610610 0.170716 -0.414214 False
0.610260 0.170753 -0.413753 False
0.609961 0.170856 -0.413564 False
0.610219 0.171138 -0.413468 False
0.611381 0.172007 -0.414101 False
0.610884 0.171161 -0.414125 False
0.610182 0.170864 -0.414728 False
0.610086 0.170553 -0.414682 False
0.610444 0.169606 -0.414084 False
0.610725 0.169857 -0.413134 False
0.611322 0.170094 -0.412982 False
0.610974 0.170664 -0.412098 False
0.610696 0.170676 -0.414212 False
0.610346 0.170253 -0.414217 False
0.610378 0.170702 -0.412971 False
0.612458 0.172422 -0.410898 False
0.612389 0.170100 -0.413402 False
0.611396 0.169919 -0.413673 False
0.611658 0.170198 -0.413384 False
0.612727 0.171337 -0.413150 False
0.613017 0.171737 -0.413538 False
0.612703 0.171310 -0.413198 False
0.612707 0.171879 -0.412584 False
0.612719 0.171682 -0.413048 False
0.613335 0.171396 -0.413374 False
0.612554 0.169980 -0.413730 False
0.612139 0.170102 -0.413878 False
0.612109 0.170428 -0.413764 False
0.612687 0.171438 -0.414038 False
0.613239 0.172451 -0.413369 False
0.613429 0.170395 -0.413688 False
0.612480 0.169334 -0.414630 False
0.612374 0.169304 -0.414528 False
0.611644 0.169826 -0.414822 False
0.612159 0.169883 -0.414514 False
0.612370 0.171432 -0.413937 False
0.611135 0.170327 -0.412765 False
0.611247 0.171238 -0.412808 False
0.611806 0.169924 -0.412920 False
0.611637 0.169469 -0.413461 False
0.610999 0.169039 -0.414415 False
0.610886 0.168679 -0.414966 False
0.610161 0.168962 -0.414577 False
0.610571 0.169160 -0.414623 False
0.610969 0.169281 -0.414523 False
0.611840 0.169752 -0.413678 False
0.613668 0.171326 -0.413084 False
0.616632 0.169873 -0.412700 False
0.615876 0.169574 -0.413275 False
0.616973 0.170701 -0.411663 False
0.615310 0.172258 -0.412554 False
0.613513 0.172893 -0.413229 False
0.613466 0.172108 -0.413443 False
0.612887 0.170483 -0.414480 False
0.611849 0.170496 -0.414316 False
0.612055 0.169947 -0.413597 False
0.611356 0.170253 -0.413411 False
0.611061 0.170046 -0.413332 False
0.612885 0.171824 -0.412323 False
0.615077 0.170243 -0.412183 False
0.613334 0.170574 -0.412290 False
0.613227 0.173678 -0.412233 False
0.613561 0.173467 -0.411823 False
0.614240 0.173384 -0.411598 False
0.611745 0.173487 -0.409850 False
0.611380 0.173721 -0.404194 False
0.611053 0.170605 -0.412192 False
0.610085 0.169329 -0.414092 False
0.610152 0.169755 -0.413027 False
0.611140 0.172180 -0.405456 False
0.611389 0.172874 -0.403031 False
0.611340 0.173391 -0.402526 False
0.611391 0.175011 -0.402555 False
0.611369 0.175377 -0.402925 False
0.611555 0.175187 -0.403062 False
0.611468 0.174221 -0.402878 False
0.611320 0.174151 -0.403137 False
0.611220 0.174204 -0.405231 False
0.610583 0.170868 -0.412969 False
0.610645 0.169447 -0.415291 False
0.610865 0.169140 -0.416346 False
0.611775 0.169036 -0.415764 False
0.610402 0.168807 -0.415391 False
0.610124 0.169511 -0.414075 False
0.609983 0.171129 -0.411490 False
0.612062 0.171836 -0.412878 False
0.611352 0.170573 -0.411949 False
0.608794 0.170217 -0.406416 False
0.611350 0.170772 -0.411214 False
0.612403 0.171312 -0.413912 False
0.612793 0.171585 -0.414709 False
0.613094 0.172320 -0.413638 False
0.612903 0.172434 -0.413653 False
0.612398 0.172025 -0.413640 False
0.610529 0.170368 -0.412125 False
0.608829 0.169932 -0.404244 False
0.608338 0.170046 -0.402949 False
0.608344 0.170012 -0.404492 False
0.611009 0.172318 -0.411776 False
0.610849 0.178679 -0.411726 False
0.610280 0.204386 -0.404682 False
0.607749 0.183905 -0.405075 False
0.605334 0.189622 -0.410618 False
0.606712 0.191901 -0.409912 False
0.599968 0.199737 -0.402900 False
0.580211 0.215750 -0.393002 False
0.543775 0.234539 -0.375724 False
0.493248 0.259162 -0.352531 False
0.448321 0.250616 -0.337911 False
0.418069 0.247768 -0.324450 False
0.394991 0.243822 -0.313065 False
0.377839 0.239949 -0.303808 False
0.365366 0.237321 -0.296734 False
0.356324 0.237109 -0.291897 False
0.349465 0.240486 -0.289351 False
0.343541 0.248623 -0.289149 False
0.335629 0.265126 -0.291707 False
0.328187 0.285249 -0.296258 False
0.321997 0.306679 -0.302399 False
0.317841 0.327105 -0.309725 False
0.316501 0.344214 -0.317831 False
0.318761 0.355695 -0.326313 False
0.325401 0.359235 -0.334766 False
0.337206 0.352523 -0.342787 False
0.354956 0.333246 -0.349970 False
0.379434 0.299092 -0.355911 False
0.411422 0.247749 -0.360206 False
0.522885 0.148711 -0.423278 False
0.415026 0.090701 -0.259036 False
0.381699 0.070230 -0.216097 False
0.378771 0.056910 -0.200810 False
0.384975 0.049675 -0.205505 False
0.391694 0.022760 -0.190541 False
0.392925 0.015920 -0.187542 False
0.392634 0.015147 -0.186555 False
0.392524 0.016161 -0.187472 False
0.392765 0.016603 -0.189738 False
0.392220 0.016741 -0.190488 False
0.393421 0.017011 -0.190955 False
0.393238 0.017647 -0.190234 False
0.392990 0.017011 -0.188907 False
0.392312 0.016727 -0.187849 False
0.391808 0.016348 -0.188431 False
0.392313 0.016701 -0.186654 False
0.392899 0.016787 -0.185928 False
0.392799 0.016647 -0.187216 False
0.393508 0.015993 -0.189098 False
0.392782 0.015786 -0.195052 False
0.391217 0.015639 -0.210179 False
0.393520 0.014751 -0.194223 False
0.392757 0.014798 -0.190667 False
0.392867 0.015660 -0.192629 False
0.392346 0.016619 -0.199652 False
0.391754 0.016885 -0.196826 False
0.390138 0.017167 -0.212726 False
0.391800 0.016935 -0.204273 False
0.392359 0.017392 -0.196109 False
0.391421 0.019595 -0.200690 False
0.392009 0.022200 -0.200981 False
0.391964 0.018323 -0.197920 False
0.391425 0.017614 -0.211190 False
0.393066 0.016334 -0.196750 False
0.392572 0.016465 -0.193157 False
0.392555 0.016100 -0.191145 False
0.393272 0.016626 -0.189728 False
0.392826 0.016780 -0.189268 False
0.393399 0.016841 -0.189284 False
0.392599 0.017007 -0.191961 False
0.392507 0.017581 -0.199582 False
0.392990 0.017021 -0.193194 False
0.393111 0.017046 -0.191148 False
0.393050 0.017802 -0.192358 False
0.392642 0.018383 -0.198317 False
0.392947 0.017249 -0.192640 False
0.392634 0.017492 -0.192904 False
0.392740 0.019663 -0.199524 False
0.391513 0.019903 -0.202205 False
0.388523 0.019303 -0.202673 False
0.390391 0.018823 -0.201910 False
0.388532 0.017683 -0.194802 False
0.391601 0.018638 -0.199138 False
0.392841 0.017841 -0.195481 False
0.392366 0.017069 -0.204960 False
0.389346 0.017643 -0.213496 False
0.386291 0.017006 -0.195258 False
0.391389 0.016831 -0.189855 False
0.392750 0.016802 -0.187833 False
0.392544 0.016807 -0.188741 False
0.392564 0.016811 -0.188653 False
0.392996 0.016786 -0.188662 False
0.392848 0.016660 -0.187396 False
0.391820 0.016320 -0.189013 False
0.391833 0.016690 -0.189514 False
0.392981 0.016771 -0.188177 False
0.393771 0.016646 -0.188779 False
0.393817 0.016151 -0.187920 False
0.393292 0.016614 -0.188619 False
0.393126 0.016775 -0.188858 False
0.393215 0.016811 -0.189037 False
0.393677 0.016847 -0.189648 False
0.393438 0.017010 -0.190363 False
0.393763 0.017481 -0.191005 False
0.393614 0.017013 -0.190927 False
0.392553 0.016883 -0.191166 False
0.392418 0.016904 -0.191025 False
0.392978 0.017082 -0.190676 False
0.393699 0.016952 -0.190558 False
0.393732 0.017005 -0.190096 False
0.393090 0.017446 -0.190884 False
0.392394 0.017057 -0.191370 False
0.392116 0.017479 -0.193174 False
0.391630 0.019419 -0.198810 False
0.391677 0.017178 -0.191885 False
0.390646 0.016758 -0.195514 False
0.389128 0.020265 -0.210408 False
0.392764 0.021500 -0.200946 False
0.399988 0.042749 -0.229254 False
0.420185 0.117417 -0.340959 False
0.399747 0.042402 -0.234267 False
0.392119 0.021934 -0.216771 False
0.392428 0.015399 -0.194425 False
0.392562 0.015781 -0.190719 False
0.391447 0.016725 -0.192340 False
0.388711 0.018088 -0.200532 False
0.388522 0.016181 -0.193091 False
0.391441 0.016065 -0.192059 False
0.392215 0.015741 -0.196613 False
0.390300 0.018058 -0.215857 False
0.388140 0.025767 -0.215647 False
0.383810 0.055167 -0.200243 False
0.379172 0.076112 -0.204393 False
0.403411 0.097206 -0.254078 False
0.541467 0.048709 -0.457930 False
0.578644 0.065279 -0.505218 False
0.590067 0.079477 -0.524092 False
0.579207 0.098833 -0.512455 False
0.550998 0.121621 -0.477057 False
0.510373 0.146116 -0.424643 False
0.462265 0.170592 -0.361962 False
0.411607 0.193324 -0.295760 False
0.363332 0.212587 -0.232787 False
0.322374 0.226656 -0.179789 False
0.299107 0.231337 -0.150763 False
0.286426 0.230904 -0.136015 False
0.282668 0.227161 -0.133103 False
0.286170 0.221913 -0.139581 False
0.295269 0.216966 -0.153007 False
0.308301 0.214126 -0.170935 False
0.322385 0.217082 -0.189315 False
0.338553 0.223056 -0.209348 False
0.356621 0.231156 -0.230631 False
0.376403 0.240489 -0.252756 False
0.397715 0.250162 -0.275319 False
0.420372 0.259282 -0.297915 False
0.444188 0.266957 -0.320139 False
0.468979 0.272294 -0.341584 False
0.494559 0.274400 -0.361846 False
0.520742 0.272382 -0.380519 False
0.547345 0.265348 -0.397198 False
0.580350 0.247801 -0.413699 False
0.599685 0.234277 -0.420994 False
0.608243 0.217952 -0.423253 False
0.618696 0.204507 -0.424909 False
0.613606 0.195811 -0.425763 False
0.615409 0.194568 -0.422112 False
0.621035 0.192027 -0.420625 False
0.631868 0.200224 -0.420785 False
0.629394 0.218957 -0.427103 False
0.635509 0.184076 -0.412699 False
0.640721 0.172023 -0.410401 False
0.641379 0.170949 -0.413952 False
0.641921 0.173776 -0.411806 False
0.636044 0.176841 -0.413692 False
0.635392 0.174674 -0.410907 False
0.636338 0.173500 -0.410702 False
0.639430 0.171644 -0.415097 False
0.636995 0.173624 -0.409524 False
0.639280 0.177459 -0.408053 False
0.637473 0.174678 -0.408482 False
0.638848 0.173823 -0.410652 False
0.636576 0.173775 -0.410036 False
0.635718 0.174619 -0.411364 False
0.635422 0.177972 -0.410243 False
0.636027 0.178676 -0.412647 False
0.635781 0.175570 -0.409450 False
0.635879 0.175727 -0.409822 False
0.640010 0.172723 -0.415174 False
0.638694 0.175976 -0.410356 False
0.637085 0.174007 -0.409881 False
0.637038 0.172235 -0.415410 False
0.639543 0.175697 -0.416867 False
0.636013 0.176973 -0.415437 False
0.636883 0.174782 -0.410025 False
0.641478 0.175046 -0.410051 False
0.640513 0.176009 -0.413947 False
0.641957 0.175448 -0.412556 False
0.641040 0.172236 -0.415967 False
0.640035 0.171787 -0.417662 False
0.637783 0.172313 -0.420942 False
0.635794 0.173479 -0.416312 False
0.632505 0.173925 -0.432323 False
0.630891 0.173986 -0.445322 False
0.637729 0.173497 -0.422895 False
0.639290 0.171568 -0.426768 False
0.640725 0.172755 -0.418431 False
0.640829 0.170805 -0.428480 False
0.641440 0.170293 -0.430773 False
0.641670 0.170235 -0.430522 False
0.641679 0.170512 -0.425020 False
0.638273 0.171840 -0.418550 False
0.636343 0.173141 -0.411281 False
0.638949 0.173744 -0.409992 False
0.636162 0.173950 -0.410217 False
0.636164 0.173511 -0.411307 False
0.639074 0.173225 -0.412197 False
0.636180 0.171497 -0.418110 False
0.634129 0.170654 -0.422380 False
0.635066 0.170567 -0.422302 False
0.634275 0.170357 -0.418446 False
0.639396 0.170070 -0.418810 False
0.634305 0.170223 -0.419744 False
0.633127 0.170315 -0.420650 False
0.636028 0.170532 -0.422701 False
0.638734 0.170813 -0.419457 False
0.636732 0.171158 -0.415932 False
0.636450 0.172147 -0.411449 False
0.636563 0.171336 -0.415211 False
0.637763 0.172668 -0.416008 False
0.641138 0.171471 -0.415301 False
0.637888 0.173001 -0.410632 False
0.636174 0.172050 -0.413624 False
0.635841 0.172924 -0.411282 False
0.635834 0.171150 -0.415010 False
0.636303 0.171512 -0.415267 False
0.637676 0.173356 -0.411438 False
0.641565 0.171851 -0.413457 False
0.638411 0.173841 -0.408557 False
0.640778 0.173616 -0.408354 False
0.636925 0.174365 -0.408647 False
0.636313 0.173689 -0.409875 False
0.636340 0.171953 -0.414961 False
0.636414 0.171707 -0.416173 False
0.637083 0.171554 -0.415392 False
0.637477 0.172729 -0.410149 False
0.640472 0.173056 -0.408943 False
0.638276 0.173000 -0.410031 False
0.641067 0.171748 -0.415066 False
0.637545 0.171984 -0.416043 False
0.636848 0.171268 -0.416405 False
0.640092 0.170680 -0.416682 False
0.639906 0.171097 -0.416743 False
0.641243 0.171852 -0.416233 False
0.638846 0.171273 -0.416765 False
0.636129 0.171170 -0.416825 False
0.636001 0.171636 -0.416745 False
0.636939 0.173544 -0.415179 False
0.636427 0.174369 -0.411590 False
0.636220 0.175095 -0.415208 False
0.640473 0.172052 -0.416382 False
0.638007 0.171029 -0.416817 False
0.639264 0.171848 -0.416759 False
0.638338 0.172506 -0.415668 False
0.642501 0.172667 -0.410790 False
0.643291 0.171793 -0.409938 False
0.643078 0.172477 -0.396270 False
0.643293 0.172185 -0.411392 False
0.643422 0.172087 -0.415685 False
0.644492 0.171273 -0.416885 False
0.642846 0.171025 -0.416744 False
0.637718 0.172016 -0.416755 False
0.635950 0.171377 -0.416675 False
0.635716 0.171025 -0.416585 False
0.635807 0.170438 -0.416944 False
0.637912 0.170067 -0.418009 False
0.642379 0.170875 -0.417954 False
0.641934 0.170914 -0.420253 False
0.638824 0.170241 -0.421111 False
0.638029 0.170701 -0.419085 False
0.642069 0.170511 -0.418350 False
0.639982 0.170501 -0.417454 False
0.640124 0.170771 -0.416973 False
0.638281 0.170281 -0.416252 False
0.642528 0.170661 -0.412902 False
0.645534 0.171993 -0.401108 False
0.640133 0.171244 -0.407865 False
0.643436 0.172883 -0.398988 False
0.642748 0.171354 -0.412890 False
0.642317 0.170525 -0.416848 False
0.639238 0.170703 -0.417581 False
0.636830 0.170349 -0.417727 False
0.635786 0.170573 -0.417313 False
0.636123 0.170227 -0.415913 False
0.638068 0.169973 -0.410686 False
0.642129 0.171019 -0.392340 False
0.641835 0.171756 -0.392611 False
0.637050 0.171306 -0.410646 False
0.637374 0.170822 -0.415429 False
0.642697 0.171151 -0.412415 False
0.644856 0.172135 -0.398664 False
0.638940 0.170618 -0.410997 False
0.639697 0.170206 -0.415162 False
0.639196 0.169988 -0.416550 False
0.642616 0.170153 -0.416009 False
0.641848 0.170615 -0.416011 False
0.637501 0.171307 -0.415790 False
0.637160 0.171326 -0.414826 False
0.636870 0.172907 -0.411678 False
0.637700 0.171260 -0.415127 False
0.636736 0.170364 -0.415849 False
0.636459 0.170093 -0.416548 False
0.636224 0.170729 -0.416150 False
0.637188 0.170514 -0.416712 False
0.641322 0.170541 -0.416714 False
0.641490 0.170488 -0.417157 False
0.637688 0.170313 -0.417282 False
0.637069 0.170771 -0.416723 False
0.637369 0.170957 -0.415539 False
0.640577 0.172927 -0.411188 False
0.640832 0.172470 -0.411071 False
0.638359 0.171021 -0.415464 False
0.641375 0.170822 -0.416915 False
0.639311 0.170529 -0.416941 False
0.639971 0.170869 -0.416013 False
0.638395 0.172287 -0.411455 False
0.636776 0.170746 -0.415291 False
0.637980 0.170484 -0.416135 False
0.641180 0.171035 -0.415943 False
0.637372 0.173638 -0.411832 False
0.637325 0.171189 -0.415213 False
0.641405 0.170497 -0.415079 False
0.643347 0.170895 -0.411130 False
0.643671 0.172296 -0.397511 False
0.641877 0.172088 -0.411472 False
0.637297 0.170957 -0.415374 False
0.636444 0.170989 -0.416041 False
0.636671 0.172180 -0.412346 False
0.637362 0.171542 -0.415732 False
0.641675 0.170673 -0.416552 False
0.642138 0.170857 -0.416170 False
0.637389 0.170487 -0.416165 False
0.636229 0.170416 -0.416707 False
0.636443 0.170516 -0.416703 False
0.637194 0.170836 -0.417151 False
0.639232 0.170195 -0.416229 False
0.641707 0.171040 -0.415850 False
0.639007 0.171574 -0.415792 False
0.636561 0.170814 -0.415144 False
0.638101 0.170781 -0.411883 False
0.639527 0.171130 -0.415710 False
0.643405 0.171151 -0.416614 False
0.644250 0.171132 -0.416362 False
0.643898 0.171075 -0.416814 False
0.643949 0.170506 -0.416523 False
0.643391 0.170242 -0.417573 False
0.639723 0.170756 -0.417754 False
0.635903 0.170499 -0.416946 False
0.640927 0.170926 -0.416570 False
0.641663 0.170754 -0.417987 False
0.639066 0.169674 -0.422739 False
0.637949 0.170348 -0.409167 False
0.639238 0.170985 -0.415786 False
0.638443 0.172416 -0.414291 False
0.635814 0.173573 -0.411175 False
0.635465 0.173226 -0.413762 False
0.634872 0.172489 -0.414556 False
0.635107 0.172665 -0.414732 False
0.635418 0.173025 -0.414823 False
0.635880 0.172857 -0.414799 False
0.635306 0.173190 -0.414918 False
0.635564 0.173255 -0.414956 False
0.635287 0.173149 -0.414984 False
0.634901 0.172742 -0.414857 False
0.635092 0.173163 -0.414787 False
0.634828 0.173264 -0.414910 False
0.635337 0.173267 -0.414933 False
0.635217 0.173283 -0.415011 False
0.635147 0.173286 -0.414741 False
0.635027 0.173289 -0.414086 False
0.635031 0.173297 -0.411183 False
0.634761 0.173303 -0.411369 False
0.635007 0.173209 -0.413977 False
0.634877 0.172778 -0.414551 False
0.634502 0.173038 -0.414630 False
0.634646 0.172653 -0.414673 False
0.635117 0.172593 -0.414557 False
0.635433 0.172714 -0.414377 False
0.635130 0.173082 -0.414454 False
0.634833 0.172932 -0.414634 False
0.635433 0.173619 -0.414852 False
0.636745 0.173397 -0.414751 False
0.636331 0.173344 -0.414625 False
0.635863 0.173277 -0.414565 False
0.635971 0.173271 -0.414533 False
0.637119 0.173278 -0.414752 False
0.635456 0.173058 -0.414967 False
0.636077 0.172948 -0.415824 False
0.637834 0.172018 -0.419165 False
0.636234 0.173009 -0.416064 False
0.636107 0.173277 -0.415120 False
0.635534 0.173296 -0.414825 False
0.635915 0.173098 -0.414739 False
0.635975 0.173152 -0.413804 False
0.635644 0.172912 -0.410922 False
0.635026 0.173050 -0.410626 False
0.635189 0.173168 -0.411293 False
0.635150 0.172840 -0.412615 False
0.635593 0.172994 -0.411084 False
0.635634 0.173320 -0.410758 False
0.635436 0.172795 -0.410629 False
0.636042 0.172882 -0.410350 False
0.637305 0.172935 -0.410496 False
0.636747 0.172854 -0.410219 False
0.637782 0.172636 -0.410024 False
0.636727 0.172719 -0.410554 False
0.637666 0.173017 -0.410627 False
0.636440 0.172656 -0.410419 False
0.636335 0.172669 -0.410260 False
0.636253 0.173222 -0.410229 False
0.636011 0.173735 -0.410180 False
0.636060 0.173389 -0.410128 False
0.636469 0.173314 -0.410211 False
0.636617 0.173389 -0.410786 False
0.636228 0.173778 -0.411488 False
0.636069 0.173416 -0.413792 False
0.636288 0.173338 -0.413694 False
0.636371 0.173310 -0.410734 False
0.636358 0.173425 -0.410168 False
0.636057 0.173731 -0.409803 False
0.636486 0.173526 -0.411383 False
0.636742 0.173826 -0.412826 False
0.636508 0.173389 -0.410036 False
0.636130 0.173305 -0.409511 False
0.636214 0.173401 -0.408998 False
0.636248 0.173812 -0.409674 False
0.636239 0.173813 -0.410906 False
0.636226 0.173376 -0.413617 False
0.636439 0.173121 -0.413456 False
0.637788 0.172751 -0.410754 False
0.636959 0.173120 -0.410743 False
0.637306 0.173258 -0.411351 False
0.636790 0.173444 -0.412875 False
0.636478 0.173675 -0.410263 False
0.636663 0.172787 -0.409550 False
0.636481 0.172508 -0.410142 False
0.635607 0.172208 -0.410397 False
0.635780 0.172197 -0.412971 False
0.637613 0.171822 -0.412605 False
0.637224 0.170068 -0.418032 False
0.637575 0.169555 -0.419879 False
0.638047 0.170198 -0.419663 False
0.636095 0.169967 -0.419548 False
0.638029 0.169851 -0.419378 False
0.635692 0.169023 -0.420023 False
0.638828 0.168801 -0.421700 False
0.640271 0.168793 -0.421799 False
0.642341 0.169078 -0.420304 False
0.640439 0.170016 -0.420008 False
0.639525 0.169545 -0.421151 False
0.637241 0.169738 -0.420132 False
0.636650 0.169697 -0.421867 False
0.637014 0.169328 -0.422907 False
0.636412 0.169289 -0.422851 False
0.634621 0.169424 -0.422734 False
0.636202 0.169661 -0.422653 False
0.635188 0.169532 -0.422880 False
0.638697 0.169613 -0.422018 False
0.638521 0.170587 -0.419458 False
0.639793 0.169719 -0.419511 False
0.639090 0.169030 -0.419936 False
0.635928 0.169588 -0.418876 False
0.638100 0.172498 -0.415598 False
0.636978 0.173244 -0.414901 False
0.637254 0.173369 -0.414927 False
0.638502 0.173347 -0.414969 False
0.636877 0.173319 -0.414934 False
0.636472 0.173391 -0.414702 False
0.638227 0.173700 -0.414801 False
0.636954 0.173416 -0.414826 False
0.636278 0.173473 -0.414707 False
0.637997 0.173900 -0.414236 False
0.636802 0.173920 -0.413891 False
0.638042 0.173322 -0.412737 False
0.638651 0.170940 -0.417980 False
0.638449 0.170098 -0.419366 False
0.638351 0.170525 -0.418738 False
0.636582 0.172839 -0.414529 False
0.638138 0.173695 -0.410750 False
0.638150 0.173068 -0.410759 False
0.634737 0.171330 -0.413736 False
0.637367 0.169854 -0.410687 False
0.637700 0.169590 -0.412035 False
0.634461 0.169052 -0.416282 False
0.636887 0.169332 -0.412881 False
0.633139 0.169345 -0.417811 False
0.632319 0.169075 -0.419563 False
0.631833 0.169325 -0.419810 False
0.632457 0.169412 -0.419935 False
0.634767 0.170873 -0.419742 False
0.634414 0.169704 -0.420115 False
0.637521 0.170337 -0.420031 False
0.635653 0.170363 -0.419941 False
0.632673 0.169748 -0.419589 False
0.633955 0.169780 -0.419480 False
0.632966 0.169440 -0.419485 False
0.633310 0.170077 -0.419555 False
0.633991 0.169578 -0.419445 False
0.634899 0.169990 -0.419926 False
0.635386 0.170382 -0.420286 False
0.634266 0.169884 -0.420083 False
0.633902 0.170321 -0.419955 False
0.633589 0.170119 -0.419795 False
0.633808 0.169659 -0.419465 False
0.634536 0.170717 -0.418869 False
0.635353 0.170497 -0.417900 False
0.635344 0.171404 -0.416047 False
0.635688 0.170999 -0.418584 False
0.635595 0.170051 -0.419305 False
0.634223 0.169598 -0.419954 False
0.634682 0.170988 -0.413769 False
0.635053 0.171220 -0.417761 False
0.635988 0.171021 -0.419403 False
0.636920 0.170461 -0.418995 False
0.638196 0.171290 -0.417681 False
0.634411 0.169904 -0.413545 False
0.634681 0.170474 -0.416693 False
0.632873 0.169219 -0.417353 False
0.633710 0.169616 -0.417632 False
0.636326 0.171399 -0.414359 False
0.638322 0.172658 -0.412251 False
0.634880 0.169833 -0.418113 False
0.633904 0.169039 -0.421139 False
0.634871 0.169165 -0.427264 False
0.633372 0.169929 -0.429100 False
0.630272 0.170895 -0.440469 False
0.628040 0.171473 -0.447608 False
0.631195 0.169740 -0.428912 False
0.633502 0.170226 -0.420987 False
0.633983 0.169967 -0.419937 False
0.634160 0.169778 -0.421067 False
0.635524 0.170091 -0.421909 False
0.634676 0.170370 -0.421322 False
0.634895 0.171321 -0.418342 False
0.634261 0.169550 -0.421100 False
0.635427 0.168950 -0.421846 False
0.634667 0.169015 -0.421660 False
0.636667 0.169831 -0.421296 False
0.638027 0.170110 -0.420272 False
0.635108 0.169146 -0.420533 False
0.635956 0.169115 -0.421661 False
0.637861 0.169945 -0.421719 False
0.635204 0.169272 -0.420436 False
0.636113 0.169616 -0.420277 False
0.634126 0.169043 -0.421152 False
0.633857 0.169060 -0.419948 False
0.634974 0.168833 -0.420262 False
0.637368 0.169139 -0.421674 False
0.634995 0.169362 -0.421934 False
0.636345 0.169867 -0.420608 False
0.635541 0.169403 -0.420712 False
0.637262 0.169716 -0.421994 False
0.638392 0.169464 -0.422499 False
0.636900 0.169762 -0.422030 False
0.635337 0.169452 -0.420239 False
0.638053 0.169115 -0.420209 False
0.638082 0.169635 -0.421295 False
0.639347 0.169573 -0.420191 False
0.638930 0.169311 -0.419617 False
0.637332 0.169474 -0.419931 False
0.636667 0.170641 -0.421361 False
0.637017 0.170404 -0.419986 False
0.639183 0.169741 -0.419587 False
0.642726 0.169953 -0.417725 False
0.653775 0.172077 -0.405059 False
0.646453 0.171004 -0.413052 False
0.656562 0.172267 -0.405739 False
0.657536 0.171644 -0.407144 False
0.662325 0.171567 -0.407181 False
0.654233 0.171144 -0.408526 False
0.648554 0.169986 -0.411980 False
0.630067 0.168007 -0.418436 False
0.623008 0.167400 -0.420934 False
0.625200 0.167674 -0.422078 False
0.624186 0.167619 -0.422974 False
0.625948 0.167805 -0.422655 False
0.629687 0.168579 -0.422662 False
0.629848 0.168757 -0.421037 False
0.631456 0.168530 -0.420604 False
0.628571 0.167632 -0.422030 False
0.635575 0.167962 -0.421057 False
0.633787 0.169224 -0.420896 False
0.628110 0.167905 -0.421553 False
0.634115 0.168213 -0.418626 False
0.652868 0.169052 -0.412467 False
0.633115 0.167812 -0.418519 False
0.626609 0.167387 -0.420825 False
0.626865 0.167375 -0.423157 False
0.626742 0.167398 -0.423434 False
0.627608 0.167945 -0.423404 False
0.627588 0.168374 -0.423217 False
0.625413 0.167606 -0.422500 False
0.627229 0.167767 -0.421413 False
0.627785 0.167764 -0.421147 False
0.626865 0.167766 -0.421702 False
0.627984 0.168462 -0.415688 False
0.641120 0.173306 -0.389702 False
0.647356 0.174250 -0.383264 False
0.649295 0.174799 -0.381838 False
0.652578 0.174693 -0.382959 False
0.663390 0.173755 -0.387926 False
0.663047 0.170524 -0.409795 False
0.646688 0.173724 -0.431354 False
0.653172 0.174101 -0.395509 False
0.646137 0.171755 -0.387602 False
0.635102 0.166203 -0.397878 False
0.654722 0.172350 -0.398046 False
0.652274 0.172895 -0.388205 False
0.650724 0.171577 -0.389847 False
0.650543 0.171168 -0.403802 False
0.649835 0.171168 -0.406977 False
0.649023 0.171692 -0.404254 False
0.648813 0.173657 -0.388718 False
0.649229 0.174067 -0.388322 False
0.649943 0.171814 -0.403345 False
0.652037 0.171170 -0.408832 False
0.649726 0.171048 -0.410176 False
0.649073 0.171156 -0.409570 False
0.649830 0.171794 -0.405499 False
0.652769 0.174165 -0.389993 False
0.660188 0.174174 -0.389099 False
0.652133 0.172288 -0.400179 False
0.650483 0.172989 -0.392298 False
0.649386 0.171195 -0.401210 False
0.649741 0.171156 -0.394003 False
0.649581 0.171817 -0.405738 False
0.649777 0.171464 -0.406936 False
0.649910 0.172023 -0.404156 False
0.652157 0.173520 -0.393619 False
0.649438 0.171751 -0.406535 False
0.649101 0.171499 -0.409061 False
0.649890 0.172199 -0.406405 False
0.652519 0.173311 -0.392495 False
0.650424 0.172579 -0.399248 False
0.649244 0.174094 -0.388013 False
0.649012 0.173627 -0.388790 False
0.650204 0.171735 -0.404433 False
0.652988 0.171116 -0.407924 False
0.650061 0.171121 -0.409373 False
0.650559 0.171754 -0.408454 False
0.655381 0.174176 -0.404182 False
0.654306 0.174813 -0.400715 False
0.662579 0.174841 -0.389387 False
0.663845 0.174423 -0.399555 False
0.666139 0.172682 -0.406910 False
0.667111 0.171257 -0.408175 False
0.668282 0.170756 -0.407161 False
0.664402 0.172266 -0.404317 False
0.655192 0.172053 -0.406639 False
0.652800 0.173972 -0.403314 False
0.653358 0.173615 -0.402781 False
0.653532 0.173915 -0.404046 False
0.653090 0.171761 -0.408159 False
0.653032 0.171226 -0.409370 False
0.650792 0.171338 -0.408898 False
0.652114 0.171916 -0.408528 False
0.651089 0.170775 -0.408870 False
0.650667 0.171332 -0.409397 False
0.652274 0.171736 -0.409017 False
0.656403 0.171535 -0.408078 False
0.652793 0.171742 -0.404110 False
0.655857 0.173437 -0.388274 False
0.663977 0.173455 -0.384450 False
0.666425 0.173452 -0.384590 False
0.666202 0.173503 -0.387921 False
0.666220 0.172242 -0.399011 False
0.662999 0.173159 -0.388402 False
0.665270 0.173752 -0.385904 False
0.663830 0.173297 -0.389343 False
0.656584 0.172517 -0.404129 False
0.652075 0.171795 -0.404675 False
0.653567 0.172850 -0.393782 False
0.660709 0.172796 -0.404243 False
0.655773 0.173186 -0.403526 False
0.664026 0.173007 -0.387907 False
0.665275 0.173642 -0.383732 False
0.665837 0.173272 -0.382952 False
0.665204 0.173500 -0.383494 False
0.664656 0.173982 -0.384580 False
0.663041 0.173601 -0.387882 False
0.655279 0.172104 -0.399771 False
0.659201 0.173086 -0.388431 False
0.664149 0.173514 -0.388808 False
0.664684 0.172453 -0.403305 False
0.659884 0.172297 -0.407977 False
0.656567 0.172818 -0.405358 False
0.661290 0.173777 -0.393135 False
0.654206 0.173530 -0.400731 False
0.654167 0.173536 -0.388497 False
0.652644 0.174103 -0.384802 False
0.659900 0.174354 -0.385075 False
0.653978 0.173178 -0.388401 False
0.651543 0.171895 -0.400096 False
0.652756 0.172947 -0.388042 False
0.662628 0.173306 -0.384530 False
0.666012 0.173540 -0.384146 False
0.666577 0.173543 -0.384210 False
0.665483 0.173363 -0.384074 False
0.661747 0.173299 -0.384883 False
0.662337 0.173196 -0.388435 False
0.653536 0.172919 -0.401106 False
0.651514 0.173497 -0.392163 False
0.653649 0.172828 -0.399919 False
0.663120 0.173771 -0.387986 False
0.663670 0.174001 -0.384033 False
0.656541 0.173865 -0.384415 False
0.662132 0.173228 -0.384269 False
0.657877 0.173344 -0.384220 False
0.659540 0.174471 -0.383975 False
0.661467 0.174753 -0.385186 False
0.650391 0.174800 -0.390092 False
0.653963 0.174809 -0.388160 False
0.650186 0.174786 -0.396743 False
0.648837 0.174772 -0.395303 False
0.648064 0.174736 -0.393248 False
0.646660 0.174661 -0.386958 False
0.641665 0.174362 -0.382594 False
0.651484 0.174661 -0.382903 False
0.654290 0.174734 -0.383202 False
0.654361 0.174710 -0.382547 False
0.644887 0.174638 -0.383002 False
0.644408 0.174633 -0.384370 False
0.659366 0.173782 -0.385816 False
0.656035 0.175045 -0.384783 False
0.655044 0.187341 -0.386942 False
0.643194 0.233478 -0.400980 False
0.633423 0.264499 -0.412137 False
0.644159 0.196349 -0.396118 False
0.647725 0.175687 -0.392258 False
0.652263 0.170180 -0.405402 False
0.652181 0.170277 -0.409358 False
0.651931 0.170797 -0.409760 False
0.652392 0.171030 -0.409819 False
0.656603 0.171240 -0.409361 False
0.653421 0.171369 -0.409426 False
0.651555 0.172102 -0.408720 False
0.652626 0.172240 -0.405133 False
0.655683 0.172502 -0.394304 False
0.651424 0.171063 -0.406524 False
0.650454 0.170226 -0.410581 False
0.650071 0.170668 -0.411289 False
0.650794 0.171056 -0.410278 False
0.653649 0.171027 -0.409575 False
0.652156 0.170236 -0.409438 False
0.653849 0.170929 -0.409160 False
0.652366 0.171234 -0.409627 False
0.651778 0.171298 -0.409949 False
0.650822 0.171281 -0.410773 False
0.651508 0.171198 -0.409912 False
0.653086 0.171264 -0.409453 False
0.652670 0.171163 -0.409510 False
0.654023 0.171146 -0.408694 False
0.654223 0.171185 -0.407891 False
0.651966 0.171236 -0.409001 False
0.651551 0.171411 -0.409196 False
0.651982 0.170371 -0.409103 False
0.653739 0.170879 -0.407789 False
0.651787 0.171441 -0.409500 False
0.651117 0.170383 -0.409650 False
0.651607 0.170724 -0.409478 False
0.653043 0.170158 -0.408842 False
0.651956 0.170559 -0.409598 False
0.651601 0.171042 -0.409696 False
0.652196 0.170870 -0.409567 False
0.654363 0.171260 -0.408112 False
0.654832 0.170733 -0.408804 False
0.655218 0.170573 -0.408474 False
0.655364 0.170478 -0.408652 False
0.654776 0.170122 -0.408871 False
0.654484 0.170399 -0.409369 False
0.653012 0.170286 -0.411385 False
0.655578 0.170786 -0.412869 False
0.654893 0.171848 -0.415135 False
0.651478 0.170526 -0.406885 False
0.614821 0.158857 -0.363765 False
0.474155 0.112154 -0.200399 False
0.428913 0.073080 -0.146438 False
0.425639 0.068511 -0.145679 False
0.465837 0.079910 -0.194111 False
0.606568 0.150424 -0.365256 False
0.637427 0.168493 -0.413141 False
0.653240 0.172955 -0.414733 False
0.658102 0.172586 -0.409900 False
0.654546 0.171706 -0.410037 False
0.654801 0.171392 -0.409180 False
0.654212 0.171210 -0.409555 False
0.652765 0.171266 -0.409832 False
0.653476 0.171325 -0.409905 False
0.653608 0.171784 -0.410105 False
0.651490 0.170920 -0.411467 False
0.653143 0.171413 -0.409702 False
0.654058 0.172257 -0.407364 False
0.653044 0.171207 -0.408549 False
0.654474 0.171182 -0.403003 False
0.643957 0.174280 -0.389343 False
0.603804 0.179349 -0.386771 False
0.463299 0.195957 -0.397459 False
0.600296 0.176784 -0.407854 False
0.641315 0.171233 -0.411022 False
0.650840 0.169843 -0.409557 False
0.651560 0.170396 -0.409375 False
0.653164 0.172437 -0.409186 False
0.650569 0.170868 -0.408248 False
0.650518 0.171196 -0.409063 False
0.653534 0.170882 -0.408852 False
0.650838 0.170183 -0.409466 False
0.649874 0.170046 -0.409620 False
0.649530 0.170113 -0.409003 False
0.649783 0.170169 -0.409500 False
0.649229 0.169967 -0.409860 False
0.647254 0.170252 -0.409714 False
0.642475 0.171203 -0.409748 False
0.648235 0.171387 -0.409571 False
0.652995 0.171776 -0.409290 False
0.652665 0.171198 -0.408344 False
0.648818 0.170292 -0.406608 False
0.644272 0.170590 -0.409319 False
0.651644 0.170962 -0.409846 False
0.653593 0.170750 -0.409728 False
0.652855 0.170502 -0.409062 False
0.650156 0.170586 -0.407293 False
0.649049 0.170820 -0.405079 False
0.648874 0.171997 -0.397450 False
0.648995 0.171521 -0.406980 False
0.649559 0.170936 -0.408861 False
0.652661 0.171170 -0.406997 False
0.650591 0.170808 -0.407138 False
0.650429 0.171018 -0.410769 False
0.651395 0.171045 -0.412112 False
0.652421 0.170652 -0.412559 False
0.647789 0.171031 -0.412742 False
0.622133 0.176415 -0.412647 False
0.522569 0.195887 -0.413520 False
0.447082 0.211073 -0.411542 False
0.600955 0.181724 -0.395547 False
0.588791 0.188834 -0.400559 False
0.394779 0.251673 -0.380809 False
0.336140 0.279310 -0.368467 False
0.320386 0.299559 -0.349181 False
0.345487 0.303175 -0.336050 False
0.402727 0.285527 -0.332444 False
0.601438 0.195741 -0.391531 False
0.648877 0.173117 -0.407875 False
0.655876 0.170096 -0.410694 False
0.655176 0.170524 -0.410219 False
0.654158 0.171096 -0.409468 False
0.657382 0.172043 -0.409926 False
0.654116 0.173078 -0.410762 False
0.652815 0.172552 -0.410602 False
0.645285 0.169586 -0.402912 False
0.612892 0.155514 -0.364571 False
0.504834 0.108209 -0.237041 False
0.618167 0.155791 -0.361600 False
0.646864 0.170137 -0.402039 False
0.652905 0.172722 -0.411082 False
0.654158 0.172396 -0.412527 False
0.651987 0.172464 -0.412650 False
0.651325 0.171430 -0.411752 False
0.651134 0.170959 -0.411651 False
0.650837 0.171292 -0.411746 False
0.648643 0.171929 -0.412686 False
0.641791 0.171462 -0.419267 False
0.648276 0.170803 -0.414095 False
0.650490 0.170525 -0.411834 False
0.651070 0.171409 -0.411499 False
0.651535 0.171098 -0.411052 False
0.651886 0.171485 -0.411147 False
0.654207 0.170456 -0.410087 False
0.654097 0.170743 -0.410083 False
0.651159 0.171038 -0.411231 False
0.650803 0.172045 -0.412048 False
0.650745 0.171011 -0.411842 False
0.651704 0.170865 -0.411469 False
0.654238 0.170259 -0.410058 False
0.653942 0.170932 -0.409895 False
0.649849 0.170830 -0.408415 False
0.645587 0.173113 -0.397775 False
0.639868 0.174825 -0.395223 False
0.646104 0.174444 -0.395312 False
0.648450 0.174342 -0.396747 False
0.650796 0.174133 -0.396632 False
0.654618 0.174044 -0.385618 False
0.654949 0.173620 -0.382851 False
0.651112 0.173875 -0.383955 False
0.654171 0.173582 -0.386730 False
0.654430 0.172206 -0.399104 False
0.644536 0.173637 -0.388457 False
0.644809 0.174100 -0.387306 False
0.647511 0.174229 -0.389869 False
0.651405 0.172960 -0.405168 False
0.656159 0.174914 -0.409006 False
0.655073 0.171740 -0.409707 False
0.661876 0.171294 -0.408464 False
0.656584 0.171665 -0.408660 False
0.655128 0.171284 -0.409511 False
0.664275 0.171228 -0.409166 False
0.666406 0.171343 -0.408424 False
0.666753 0.171101 -0.407689 False
0.666803 0.170656 -0.407812 False
0.666317 0.170252 -0.407341 False
0.665743 0.170729 -0.407841 False
0.666266 0.171536 -0.407698 False
0.666295 0.171025 -0.407444 False
0.666529 0.171366 -0.407401 False
0.666186 0.171065 -0.407916 False
0.666335 0.170377 -0.407581 False
0.665827 0.171037 -0.407273 False
0.664843 0.171128 -0.407981 False
0.661580 0.171053 -0.408832 False
0.665624 0.170472 -0.408202 False
0.666350 0.171500 -0.408095 False
0.666527 0.171260 -0.409258 False
0.666810 0.171231 -0.407594 False
0.665566 0.171535 -0.406769 False
0.660757 0.172741 -0.405720 False
0.658286 0.172087 -0.407412 False
0.654185 0.171280 -0.405161 False
0.661442 0.171035 -0.392712 False
0.665707 0.172058 -0.403433 False
0.665757 0.170885 -0.403375 False
0.661579 0.172193 -0.393736 False
0.662353 0.171492 -0.400499 False
0.655873 0.171624 -0.389649 False
0.663884 0.172689 -0.387146 False
0.664501 0.172780 -0.389294 False
0.659489 0.172147 -0.399793 False
0.652667 0.173661 -0.388857 False
0.650919 0.174047 -0.388741 False
0.649123 0.172201 -0.399405 False
0.649120 0.173142 -0.386073 False
0.648738 0.173891 -0.383544 False
0.647295 0.174026 -0.384364 False
0.649286 0.173753 -0.388374 False
0.652884 0.172660 -0.405106 False
0.660675 0.173629 -0.408778 False
0.653174 0.171727 -0.409582 False
0.650128 0.171226 -0.409541 False
0.650321 0.171308 -0.409415 False
0.649753 0.171587 -0.409946 False
0.649138 0.171482 -0.410057 False
0.649467 0.171359 -0.410604 False
0.649842 0.171465 -0.410235 False
0.649820 0.171947 -0.410013 False
0.649085 0.171457 -0.410030 False
0.649030 0.171286 -0.409825 False
0.649221 0.171155 -0.409698 False
0.649990 0.171155 -0.409558 False
0.650011 0.171260 -0.408170 False
0.652528 0.171289 -0.409279 False
0.660172 0.171293 -0.408715 False
0.652943 0.171290 -0.408195 False
0.650773 0.171293 -0.409488 False
0.652087 0.171334 -0.409765 False
0.659721 0.171793 -0.409101 False
0.652325 0.171295 -0.409722 False
0.652560 0.171027 -0.409966 False
0.650237 0.170195 -0.410118 False
0.650660 0.170439 -0.410120 False
0.653017 0.170944 -0.409920 False
0.660209 0.171074 -0.409117 False
0.653229 0.171217 -0.409369 False
0.654930 0.171924 -0.407941 False
0.658112 0.174221 -0.405458 False
0.659047 0.174600 -0.404569 False
0.660477 0.173690 -0.405100 False
0.665541 0.171629 -0.403798 False
0.666509 0.172353 -0.393990 False
0.666328 0.172578 -0.404379 False
0.666383 0.171024 -0.407561 False
0.665512 0.170283 -0.408401 False
0.664273 0.170971 -0.407767 False
0.661438 0.171432 -0.404505 False
0.664015 0.172424 -0.393840 False
0.663245 0.170963 -0.404803 False
0.655279 0.171967 -0.408674 False
0.653577 0.171507 -0.410054 False
0.663273 0.171340 -0.410790 False
0.666068 0.171163 -0.409079 False
0.666409 0.170923 -0.408468 False
0.666047 0.170228 -0.407745 False
0.666154 0.170554 -0.407872 False
0.666172 0.170548 -0.407421 False
0.666188 0.169967 -0.408445 False
0.666269 0.169769 -0.408458 False
0.666559 0.169981 -0.408432 False
0.666349 0.170482 -0.408226 False
0.666427 0.170401 -0.408356 False
0.666311 0.171354 -0.408921 False
0.666084 0.170919 -0.407969 False
0.663676 0.171368 -0.404031 False
0.655829 0.172497 -0.388221 False
0.661176 0.173310 -0.382988 False
0.656329 0.173827 -0.383540 False
0.663316 0.173499 -0.382822 False
0.666124 0.173359 -0.384311 False
0.666695 0.173327 -0.384663 False
0.665770 0.173260 -0.384578 False
0.663083 0.173110 -0.384385 False
0.656163 0.173276 -0.384119 False
0.663865 0.173431 -0.384582 False
0.665418 0.173960 -0.384153 False
0.663483 0.174174 -0.383920 False
0.653386 0.174510 -0.384039 False
0.653775 0.174076 -0.383665 False
0.663199 0.173739 -0.384230 False
0.665926 0.174512 -0.385571 False
0.666058 0.174616 -0.384665 False
0.663104 0.174213 -0.383837 False
0.653571 0.174196 -0.383785 False
0.653182 0.174522 -0.383851 False
0.663920 0.174181 -0.383763 False
0.666685 0.174067 -0.384370 False
0.666134 0.173944 -0.384238 False
0.663576 0.173542 -0.383571 False
0.653361 0.173664 -0.383765 False
0.650849 0.172912 -0.383804 False
0.652574 0.173156 -0.383938 False
0.663418 0.173818 -0.383760 False
0.666081 0.173862 -0.383407 False
0.666074 0.174009 -0.382419 False
0.666788 0.173926 -0.384159 False
0.666995 0.173468 -0.384330 False
0.666465 0.173362 -0.384465 False
0.666435 0.173388 -0.384839 False
0.665218 0.173230 -0.384654 False
0.666609 0.172958 -0.383857 False
0.667349 0.173783 -0.384232 False
0.666807 0.173922 -0.384257 False
0.666279 0.173594 -0.382868 False
0.663212 0.173816 -0.382168 False
0.654062 0.173421 -0.383850 False
0.653283 0.173317 -0.384701 False
0.659938 0.173320 -0.384847 False
0.652058 0.173331 -0.384494 False
0.652877 0.173346 -0.384124 False
0.663274 0.173316 -0.384507 False
0.666031 0.173328 -0.384058 False
0.666184 0.173331 -0.384173 False
0.663827 0.173332 -0.383999 False
0.657056 0.173332 -0.384003 False
0.664054 0.173326 -0.384197 False
0.665762 0.173307 -0.384011 False
0.664363 0.173309 -0.383013 False
0.653097 0.173335 -0.383821 False
0.650693 0.173350 -0.383494 False
0.650742 0.173294 -0.383560 False
0.653840 0.173129 -0.384176 False
0.663832 0.173149 -0.384504 False
0.665891 0.172867 -0.383943 False
0.663453 0.173191 -0.383862 False
0.652956 0.173304 -0.384109 False
0.651841 0.173352 -0.384572 False
0.653614 0.173445 -0.384907 False
0.662175 0.173957 -0.384550 False
0.660415 0.174222 -0.385159 False
0.661361 0.174714 -0.385359 False
0.664890 0.174439 -0.388682 False
0.663852 0.172889 -0.400166 False
0.656708 0.172715 -0.400585 False
0.660365 0.172864 -0.391013 False
0.658525 0.172567 -0.397964 False
0.659711 0.172065 -0.403255 False
0.660832 0.171862 -0.405945 False
0.662165 0.173352 -0.395650 False
0.654322 0.173090 -0.395710 False
0.650760 0.172898 -0.384221 False
0.652113 0.173914 -0.382600 False
0.649286 0.174510 -0.379474 False
0.648557 0.174216 -0.380186 False
0.649139 0.174106 -0.381025 False
0.648905 0.173919 -0.381410 False
0.648458 0.173387 -0.383081 False
0.648762 0.172993 -0.382884 False
0.648958 0.172612 -0.382868 False
0.649007 0.173024 -0.383219 False
0.648839 0.172769 -0.382483 False
0.649368 0.172876 -0.384178 False
0.650061 0.173226 -0.386645 False
0.652186 0.173341 -0.385625 False
0.649856 0.173493 -0.383594 False
0.649056 0.173945 -0.382393 False
0.649788 0.174020 -0.383133 False
0.648673 0.173922 -0.384971 False
0.648082 0.173461 -0.386434 False
0.648545 0.173487 -0.385271 False
0.647367 0.174027 -0.387626 False
0.643690 0.174392 -0.389358 False
0.643536 0.173699 -0.386832 False
0.647989 0.173886 -0.387034 False
0.648645 0.173696 -0.387090 False
0.647862 0.173529 -0.386386 False
0.644868 0.173801 -0.384299 False
0.648376 0.173572 -0.383273 False
0.649579 0.173855 -0.383843 False
0.649234 0.173772 -0.385989 False
0.649441 0.174015 -0.386065 False
0.649737 0.174177 -0.384370 False
0.652964 0.174522 -0.383071 False
0.650461 0.174125 -0.381854 False
0.648840 0.173829 -0.377720 False
0.649335 0.173925 -0.380789 False
0.650524 0.173709 -0.381787 False
0.655825 0.173625 -0.381401 False
0.654176 0.173430 -0.381533 False
0.651688 0.173473 -0.383855 False
0.655751 0.173196 -0.388535 False
0.652042 0.173290 -0.386948 False
0.655585 0.173282 -0.388965 False
0.649374 0.173141 -0.386395 False
0.644137 0.172676 -0.388046 False
0.645870 0.173157 -0.384414 False
0.642842 0.173298 -0.386841 False
0.643014 0.173384 -0.387313 False
0.646494 0.173478 -0.384223 False
0.644474 0.173943 -0.386944 False
0.648095 0.174059 -0.383941 False
0.649753 0.174041 -0.382982 False
0.653204 0.173928 -0.384381 False
0.646070 0.173500 -0.388518 False
0.648412 0.173327 -0.387631 False
0.648924 0.173077 -0.388913 False
0.648514 0.173283 -0.387774 False
0.648795 0.173073 -0.386963 False
0.648954 0.173257 -0.387613 False
0.649240 0.173200 -0.383921 False
0.648897 0.173000 -0.381498 False
0.648887 0.173809 -0.382366 False
0.649028 0.173657 -0.381966 False
0.649185 0.174096 -0.382796 False
0.649163 0.174229 -0.381152 False
0.648920 0.174357 -0.380931 False
0.648839 0.174757 -0.380559 False
0.648771 0.174679 -0.380776 False
0.648467 0.174309 -0.381025 False
0.648835 0.174543 -0.381550 False
0.649712 0.174266 -0.381764 False
0.651213 0.174251 -0.382269 False
0.649071 0.174602 -0.381781 False
0.648848 0.175705 -0.382363 False
0.649311 0.174138 -0.385813 False
0.649898 0.172390 -0.398098 False
0.649719 0.173691 -0.387130 False
0.649228 0.174080 -0.383360 False
0.650995 0.174194 -0.382922 False
0.648939 0.174281 -0.382600 False
0.649697 0.174649 -0.382680 False
0.651693 0.174681 -0.382144 False
0.659672 0.174527 -0.383016 False
0.653227 0.175288 -0.381396 False
0.651297 0.174695 -0.380126 False
0.652368 0.175649 -0.381221 False
0.660043 0.178351 -0.381939 False
0.651922 0.175120 -0.382158 False
0.650104 0.173955 -0.382543 False
0.649257 0.174384 -0.382280 False
0.649696 0.174111 -0.382550 False
0.650567 0.174063 -0.382489 False
0.652552 0.174024 -0.382172 False
0.650346 0.173613 -0.382300 False
0.649598 0.173670 -0.383044 False
0.649620 0.174329 -0.382552 False
0.650765 0.173880 -0.382042 False
0.651082 0.174334 -0.380648 False
0.655499 0.173652 -0.380268 False
0.651337 0.173447 -0.381671 False
0.649287 0.173376 -0.382688 False
0.648397 0.173314 -0.383066 False
0.647906 0.173995 -0.384515 False
0.649152 0.174386 -0.382685 False
0.652729 0.173618 -0.382524 False
0.652819 0.173402 -0.382150 False
0.651129 0.173328 -0.382015 False
0.652571 0.173358 -0.382306 False
0.650425 0.173348 -0.382612 False
0.651029 0.173404 -0.382017 False
0.650876 0.173319 -0.381430 False
0.649649 0.173104 -0.380920 False
0.649887 0.173053 -0.381843 False
0.652392 0.173078 -0.382593 False
0.652954 0.173216 -0.382912 False
0.650074 0.173178 -0.384934 False
0.651762 0.173515 -0.384628 False
0.659261 0.174212 -0.384453 False
0.651840 0.173337 -0.383938 False
0.649584 0.173067 -0.383094 False
0.648817 0.173028 -0.382614 False
0.648409 0.173017 -0.383450 False
0.650138 0.173043 -0.381925 False
0.652111 0.173073 -0.381378 False
0.650325 0.173098 -0.382502 False
0.648761 0.173232 -0.383108 False
0.648562 0.173161 -0.383601 False
0.648834 0.173264 -0.383349 False
0.652011 0.173181 -0.381799 False
0.650058 0.173341 -0.384070 False
0.649323 0.173358 -0.385514 False
0.651588 0.173364 -0.383077 False
0.649955 0.173270 -0.380283 False
0.653167 0.173144 -0.382615 False
0.662864 0.173332 -0.384242 False
0.662697 0.173504 -0.385956 False
0.652800 0.173947 -0.385990 False
0.649365 0.174045 -0.386114 False
0.649648 0.174053 -0.385386 False
0.649751 0.173914 -0.386022 False
0.649207 0.173447 -0.383441 False
0.648678 0.173350 -0.383480 False
0.649135 0.173379 -0.383251 False
0.649281 0.173383 -0.383293 False
0.650812 0.173320 -0.383748 False
0.655484 0.173065 -0.385757 False
0.651483 0.172942 -0.383936 False
0.652796 0.173560 -0.382102 False
0.650171 0.173042 -0.382010 False
0.649276 0.173260 -0.382343 False
0.648981 0.173281 -0.383026 False
0.646368 0.173879 -0.382833 False
0.647723 0.173940 -0.380689 False
0.647951 0.173591 -0.381822 False
0.648272 0.173795 -0.382330 False
0.648841 0.173397 -0.382177 False
0.651082 0.173093 -0.382551 False
0.658862 0.173068 -0.382244 False
0.651460 0.173346 -0.383544 False
0.648367 0.173947 -0.383676 False
0.647505 0.175890 -0.383728 False
0.644934 0.174600 -0.385882 False
0.654483 0.174385 -0.388374 False
0.652152 0.174649 -0.384043 False
0.658102 0.174559 -0.382369 False
0.646322 0.173911 -0.384688 False
0.647127 0.174092 -0.382905 False
0.648082 0.173978 -0.383146 False
0.648187 0.173632 -0.381525 False
0.650788 0.172689 -0.383508 False
0.659119 0.175545 -0.380536 False
0.651528 0.174195 -0.378800 False
0.649781 0.174483 -0.381579 False
0.652171 0.174028 -0.383287 False
0.650555 0.173500 -0.385557 False
0.649146 0.173576 -0.384135 False
0.648648 0.173625 -0.383664 False
0.648951 0.174418 -0.383885 False
0.649135 0.174235 -0.385046 False
0.649509 0.174003 -0.383703 False
0.650261 0.173689 -0.383165 False
0.653121 0.174079 -0.383462 False
0.654714 0.174183 -0.384109 False
0.656408 0.174314 -0.386392 False
0.651389 0.174551 -0.383532 False
0.649302 0.174098 -0.382802 False
0.646237 0.173508 -0.383559 False
0.648586 0.173661 -0.383486 False
0.649068 0.174487 -0.383559 False
0.649256 0.174510 -0.382975 False
0.649101 0.173844 -0.382603 False
0.649539 0.174549 -0.382469 False
0.650185 0.174759 -0.382842 False
0.650793 0.174794 -0.382246 False
0.649985 0.174702 -0.382776 False
0.651873 0.174253 -0.383647 False
0.649254 0.173717 -0.387029 False
0.648948 0.172259 -0.399515 False
0.648439 0.173715 -0.387867 False
0.649305 0.173966 -0.388214 False
0.652124 0.172152 -0.401128 False
0.659744 0.173052 -0.394920 False
0.652101 0.173562 -0.398510 False
0.645856 0.174462 -0.386418 False
0.646571 0.174403 -0.384786 False
0.646518 0.174461 -0.384445 False
0.645276 0.173600 -0.381880 False
0.647996 0.173306 -0.380874 False
0.651327 0.173059 -0.385275 False
0.649562 0.173200 -0.397454 False
0.651968 0.173864 -0.386260 False
0.654086 0.173632 -0.382023 False
0.658583 0.173950 -0.381828 False
0.651983 0.173918 -0.383951 False
0.652191 0.173476 -0.382639 False
0.652068 0.173171 -0.382568 False
0.650244 0.173162 -0.386523 False
0.652822 0.171874 -0.404341 False
0.655183 0.172604 -0.406912 False
0.661322 0.172671 -0.406625 False
0.654972 0.173135 -0.402972 False
0.652322 0.173803 -0.388953 False
0.653259 0.173316 -0.393617 False
0.653327 0.173535 -0.387041 False
0.652875 0.173341 -0.382719 False
0.653238 0.173882 -0.382010 False
0.655609 0.173499 -0.382249 False
0.661678 0.173362 -0.381889 False
0.662088 0.173135 -0.381957 False
0.656854 0.172313 -0.385593 False
0.662892 0.170199 -0.398335 False
0.662800 0.172922 -0.386862 False
0.661526 0.173423 -0.383344 False
0.652786 0.173930 -0.382552 False
0.645124 0.174057 -0.382404 False
0.660496 0.174062 -0.381498 False
0.664422 0.173973 -0.381275 False
0.664525 0.173535 -0.382177 False
0.665075 0.173224 -0.385592 False
0.663728 0.172288 -0.386966 False
0.663340 0.170024 -0.398411 False
0.656953 0.172423 -0.386335 False
0.665097 0.172505 -0.385261 False
0.663444 0.172828 -0.383628 False
0.657192 0.172694 -0.384688 False
0.663180 0.172868 -0.383262 False
0.664513 0.173170 -0.383886 False
0.660749 0.172795 -0.388009 False
0.664698 0.172056 -0.386969 False
0.668081 0.170254 -0.398353 False
0.665820 0.172480 -0.387206 False
0.664982 0.172912 -0.386222 False
0.664391 0.173068 -0.388246 False
0.660432 0.173205 -0.394510 False
0.664626 0.171142 -0.401958 False
0.661581 0.172093 -0.393764 False
0.665676 0.169649 -0.404308 False
0.667203 0.169231 -0.406704 False
0.667566 0.170330 -0.403701 False
0.668595 0.171865 -0.391067 False
0.668293 0.171446 -0.399472 False
0.667001 0.172790 -0.390397 False
0.665154 0.171261 -0.398548 False
0.655789 0.173373 -0.388155 False
0.653842 0.173936 -0.383277 False
0.653283 0.173899 -0.382449 False
0.652677 0.173415 -0.382392 False
0.652533 0.173904 -0.382404 False
0.651662 0.174039 -0.382464 False
0.649226 0.173910 -0.383141 False
0.662400 0.173129 -0.387029 False
0.666669 0.170478 -0.398020 False
0.666974 0.173123 -0.385581 False
0.666443 0.173799 -0.383310 False
0.658155 0.173245 -0.386539 False
0.663653 0.170778 -0.398449 False
0.655300 0.173215 -0.387100 False
0.652331 0.173705 -0.385403 False
0.660064 0.172893 -0.383532 False
0.656334 0.173116 -0.387468 False
0.660681 0.170923 -0.404498 False
0.667139 0.169876 -0.408154 False
0.666546 0.170915 -0.408770 False
0.665913 0.170333 -0.404586 False
0.656401 0.173242 -0.390203 False
0.654279 0.173783 -0.386504 False
0.655792 0.172794 -0.387775 False
0.659482 0.170264 -0.404787 False
0.637065 0.169790 -0.410861 False
0.648424 0.172204 -0.389556 False
0.651909 0.172943 -0.383857 False
0.651468 0.173200 -0.384812 False
0.646248 0.173692 -0.383705 False
0.648790 0.173184 -0.385086 False
0.657545 0.173047 -0.392921 False
0.665454 0.173161 -0.385241 False
0.663574 0.173821 -0.382586 False
0.654198 0.174056 -0.382871 False
0.650223 0.174201 -0.388177 False
0.651599 0.174499 -0.398150 False
0.654125 0.174188 -0.386335 False
0.653005 0.174081 -0.382904 False
0.650033 0.174102 -0.382442 False
0.651433 0.174449 -0.382156 False
0.652069 0.174104 -0.382154 False
0.651430 0.174032 -0.382202 False
0.647549 0.173891 -0.382277 False
0.651143 0.173504 -0.382231 False
0.652467 0.173932 -0.382218 False
0.652452 0.174115 -0.382207 False
0.652430 0.174319 -0.381979 False
0.652485 0.173600 -0.382004 False
0.652493 0.174428 -0.382159 False
0.651620 0.174595 -0.382890 False
0.656786 0.174199 -0.386452 False
0.646068 0.173805 -0.392259 False
0.658005 0.171431 -0.399845 False
0.650638 0.173324 -0.387567 False
0.661107 0.173702 -0.387164 False
0.665929 0.173051 -0.398262 False
0.665190 0.173008 -0.386802 False
0.655304 0.173160 -0.385962 False
0.652357 0.173653 -0.388924 False
0.651375 0.173317 -0.399851 False
0.649947 0.173547 -0.393683 False
0.652248 0.172587 -0.401168 False
0.653143 0.173468 -0.387233 False
0.656106 0.173006 -0.386424 False
0.653587 0.172603 -0.386227 False
0.652553 0.173406 -0.385444 False
0.652691 0.172694 -0.383749 False
0.651840 0.173098 -0.385033 False
0.649215 0.173800 -0.385307 False
0.648728 0.173853 -0.384752 False
0.649070 0.173476 -0.382698 False
0.651425 0.174413 -0.385247 False
0.652088 0.174551 -0.387885 False
0.652292 0.174125 -0.394437 False
0.652571 0.174055 -0.384743 False
0.652941 0.174035 -0.383041 False
0.651243 0.174077 -0.384230 False
0.646876 0.174332 -0.382809 False
0.648927 0.173651 -0.384584 False
0.652077 0.173913 -0.384755 False
0.651763 0.173998 -0.385381 False
0.649868 0.174036 -0.389272 False
0.651724 0.174152 -0.402781 False
0.652090 0.174574 -0.406370 False
0.651469 0.174589 -0.406421 False
0.649438 0.174278 -0.402833 False
0.651296 0.174608 -0.390463 False
0.652935 0.174708 -0.385608 False
0.652749 0.174716 -0.382828 False
0.652036 0.174607 -0.382374 False
0.647899 0.174136 -0.384657 False
0.647410 0.173845 -0.385093 False
0.648369 0.173151 -0.385431 False
0.650095 0.173116 -0.385044 False
0.650016 0.172980 -0.383292 False
0.652482 0.173016 -0.382341 False
0.652407 0.173168 -0.383220 False
0.651958 0.173698 -0.388507 False
0.648939 0.173370 -0.399182 False
0.649261 0.173918 -0.391316 False
0.652447 0.174163 -0.396202 False
0.652794 0.174527 -0.404606 False
0.652305 0.174219 -0.406706 False
0.651340 0.174137 -0.406262 False
0.647704 0.173960 -0.403436 False
0.653834 0.173142 -0.393547 False
0.662530 0.170367 -0.399501 False
0.655365 0.173138 -0.386809 False
0.653422 0.173807 -0.385852 False
0.655192 0.173176 -0.386545 False
0.661669 0.170500 -0.398547 False
0.656970 0.172494 -0.388701 False
0.661462 0.173548 -0.383984 False
0.654038 0.173217 -0.383071 False
0.660906 0.173433 -0.387160 False
0.653609 0.173889 -0.398546 False
0.649467 0.173913 -0.389530 False
0.647987 0.173619 -0.384562 False
0.648359 0.174047 -0.385841 False
0.650821 0.174391 -0.387505 False
0.651929 0.173341 -0.398467 False
0.651782 0.173233 -0.389055 False
0.649945 0.173818 -0.383879 False
0.652280 0.173845 -0.383892 False
0.652420 0.173338 -0.389140 False
0.652179 0.173575 -0.399243 False
0.652588 0.172881 -0.389382 False
0.652494 0.173759 -0.384122 False
0.653091 0.174056 -0.382276 False
