0.001379 0.000356 -0.000252 False
0.019775 0.006011 -0.003466 False
0.038179 0.011696 -0.006666 False
0.056590 0.017411 -0.009852 False
0.075006 0.023154 -0.013023 False
0.093427 0.028926 -0.016179 False
0.111853 0.034727 -0.019322 False
0.130282 0.040555 -0.022449 False
0.148713 0.046410 -0.025563 False
0.167147 0.052292 -0.028662 False
0.185581 0.058201 -0.031746 False
0.204015 0.064135 -0.034816 False
0.222448 0.070095 -0.037872 False
0.240879 0.076080 -0.040913 False
0.259308 0.082089 -0.043939 False
0.277734 0.088122 -0.046951 False
0.296156 0.094179 -0.049949 False
0.314572 0.100259 -0.052932 False
0.332983 0.106362 -0.055900 False
0.351387 0.112487 -0.058853 False
0.369784 0.118634 -0.061792 False
0.388173 0.124802 -0.064717 False
0.406552 0.130991 -0.067626 False
0.424921 0.137201 -0.070521 False
0.443280 0.143430 -0.073402 False
0.461627 0.149679 -0.076267 False
0.479961 0.155947 -0.079118 False
0.498282 0.162234 -0.081954 False
0.516589 0.168538 -0.084775 False
0.534881 0.174861 -0.087582 False
0.553158 0.181201 -0.090373 False
0.571417 0.187557 -0.093150 False
0.589659 0.193930 -0.095912 False
0.607883 0.200319 -0.098659 False
0.626088 0.206723 -0.101392 False
0.644273 0.213142 -0.104109 False
0.662437 0.219576 -0.106811 False
0.680580 0.226024 -0.109499 False
0.698700 0.232485 -0.112172 False
0.716796 0.238959 -0.114829 False
0.734869 0.245447 -0.117472 False
0.752917 0.251946 -0.120100 False
0.770939 0.258457 -0.122712 False
0.788934 0.264980 -0.125310 False
0.806902 0.271513 -0.127892 False
0.824842 0.278057 -0.130460 False
0.842752 0.284611 -0.133012 False
0.860633 0.291174 -0.135550 False
0.878482 0.297747 -0.138072 False
0.896301 0.304328 -0.140579 False
0.914087 0.310917 -0.143071 False
0.931839 0.317514 -0.145548 False
0.949558 0.324118 -0.148010 False
0.967241 0.330729 -0.150456 False
0.984889 0.337346 -0.152887 False
1.002500 0.343969 -0.155303 False
1.020074 0.350598 -0.157704 False
1.037609 0.357231 -0.160089 False
1.055106 0.363869 -0.162459 False
1.072562 0.370511 -0.164814 False
1.089978 0.377157 -0.167154 False
1.107352 0.383806 -0.169478 False
1.124684 0.390457 -0.171787 False
1.141973 0.397111 -0.174080 False
1.159217 0.403766 -0.176358 False
1.176417 0.410423 -0.178621 False
1.193571 0.417081 -0.180868 False
1.210678 0.423739 -0.183100 False
1.227738 0.430397 -0.185317 False
1.244749 0.437055 -0.187517 False
1.261712 0.443712 -0.189703 False
1.278625 0.450367 -0.191873 False
1.295486 0.457020 -0.194027 False
1.312297 0.463672 -0.196166 False
1.329055 0.470320 -0.198289 False
1.345760 0.476965 -0.200397 False
1.362410 0.483607 -0.202489 False
1.379006 0.490244 -0.204565 False
1.395546 0.496877 -0.206626 False
1.412030 0.503504 -0.208671 False
1.428456 0.510127 -0.210701 False
1.444824 0.516743 -0.212715 False
1.461133 0.523353 -0.214713 False
1.477382 0.529956 -0.216695 False
1.493570 0.536552 -0.218662 False
1.509697 0.543140 -0.220613 False
1.525761 0.549720 -0.222548 False
1.541762 0.556291 -0.224468 False
1.557699 0.562853 -0.226371 False
1.573571 0.569405 -0.228259 False
1.589378 0.575947 -0.230131 False
1.605118 0.582479 -0.231987 False
1.620791 0.589000 -0.233828 False
1.636395 0.595510 -0.235652 False
1.651930 0.602007 -0.237461 False
1.667396 0.608493 -0.239253 False
1.682791 0.614965 -0.241030 False
1.698114 0.621425 -0.242790 False
1.713365 0.627870 -0.244535 False
1.728543 0.634302 -0.246264 False
1.743646 0.640719 -0.247976 False
1.758675 0.647121 -0.249673 False
1.773629 0.653507 -0.251354 False
1.788505 0.659878 -0.253018 False
1.803305 0.666232 -0.254667 False
1.818026 0.672569 -0.256299 False
1.832668 0.678889 -0.257916 False
1.847230 0.685191 -0.259516 False
1.861712 0.691475 -0.261100 False
1.876112 0.697740 -0.262668 False
1.890429 0.703986 -0.264220 False
1.904664 0.710213 -0.265755 False
1.918814 0.716419 -0.267274 False
1.932880 0.722605 -0.268777 False
1.946860 0.728771 -0.270264 False
1.960754 0.734914 -0.271735 False
1.974560 0.741036 -0.273189 False
1.988278 0.747135 -0.274627 False
2.001907 0.753212 -0.276049 False
2.015446 0.759266 -0.277454 False
2.028895 0.765295 -0.278843 False
2.042252 0.771301 -0.280216 False
2.055516 0.777282 -0.281572 False
2.068688 0.783238 -0.282912 False
2.081766 0.789169 -0.284235 False
2.094748 0.795073 -0.285543 False
2.107635 0.800952 -0.286833 False
2.120426 0.806803 -0.288107 False
2.133119 0.812627 -0.289365 False
2.145714 0.818423 -0.290606 False
2.158211 0.824191 -0.291831 False
2.170607 0.829931 -0.293039 False
2.182903 0.835641 -0.294230 False
2.195097 0.841321 -0.295405 False
2.207189 0.846972 -0.296563 False
2.219177 0.852592 -0.297705 False
2.231062 0.858181 -0.298830 False
2.242842 0.863739 -0.299939 False
2.254516 0.869265 -0.301031 False
2.266084 0.874758 -0.302106 False
2.277545 0.880219 -0.303164 False
2.288897 0.885646 -0.304206 False
2.300141 0.891040 -0.305231 False
2.311274 0.896400 -0.306239 False
2.322297 0.901725 -0.307231 False
2.333209 0.907015 -0.308206 False
2.344008 0.912270 -0.309164 False
2.354694 0.917488 -0.310105 False
2.365267 0.922671 -0.311029 False
2.375724 0.927816 -0.311937 False
2.386066 0.932924 -0.312827 False
2.396291 0.937994 -0.313701 False
2.406399 0.943026 -0.314558 False
2.416389 0.948020 -0.315398 False
2.426260 0.952974 -0.316221 False
2.436011 0.957888 -0.317027 False
2.445642 0.962763 -0.317816 False
2.455151 0.967597 -0.318588 False
2.464538 0.972390 -0.319343 False
2.473802 0.977142 -0.320081 False
2.482942 0.981852 -0.320802 False
2.491957 0.986519 -0.321507 False
2.500846 0.991144 -0.322193 False
2.509609 0.995725 -0.322863 False
2.518245 1.000263 -0.323516 False
2.526752 1.004757 -0.324152 False
2.535131 1.009206 -0.324770 False
2.543380 1.013610 -0.325372 False
2.551498 1.017968 -0.325956 False
2.559485 1.022281 -0.326523 False
2.567340 1.026547 -0.327073 False
2.575061 1.030766 -0.327605 False
2.582649 1.034938 -0.328121 False
2.590102 1.039063 -0.328619 False
2.597419 1.043138 -0.329100 False
2.604600 1.047166 -0.329563 False
2.611644 1.051144 -0.330009 False
2.618549 1.055072 -0.330438 False
2.625316 1.058951 -0.330850 False
2.631943 1.062779 -0.331244 False
2.638429 1.066556 -0.331621 False
2.644774 1.070281 -0.331980 False
2.650977 1.073955 -0.332322 False
2.657036 1.077577 -0.332647 False
2.662952 1.081145 -0.332954 False
2.668723 1.084661 -0.333244 False
2.674348 1.088122 -0.333516 False
2.679827 1.091530 -0.333771 False
2.685159 1.094883 -0.334008 False
2.690342 1.098181 -0.334228 False
2.695377 1.101423 -0.334430 False
2.700262 1.104609 -0.334614 False
2.704996 1.107739 -0.334781 False
2.709579 1.110813 -0.334931 False
2.714010 1.113828 -0.335063 False
2.718288 1.116786 -0.335177 False
2.722412 1.119686 -0.335273 False
2.726381 1.122527 -0.335352 False
2.730195 1.125309 -0.335413 False
2.733852 1.128032 -0.335457 False
2.737352 1.130694 -0.335482 False
2.740694 1.133296 -0.335490 False
2.743877 1.135837 -0.335481 False
2.746900 1.138316 -0.335453 False
2.749763 1.140734 -0.335408 False
2.752464 1.143089 -0.335345 False
2.755004 1.145381 -0.335264 False
2.757380 1.147610 -0.335165 False
2.759592 1.149776 -0.335048 False
2.761640 1.151877 -0.334914 False
2.763522 1.153914 -0.334762 False
2.765237 1.155886 -0.334591 False
2.766786 1.157792 -0.334403 False
2.768166 1.159632 -0.334197 False
2.769378 1.161406 -0.333973 False
2.770420 1.163113 -0.333731 False
2.771291 1.164752 -0.333471 False
2.771991 1.166324 -0.333193 False
2.772519 1.167828 -0.332896 False
2.772874 1.169263 -0.332582 False
2.773055 1.170628 -0.332250 False
2.773061 1.171925 -0.331900 False
2.772891 1.173151 -0.331531 False
2.772546 1.174306 -0.331145 False
2.772023 1.175391 -0.330740 False
2.771322 1.176404 -0.330318 False
2.770442 1.177345 -0.329877 False
2.769383 1.178214 -0.329418 False
2.768143 1.179010 -0.328940 False
2.766722 1.179733 -0.328445 False
2.765118 1.180383 -0.327931 False
2.763332 1.180958 -0.327399 False
2.761362 1.181458 -0.326849 False
2.759207 1.181884 -0.326280 False
2.756866 1.182233 -0.325693 False
2.754340 1.182507 -0.325088 False
2.751626 1.182705 -0.324465 False
2.748724 1.182826 -0.323823 False
2.745633 1.182869 -0.323163 False
2.742352 1.182834 -0.322484 False
2.738881 1.182722 -0.321787 False
2.735219 1.182530 -0.321071 False
2.731365 1.182260 -0.320338 False
2.727317 1.181909 -0.319585 False
2.723076 1.181479 -0.318814 False
2.718640 1.180968 -0.318025 False
2.714009 1.180377 -0.317217 False
2.709181 1.179703 -0.316391 False
2.704156 1.178948 -0.315546 False
2.698933 1.178111 -0.314683 False
2.693512 1.177191 -0.313801 False
2.687890 1.176187 -0.312900 False
2.682069 1.175100 -0.311981 False
2.676045 1.173929 -0.311043 False
2.669820 1.172673 -0.310087 False
2.663392 1.171332 -0.309112 False
2.656760 1.169906 -0.308118 False
2.649923 1.168393 -0.307106 False
2.642881 1.166795 -0.306074 False
2.635633 1.165109 -0.305024 False
2.628177 1.163336 -0.303956 False
2.620514 1.161475 -0.302868 False
2.612641 1.159526 -0.301762 False
2.604559 1.157488 -0.300637 False
2.596267 1.155361 -0.299493 False
2.587763 1.153144 -0.298331 False
2.579047 1.150838 -0.297149 False
2.570118 1.148441 -0.295949 False
2.560976 1.145952 -0.294730 False
2.551619 1.143373 -0.293491 False
2.542046 1.140701 -0.292234 False
2.532257 1.137938 -0.290958 False
2.522251 1.135081 -0.289663 False
2.512027 1.132131 -0.288350 False
2.501584 1.129088 -0.287017 False
2.490921 1.125950 -0.285665 False
2.480039 1.122718 -0.284294 False
2.468934 1.119390 -0.282904 False
2.457608 1.115967 -0.281495 False
2.446059 1.112449 -0.280067 False
2.434286 1.108833 -0.278620 False
2.422288 1.105121 -0.277153 False
2.410065 1.101312 -0.275668 False
2.397616 1.097404 -0.274163 False
2.384940 1.093399 -0.272640 False
2.372035 1.089294 -0.271097 False
2.358902 1.085091 -0.269535 False
2.345539 1.080788 -0.267954 False
2.331946 1.076385 -0.266353 False
2.318122 1.071881 -0.264733 False
2.304065 1.067276 -0.263094 False
2.289776 1.062570 -0.261436 False
2.275253 1.057762 -0.259759 False
2.260495 1.052852 -0.258062 False
2.245502 1.047839 -0.256346 False
2.230273 1.042723 -0.254610 False
2.214806 1.037503 -0.252855 False
2.199102 1.032179 -0.251081 False
2.183158 1.026750 -0.249287 False
2.166976 1.021216 -0.247474 False
2.150552 1.015576 -0.245642 False
2.133888 1.009831 -0.243790 False
2.116982 1.003979 -0.241918 False
2.099832 0.998021 -0.240027 False
2.082439 0.991954 -0.238117 False
2.064801 0.985781 -0.236187 False
2.046918 0.979498 -0.234237 False
2.028789 0.973108 -0.232268 False
2.010412 0.966608 -0.230280 False
1.991788 0.959998 -0.228272 False
1.972915 0.953278 -0.226244 False
1.953792 0.946448 -0.224197 False
1.934419 0.939507 -0.222129 False
1.914795 0.932454 -0.220043 False
1.894919 0.925290 -0.217936 False
1.874790 0.918013 -0.215810 False
1.854407 0.910623 -0.213665 False
1.833769 0.903121 -0.211499 False
1.812876 0.895504 -0.209314 False
1.791727 0.887773 -0.207109 False
1.770321 0.879928 -0.204884 False
1.748657 0.871967 -0.202640 False
1.726734 0.863891 -0.200376 False
1.704552 0.855699 -0.198091 False
1.682109 0.847391 -0.195787 False
1.659405 0.838966 -0.193464 False
1.636439 0.830423 -0.191120 False
1.613211 0.821762 -0.188756 False
1.589718 0.812984 -0.186373 False
1.565961 0.804086 -0.183969 False
1.541939 0.795070 -0.181546 False
1.517650 0.785933 -0.179103 False
1.493094 0.776677 -0.176639 False
1.468271 0.767300 -0.174156 False
1.443179 0.757802 -0.171652 False
1.417817 0.748183 -0.169129 False
1.392185 0.738442 -0.166586 False
1.366282 0.728579 -0.164022 False
1.340106 0.718592 -0.161439 False
1.313658 0.708483 -0.158835 False
1.286936 0.698249 -0.156211 False
1.259940 0.687892 -0.153567 False
1.232668 0.677410 -0.150903 False
1.205120 0.666803 -0.148219 False
1.177295 0.656070 -0.145515 False
1.149192 0.645211 -0.142790 False
1.120811 0.634226 -0.140045 False
1.092150 0.623114 -0.137280 False
1.063208 0.611875 -0.134495 False
1.033986 0.600508 -0.131689 False
1.004481 0.589012 -0.128863 False
0.974694 0.577388 -0.126017 False
0.944623 0.565635 -0.123151 False
0.914267 0.553752 -0.120264 False
0.883626 0.541739 -0.117357 False
0.852699 0.529596 -0.114429 False
0.821485 0.517321 -0.111481 False
0.789983 0.504915 -0.108513 False
0.758193 0.492377 -0.105524 False
0.726113 0.479707 -0.102515 False
0.693742 0.466904 -0.099485 False
0.661081 0.453968 -0.096435 False
0.628127 0.440898 -0.093364 False
0.594881 0.427694 -0.090273 False
0.561341 0.414355 -0.087161 False
0.527506 0.400881 -0.084029 False
0.493376 0.387271 -0.080876 False
0.458950 0.373526 -0.077703 False
0.424227 0.359644 -0.074509 False
0.389207 0.345625 -0.071294 False
0.353887 0.331469 -0.068059 False
0.318268 0.317175 -0.064803 False
0.282349 0.302743 -0.061527 False
0.246069 0.288141 -0.058224 False
0.209777 0.273530 -0.054925 False
0.173488 0.258915 -0.051632 False
0.137217 0.244303 -0.048345 False
0.100979 0.229699 -0.045067 False
0.064789 0.215111 -0.041798 False
0.028663 0.200543 -0.038539 False
-0.007385 0.186003 -0.035293 False
-0.043340 0.171495 -0.032059 False
-0.079187 0.157027 -0.028840 False
-0.114910 0.142603 -0.025637 False
-0.150495 0.128231 -0.022450 False
-0.185926 0.113916 -0.019282 False
-0.221189 0.099665 -0.016134 False
-0.256269 0.085482 -0.013006 False
-0.291149 0.071376 -0.009900 False
-0.325817 0.057350 -0.006818 False
-0.360255 0.043413 -0.003760 False
-0.394451 0.029568 -0.000728 False
-0.428387 0.015824 0.002277 False
-0.462050 0.002185 0.005253 False
-0.495424 -0.011342 0.008199 False
-0.528494 -0.024751 0.011115 False
-0.561245 -0.038037 0.013998 False
-0.593663 -0.051192 0.016847 False
-0.625731 -0.064211 0.019662 False
-0.657436 -0.077089 0.022441 False
-0.688762 -0.089818 0.025182 False
-0.719694 -0.102393 0.027885 False
-0.750217 -0.114808 0.030548 False
-0.780315 -0.127056 0.033169 False
-0.809975 -0.139132 0.035748 False
-0.839180 -0.151030 0.038283 False
-0.867917 -0.162743 0.040773 False
-0.896169 -0.174266 0.043217 False
-0.923922 -0.185592 0.045613 False
-0.951161 -0.196716 0.047961 False
-0.977870 -0.207630 0.050258 False
-1.004035 -0.218330 0.052504 False
-1.029641 -0.228810 0.054697 False
-1.054672 -0.239062 0.056836 False
-1.079114 -0.249082 0.058920 False
-1.102951 -0.258862 0.060947 False
-1.126169 -0.268398 0.062917 False
-1.148752 -0.277682 0.064827 False
-1.170686 -0.286709 0.066677 False
-1.191955 -0.295473 0.068466 False
-1.212544 -0.303968 0.070191 False
-1.232439 -0.312187 0.071853 False
-1.251624 -0.320125 0.073449 False
-1.270084 -0.327776 0.074978 False
-1.287805 -0.335133 0.076439 False
-1.304771 -0.342190 0.077831 False
-1.320966 -0.348942 0.079152 False
-1.336377 -0.355382 0.080402 False
-1.350988 -0.361505 0.081578 False
-1.364784 -0.367303 0.082680 False
-1.377750 -0.372772 0.083706 False
-1.389871 -0.377905 0.084656 False
-1.401132 -0.382696 0.085527 False
-1.411518 -0.387139 0.086318 False
-1.421014 -0.391228 0.087029 False
-1.429604 -0.394957 0.087658 False
-1.437275 -0.398319 0.088204 False
-1.444010 -0.401309 0.088665 False
-1.449795 -0.403921 0.089040 False
-1.454614 -0.406149 0.089327 False
-1.458453 -0.407986 0.089527 False
-1.461297 -0.409427 0.089637 False
-1.463130 -0.410465 0.089655 False
-1.463938 -0.411094 0.089582 False
-1.463705 -0.411309 0.089415 False
-1.462417 -0.411104 0.089153 False
-1.460059 -0.410471 0.088795 False
-1.456614 -0.409405 0.088340 False
-1.452069 -0.407901 0.087786 False
-1.446409 -0.405952 0.087132 False
-1.439617 -0.403552 0.086377 False
-1.431680 -0.400694 0.085520 False
-1.422583 -0.397374 0.084559 False
-1.412309 -0.393584 0.083493 False
-1.400845 -0.389319 0.082320 False
-1.388174 -0.384573 0.081040 False
-1.374283 -0.379340 0.079651 False
-1.359156 -0.373613 0.078152 False
-1.342778 -0.367387 0.076542 False
-1.325134 -0.360655 0.074819 False
-1.306209 -0.353411 0.072982 False
-1.285987 -0.345650 0.071030 False
-1.264455 -0.337365 0.068961 False
-1.241596 -0.328551 0.066775 False
-1.217397 -0.319201 0.064469 False
-1.191841 -0.309308 0.062043 False
-1.164914 -0.298868 0.059496 False
-1.136600 -0.287874 0.056825 False
-1.106885 -0.276320 0.054031 False
-1.075754 -0.264200 0.051111 False
-1.043192 -0.251507 0.048064 False
-1.009183 -0.238237 0.044890 False
-0.973712 -0.224382 0.041586 False
-0.936765 -0.209937 0.038152 False
-0.898327 -0.194895 0.034585 False
-0.858381 -0.179251 0.030886 False
-0.816915 -0.162998 0.027053 False
-0.773911 -0.146131 0.023083 False
-0.729356 -0.128644 0.018977 False
-0.683235 -0.110529 0.014733 False
-0.635531 -0.091782 0.010349 False
-0.586231 -0.072396 0.005824 False
-0.535319 -0.052365 0.001158 False
-0.482780 -0.031684 -0.003652 False
-0.428599 -0.010345 -0.008606 False
-0.372762 0.011657 -0.013707 False
-0.315252 0.034327 -0.018954 False
-0.256055 0.057673 -0.024350 False
-0.195157 0.081700 -0.029895 False
-0.132541 0.106415 -0.035592 False
-0.068193 0.131822 -0.041440 False
-0.002098 0.157929 -0.047442 False
0.065759 0.184742 -0.053599 False
0.135393 0.212265 -0.059912 False
0.206820 0.240507 -0.066382 False
0.280054 0.269472 -0.073011 False
0.355110 0.299167 -0.079800 False
0.432004 0.329597 -0.086750 False
0.521753 0.366892 -0.094183 False
0.534519 0.378340 -0.090657 False
0.637146 0.365078 -0.139031 False
0.717113 0.343017 -0.188463 False
0.735705 0.316914 -0.203612 False
0.751120 0.294213 -0.215893 False
0.763287 0.275184 -0.225142 False
0.772139 0.260098 -0.231194 False
0.777606 0.249227 -0.233885 False
0.779620 0.242841 -0.233051 False
0.777239 0.242415 -0.227288 False
0.775497 0.242013 -0.223058 False
0.774556 0.241654 -0.220477 False
0.774579 0.241359 -0.219661 False
0.775729 0.241147 -0.220723 False
0.779496 0.241112 -0.225681 False
0.776630 0.240599 -0.222786 False
0.776531 0.241142 -0.220838 False
0.781876 0.244275 -0.219166 False
0.775860 0.240440 -0.223846 False
0.775572 0.241106 -0.222671 False
0.775435 0.240231 -0.224825 False
0.776908 0.242172 -0.222948 False
0.775896 0.241693 -0.222044 False
0.775562 0.241335 -0.221521 False
0.776005 0.241113 -0.221413 False
0.777592 0.241085 -0.221875 False
0.778845 0.241049 -0.222274 False
0.779791 0.241012 -0.222613 False
0.780457 0.240980 -0.222897 False
0.780869 0.240961 -0.223130 False
0.781054 0.240962 -0.223315 False
0.781039 0.240992 -0.223457 False
0.780851 0.241056 -0.223559 False
0.780516 0.241163 -0.223626 False
0.780060 0.241319 -0.223661 False
0.779512 0.241533 -0.223669 False
0.778897 0.241811 -0.223654 False
0.778242 0.242161 -0.223619 False
0.777574 0.242590 -0.223568 False
0.776919 0.243106 -0.223507 False
0.776322 0.243762 -0.223440 False
0.775709 0.244325 -0.223359 False
0.775103 0.244792 -0.223267 False
0.774524 0.245161 -0.223168 False
0.773997 0.245429 -0.223065 False
0.773542 0.245594 -0.222962 False
0.773183 0.245653 -0.222862 False
0.772941 0.245604 -0.222768 False
0.772838 0.245445 -0.222685 False
0.772897 0.245172 -0.222614 False
0.773139 0.244785 -0.222561 False
0.773588 0.244280 -0.222528 False
0.774265 0.243654 -0.222519 False
0.775192 0.242906 -0.222537 False
0.776392 0.242034 -0.222585 False
0.778268 0.240803 -0.222536 False
0.778610 0.240400 -0.223097 False
0.776575 0.241327 -0.224978 False
0.776786 0.240932 -0.223758 False
0.778325 0.241112 -0.224006 False
0.779429 0.241112 -0.225265 False
0.775731 0.240899 -0.222917 False
0.781418 0.244969 -0.226112 False
0.778914 0.241043 -0.223382 False
0.776586 0.242749 -0.223264 False
0.774156 0.241701 -0.220696 False
0.776522 0.241113 -0.223949 False
0.775737 0.244444 -0.228040 False
0.775184 0.241292 -0.220989 False
0.775750 0.241442 -0.224670 False
0.776590 0.240933 -0.223451 False
0.776249 0.243715 -0.225981 False
0.776252 0.244181 -0.226221 False
0.776119 0.240488 -0.222740 False
0.780850 0.243516 -0.222939 False
0.776243 0.240523 -0.224909 False
0.776788 0.243741 -0.223925 False
0.779492 0.241431 -0.222949 False
0.776778 0.240231 -0.225898 False
0.777418 0.240932 -0.225826 False
0.778949 0.240231 -0.223709 False
0.780854 0.240330 -0.224220 False
0.780667 0.240510 -0.224606 False
0.780280 0.240623 -0.224820 False
0.779686 0.240665 -0.224853 False
0.778878 0.240632 -0.224697 False
0.777847 0.240522 -0.224340 False
0.776586 0.240330 -0.223775 False
0.774684 0.239968 -0.222830 False
0.774499 0.239872 -0.222358 False
0.776131 0.240056 -0.222384 False
0.781300 0.240365 -0.223479 False
0.779537 0.242510 -0.221853 False
0.775477 0.241735 -0.222758 False
0.780003 0.239748 -0.224437 False
0.777446 0.242975 -0.222755 False
0.776641 0.242321 -0.225481 False
0.776013 0.241697 -0.226598 False
0.775573 0.241107 -0.226015 False
0.775310 0.240453 -0.222494 False
0.775427 0.240231 -0.222760 False
0.775433 0.241112 -0.223764 False
0.777567 0.239711 -0.222760 False
0.775569 0.240296 -0.224382 False
0.778312 0.241106 -0.223924 False
0.777948 0.240453 -0.226062 False
0.778074 0.241182 -0.224650 False
0.778061 0.240152 -0.224402 False
0.778164 0.240932 -0.225082 False
0.782417 0.244204 -0.225251 False
0.786124 0.247049 -0.225380 False
0.789245 0.249440 -0.225467 False
0.791738 0.251347 -0.225509 False
0.793561 0.252741 -0.225504 False
0.794674 0.253593 -0.225450 False
0.795035 0.253874 -0.225344 False
0.794603 0.253555 -0.225185 False
0.793336 0.252606 -0.224970 False
0.791193 0.251000 -0.224697 False
0.788133 0.248707 -0.224364 False
0.784114 0.245697 -0.223968 False
0.776880 0.240793 -0.223053 False
0.783255 0.240897 -0.224701 False
0.778057 0.241182 -0.225819 False
0.777997 0.240231 -0.223460 False
0.782165 0.241142 -0.224438 False
0.782617 0.242154 -0.225497 False
0.780370 0.241743 -0.224832 False
0.777170 0.241043 -0.223433 False
0.775980 0.241141 -0.222529 False
0.775954 0.241182 -0.221363 False
0.777170 0.241141 -0.226199 False
0.777705 0.240196 -0.222155 False
0.778207 0.240453 -0.224237 False
0.776385 0.241264 -0.224016 False
0.780498 0.241182 -0.222217 False
0.784742 0.241112 -0.224660 False
0.777061 0.240231 -0.220877 False
0.778872 0.241113 -0.217773 False
0.779270 0.243779 -0.222971 False
0.777090 0.242975 -0.224353 False
0.777281 0.240688 -0.223293 False
0.778180 0.240793 -0.225453 False
0.776942 0.241182 -0.225409 False
0.779479 0.241112 -0.223609 False
0.776682 0.240405 -0.223461 False
0.776594 0.240932 -0.223668 False
0.775957 0.241043 -0.226235 False
0.776214 0.241043 -0.223956 False
0.777282 0.240897 -0.223597 False
0.777173 0.240231 -0.223808 False
0.777283 0.241113 -0.224130 False
0.781839 0.242041 -0.222872 False
0.777975 0.240231 -0.223775 False
0.777450 0.241743 -0.223416 False
0.775981 0.240231 -0.224537 False
0.778136 0.240230 -0.224404 False
0.777201 0.240933 -0.226072 False
0.783264 0.243605 -0.222977 False
0.779386 0.241258 -0.224186 False
0.778867 0.241743 -0.224175 False
0.777312 0.241161 -0.223490 False
0.777617 0.241112 -0.223841 False
0.776032 0.240453 -0.224684 False
0.777486 0.241112 -0.223979 False
0.776522 0.241113 -0.224395 False
0.777115 0.241113 -0.219403 False
0.775694 0.241112 -0.223840 False
0.775383 0.240740 -0.223973 False
0.775145 0.240424 -0.224115 False
0.774984 0.240166 -0.224266 False
0.774904 0.239972 -0.224427 False
0.774909 0.239844 -0.224597 False
0.775005 0.239787 -0.224777 False
0.775196 0.239803 -0.224968 False
0.775486 0.239896 -0.225168 False
0.775879 0.240071 -0.225378 False
0.776380 0.240330 -0.225599 False
0.777020 0.240701 -0.225834 False
0.777651 0.241067 -0.226064 False
0.778271 0.241427 -0.226287 False
0.778878 0.241780 -0.226503 False
0.779470 0.242123 -0.226711 False
0.780043 0.242457 -0.226911 False
0.780596 0.242780 -0.227101 False
0.781126 0.243090 -0.227282 False
0.781630 0.243387 -0.227452 False
0.782107 0.243668 -0.227610 False
0.782554 0.243934 -0.227757 False
0.782968 0.244183 -0.227890 False
0.783347 0.244412 -0.228011 False
0.783688 0.244622 -0.228117 False
0.783990 0.244812 -0.228208 False
0.784250 0.244978 -0.228284 False
0.784465 0.245122 -0.228343 False
0.784632 0.245240 -0.228385 False
0.784750 0.245333 -0.228410 False
0.784816 0.245398 -0.228416 False
0.784828 0.245435 -0.228403 False
0.784783 0.245442 -0.228370 False
0.784679 0.245418 -0.228317 False
0.784513 0.245363 -0.228242 False
0.784283 0.245273 -0.228146 False
0.783987 0.245150 -0.228027 False
0.783621 0.244990 -0.227884 False
0.783184 0.244793 -0.227717 False
0.782674 0.244558 -0.227526 False
0.782087 0.244283 -0.227309 False
0.781422 0.243968 -0.227066 False
0.780676 0.243610 -0.226796 False
0.779846 0.243210 -0.226498 False
0.778930 0.242764 -0.226172 False
0.777927 0.242273 -0.225817 False
0.776832 0.241735 -0.225433 False
0.775028 0.241112 -0.224809 False
0.777349 0.240301 -0.225569 False
0.775825 0.241442 -0.224672 False
0.775951 0.241161 -0.223738 False
0.776388 0.240300 -0.224265 False
0.774377 0.239558 -0.224887 False
0.776836 0.240932 -0.224014 False
0.773985 0.241700 -0.224428 False
0.775445 0.239911 -0.223926 False
0.776520 0.240121 -0.224257 False
0.775985 0.240453 -0.224341 False
0.778248 0.241735 -0.224181 False
0.776520 0.240758 -0.223680 False
0.775308 0.240453 -0.223917 False
0.776582 0.240453 -0.223855 False
0.778801 0.241403 -0.223726 False
0.778606 0.240556 -0.223917 False
0.775850 0.239216 -0.222854 False
0.776912 0.240280 -0.223973 False
0.776781 0.241161 -0.224919 False
0.774906 0.240487 -0.223180 False
0.775455 0.240265 -0.224014 False
0.776103 0.240331 -0.223956 False
0.782613 0.243377 -0.224532 False
0.777731 0.241844 -0.221393 False
0.777340 0.240301 -0.225589 False
0.776162 0.244095 -0.224017 False
0.775361 0.241113 -0.225759 False
0.775111 0.240188 -0.224592 False
0.776584 0.240427 -0.223254 False
0.781660 0.243034 -0.221061 False
0.778210 0.241029 -0.222362 False
0.776169 0.240081 -0.223419 False
0.775623 0.240246 -0.224214 False
0.777181 0.242279 -0.224727 False
0.777880 0.242645 -0.224965 False
0.777686 0.240330 -0.224853 False
0.775857 0.240231 -0.224207 False
0.775696 0.241986 -0.226883 False
0.778131 0.242636 -0.225454 False
0.779033 0.242749 -0.224438 False
0.777949 0.242150 -0.223960 False
0.776899 0.241569 -0.223499 False
0.775888 0.241009 -0.223058 False
0.774922 0.240473 -0.222639 False
0.774006 0.239964 -0.222243 False
0.773145 0.239484 -0.221873 False
0.772344 0.239035 -0.221532 False
0.771609 0.238620 -0.221220 False
0.770945 0.238242 -0.220941 False
0.770357 0.237903 -0.220696 False
0.769851 0.237606 -0.220488 False
0.769431 0.237353 -0.220319 False
0.769104 0.237147 -0.220191 False
0.768873 0.236990 -0.220105 False
0.768746 0.236885 -0.220065 False
0.768726 0.236835 -0.220072 False
0.768819 0.236842 -0.220128 False
0.769031 0.236908 -0.220236 False
0.769367 0.237037 -0.220397 False
0.769831 0.237230 -0.220615 False
0.770430 0.237491 -0.220890 False
0.771168 0.237822 -0.221225 False
0.772051 0.238225 -0.221623 False
0.773084 0.238703 -0.222085 False
0.774272 0.239258 -0.222613 False
0.775621 0.239894 -0.223210 False
0.777136 0.240612 -0.223877 False
0.779826 0.241874 -0.224456 False
0.775281 0.240481 -0.226370 False
0.780708 0.241600 -0.226791 False
0.780620 0.239314 -0.223932 False
0.777940 0.239772 -0.224284 False
0.777112 0.240091 -0.224340 False
0.778826 0.239908 -0.224104 False
0.780634 0.241874 -0.222565 False
0.775477 0.240454 -0.226379 False
0.776244 0.244147 -0.224969 False
0.777459 0.241142 -0.218663 False
0.781725 0.241141 -0.224128 False
0.782680 0.241379 -0.223299 False
0.776362 0.241396 -0.223395 False
0.776768 0.244073 -0.225261 False
0.776565 0.241258 -0.224816 False
0.782086 0.242144 -0.224407 False
0.780216 0.239948 -0.221806 False
0.780518 0.241142 -0.225322 False
0.782689 0.245712 -0.221240 False
0.776243 0.241142 -0.223076 False
0.782024 0.242941 -0.224898 False
0.780301 0.242913 -0.226250 False
0.775858 0.240522 -0.219889 False
0.776842 0.240557 -0.224214 False
0.775453 0.240231 -0.224571 False
0.777700 0.240522 -0.221045 False
0.778898 0.241106 -0.218537 False
0.775458 0.240231 -0.221152 False
0.781840 0.245351 -0.222384 False
0.777521 0.241142 -0.224129 False
0.778865 0.243279 -0.226209 False
0.778557 0.240406 -0.224329 False
0.776317 0.244242 -0.225671 False
0.775234 0.243675 -0.226410 False
0.776094 0.240126 -0.224330 False
0.779164 0.241107 -0.224495 False
0.777982 0.244548 -0.226291 False
0.775002 0.242132 -0.227762 False
0.781157 0.244718 -0.224545 False
0.778995 0.240988 -0.224815 False
0.777664 0.240453 -0.223847 False
0.777615 0.242122 -0.225220 False
0.779957 0.241327 -0.224467 False
0.777992 0.241107 -0.226000 False
0.779293 0.240405 -0.225084 False
0.776813 0.240126 -0.222701 False
0.781341 0.242472 -0.225007 False
0.775572 0.240231 -0.221516 False
0.775885 0.241230 -0.225164 False
0.782496 0.241086 -0.221528 False
0.776759 0.240231 -0.224531 False
0.776531 0.240498 -0.220302 False
0.778153 0.240370 -0.225256 False
0.781442 0.240440 -0.224705 False
0.782831 0.240453 -0.222918 False
0.776243 0.239244 -0.222245 False
0.781442 0.239413 -0.222704 False
0.776103 0.241141 -0.223599 False
0.777282 0.240405 -0.222759 False
0.775339 0.240126 -0.220536 False
0.781265 0.241141 -0.224943 False
0.780518 0.240091 -0.224399 False
0.782604 0.240487 -0.223460 False
0.779294 0.240330 -0.228970 False
0.776911 0.240126 -0.222551 False
0.783160 0.243138 -0.224595 False
0.781157 0.245020 -0.222048 False
0.774794 0.240126 -0.223964 False
0.777544 0.241333 -0.225458 False
0.777501 0.240231 -0.221717 False
0.775313 0.240688 -0.221454 False
0.780599 0.241170 -0.222754 False
0.779530 0.242683 -0.223413 False
0.775313 0.239711 -0.223031 False
0.780612 0.239715 -0.222426 False
0.777197 0.239594 -0.221475 False
0.781030 0.245696 -0.223737 False
0.775698 0.240440 -0.222257 False
0.778203 0.241112 -0.223832 False
0.775327 0.240453 -0.222266 False
0.779825 0.240231 -0.222033 False
0.780874 0.240737 -0.223481 False
0.776277 0.240522 -0.225169 False
0.779858 0.242990 -0.222766 False
0.780857 0.244086 -0.224454 False
0.780492 0.241031 -0.220998 False
0.781076 0.242189 -0.218740 False
0.783251 0.242806 -0.224502 False
0.779272 0.240401 -0.224421 False
0.781087 0.244241 -0.224407 False
0.778815 0.240453 -0.222666 False
0.781271 0.242041 -0.221532 False
0.779163 0.239453 -0.223220 False
0.776297 0.240231 -0.222529 False
0.776940 0.241492 -0.221698 False
0.776445 0.240846 -0.218658 False
0.776152 0.240444 -0.217701 False
0.776071 0.240300 -0.218943 False
0.776089 0.240453 -0.224214 False
0.776759 0.240453 -0.223922 False
0.781178 0.243605 -0.217997 False
0.775860 0.240056 -0.223593 False
0.775833 0.239593 -0.223450 False
0.782676 0.242944 -0.220044 False
0.781269 0.244649 -0.221720 False
0.776650 0.240231 -0.217184 False
0.779831 0.239555 -0.223363 False
0.782193 0.242016 -0.223435 False
0.778663 0.239037 -0.221882 False
0.776910 0.240091 -0.222719 False
0.776676 0.240091 -0.224016 False
0.782623 0.240021 -0.222348 False
0.776908 0.240230 -0.223906 False
0.780702 0.240405 -0.222197 False
0.779502 0.241112 -0.224860 False
0.781828 0.240231 -0.224443 False
0.781227 0.241043 -0.224888 False
0.776524 0.240453 -0.224001 False
0.781417 0.241979 -0.223400 False
0.776522 0.240231 -0.224283 False
0.775977 0.241113 -0.223587 False
0.777944 0.241631 -0.224402 False
0.777757 0.241465 -0.223931 False
0.777281 0.241141 -0.224950 False
0.779427 0.240330 -0.222056 False
0.776396 0.240301 -0.223265 False
0.781136 0.244088 -0.222811 False
0.778035 0.240661 -0.222354 False
0.777961 0.240522 -0.221897 False
0.781479 0.242821 -0.224493 False
0.782587 0.244309 -0.222187 False
0.780490 0.240557 -0.222604 False
0.777494 0.241112 -0.224101 False
0.776880 0.240453 -0.224197 False
0.775445 0.241112 -0.221179 False
0.777731 0.240231 -0.224331 False
0.781324 0.241112 -0.224147 False
0.780131 0.241112 -0.224376 False
0.781181 0.240231 -0.223370 False
0.777906 0.241230 -0.226914 False
0.780748 0.240231 -0.224503 False
0.780619 0.240280 -0.224366 False
0.775341 0.240266 -0.222529 False
0.775972 0.241112 -0.224300 False
0.777461 0.240793 -0.225784 False
0.781183 0.241743 -0.223396 False
0.777895 0.241142 -0.221155 False
0.779935 0.241874 -0.223764 False
0.776798 0.241161 -0.222223 False
0.777892 0.240793 -0.224413 False
0.776129 0.241743 -0.222971 False
0.778035 0.240231 -0.222257 False
0.778074 0.241264 -0.223185 False
0.776116 0.240897 -0.224981 False
0.777004 0.240793 -0.225392 False
0.776794 0.241112 -0.223241 False
0.775850 0.240758 -0.222366 False
0.777533 0.241743 -0.223987 False
0.780774 0.240453 -0.223921 False
0.777463 0.240898 -0.223757 False
0.776087 0.241809 -0.225041 False
0.777342 0.240453 -0.222211 False
0.780160 0.242611 -0.223847 False
0.779749 0.242761 -0.224047 False
0.779359 0.242852 -0.224190 False
0.778994 0.242882 -0.224272 False
0.778655 0.242847 -0.224290 False
0.778346 0.242745 -0.224239 False
0.778070 0.242572 -0.224118 False
0.777828 0.242326 -0.223921 False
0.777624 0.242002 -0.223647 False
0.777460 0.241599 -0.223291 False
0.777339 0.241112 -0.222850 False
0.776624 0.240426 -0.221979 False
0.781180 0.240091 -0.223139 False
0.776389 0.240453 -0.222604 False
0.777299 0.241112 -0.222447 False
0.775212 0.239084 -0.223099 False
0.775359 0.240092 -0.223589 False
0.778919 0.246125 -0.223738 False
0.779857 0.247880 -0.224437 False
0.777099 0.243488 -0.226205 False
0.775886 0.241177 -0.226454 False
0.775699 0.241743 -0.224175 False
0.783294 0.241743 -0.225145 False
0.777987 0.240932 -0.223807 False
0.776101 0.241952 -0.225352 False
0.777296 0.241183 -0.224101 False
0.781845 0.242085 -0.226004 False
0.778436 0.241043 -0.225080 False
0.776673 0.241113 -0.221966 False
0.777339 0.241743 -0.224378 False
0.776648 0.240864 -0.222884 False
0.779801 0.241335 -0.225466 False
0.781183 0.241112 -0.226440 False
0.780164 0.239732 -0.225223 False
0.779711 0.239365 -0.224358 False
0.779858 0.240064 -0.223867 False
0.780638 0.241883 -0.223771 False
0.782445 0.245559 -0.224194 False
0.783211 0.247623 -0.224612 False
0.782875 0.247987 -0.225023 False
0.781376 0.246561 -0.225427 False
0.777821 0.241771 -0.225942 False
0.777596 0.242544 -0.226040 False
0.777342 0.241743 -0.224083 False
0.777485 0.241142 -0.226428 False
0.775884 0.241813 -0.227216 False
0.783047 0.242544 -0.224563 False
0.778663 0.242510 -0.224371 False
0.777380 0.241883 -0.224743 False
0.782763 0.241669 -0.224503 False
0.777041 0.241195 -0.225886 False
0.777482 0.242544 -0.224871 False
0.778063 0.242510 -0.224512 False
0.777218 0.243141 -0.224095 False
0.780599 0.243248 -0.223985 False
0.781262 0.246993 -0.221094 False
0.781827 0.241318 -0.218623 False
0.780135 0.249162 -0.224920 False
0.778029 0.242709 -0.225011 False
0.775829 0.241883 -0.217185 False
0.776090 0.240440 -0.223392 False
0.777089 0.243044 -0.222696 False
0.776124 0.241142 -0.221779 False
0.776136 0.241142 -0.216511 False
0.781417 0.241316 -0.222070 False
0.776650 0.240932 -0.221541 False
0.776124 0.241107 -0.221179 False
0.779934 0.242576 -0.218193 False
0.783232 0.241107 -0.218743 False
0.776621 0.241107 -0.218555 False
0.778537 0.241142 -0.225009 False
0.778778 0.242507 -0.218727 False
0.778654 0.241107 -0.219688 False
0.776095 0.241141 -0.224435 False
0.777900 0.241995 -0.221528 False
0.780593 0.246224 -0.224458 False
0.779982 0.241705 -0.224239 False
0.780136 0.240231 -0.223681 False
0.781938 0.243492 -0.222188 False
0.780085 0.243348 -0.224106 False
0.775166 0.241113 -0.221386 False
0.780515 0.241182 -0.222246 False
0.775437 0.240405 -0.222193 False
0.779827 0.241875 -0.221436 False
0.782593 0.244120 -0.222048 False
0.774655 0.241142 -0.224980 False
0.779159 0.241246 -0.220852 False
0.779295 0.241142 -0.217660 False
0.779825 0.242649 -0.224973 False
0.777277 0.241176 -0.223232 False
0.780637 0.241638 -0.222758 False
0.780596 0.242683 -0.224256 False
0.777943 0.241182 -0.225941 False
0.776104 0.241183 -0.217858 False
0.778919 0.242649 -0.223774 False
0.775161 0.241736 -0.224019 False
0.778562 0.242544 -0.224399 False
0.778690 0.241107 -0.225011 False
0.777227 0.241043 -0.224107 False
0.778423 0.241327 -0.225240 False
0.782510 0.241182 -0.225279 False
0.778262 0.241182 -0.219960 False
0.777039 0.240758 -0.218913 False
0.775458 0.241953 -0.221083 False
0.776975 0.241855 -0.221844 False
0.775482 0.241142 -0.220670 False
0.776870 0.241142 -0.223586 False
0.778072 0.241750 -0.225240 False
0.775465 0.240231 -0.216493 False
0.776135 0.240440 -0.223608 False
0.776275 0.241743 -0.222579 False
0.776651 0.241043 -0.221359 False
0.777995 0.241770 -0.224888 False
0.781340 0.241604 -0.225411 False
0.776107 0.241177 -0.224437 False
0.778124 0.242648 -0.222033 False
0.782929 0.240932 -0.218447 False
0.776823 0.241142 -0.224013 False
0.781983 0.244241 -0.224718 False
0.779543 0.241113 -0.222366 False
0.780132 0.242544 -0.224763 False
0.776246 0.241142 -0.219989 False
0.776250 0.241141 -0.223919 False
0.777236 0.241142 -0.225045 False
0.777500 0.241917 -0.223763 False
0.777344 0.240440 -0.223462 False
0.782144 0.241316 -0.218991 False
0.780766 0.240481 -0.224117 False
0.780838 0.240828 -0.223972 False
0.777367 0.240793 -0.217710 False
0.776876 0.240475 -0.223780 False
0.780016 0.240758 -0.216612 False
0.777891 0.240440 -0.217173 False
0.777541 0.240793 -0.223650 False
0.777383 0.241182 -0.221109 False
0.777345 0.240440 -0.217038 False
0.777227 0.241217 -0.223627 False
0.776683 0.241263 -0.223365 False
0.777899 0.241182 -0.222152 False
0.778043 0.241883 -0.216246 False
0.782847 0.241479 -0.226173 False
0.778004 0.241141 -0.217980 False
0.775438 0.241182 -0.224341 False
0.777374 0.241883 -0.223216 False
0.777829 0.241043 -0.222660 False
0.777180 0.241107 -0.222900 False
0.777169 0.241182 -0.215812 False
0.778499 0.241112 -0.217775 False
0.778040 0.241183 -0.224534 False
0.779305 0.242718 -0.219997 False
0.776772 0.241918 -0.225420 False
0.780523 0.241113 -0.226304 False
0.777459 0.241113 -0.219511 False
0.778087 0.241107 -0.218787 False
0.774916 0.241107 -0.220559 False
0.775582 0.241106 -0.224032 False
0.775450 0.240370 -0.213601 False
0.777821 0.240933 -0.222464 False
0.777615 0.242509 -0.218177 False
0.780514 0.240370 -0.224380 False
0.775411 0.241147 -0.211054 False
0.775434 0.241743 -0.224875 False
0.778034 0.241883 -0.223867 False
0.776646 0.241743 -0.222861 False
0.777343 0.241113 -0.223910 False
0.776209 0.241743 -0.223313 False
0.779437 0.241743 -0.218265 False
0.776126 0.241743 -0.223736 False
0.775583 0.241743 -0.216493 False
0.777778 0.241701 -0.225636 False
0.777471 0.241883 -0.225498 False
0.777855 0.241113 -0.223871 False
0.776795 0.241112 -0.224174 False
0.776497 0.241142 -0.224158 False
0.774921 0.242510 -0.222310 False
0.779500 0.241744 -0.225506 False
0.776910 0.241883 -0.225769 False
0.775308 0.241142 -0.222373 False
0.775311 0.242544 -0.222169 False
0.775485 0.241113 -0.223866 False
0.778638 0.244302 -0.225382 False
0.776524 0.241883 -0.227418 False
0.776044 0.241568 -0.226703 False
0.775675 0.241308 -0.226029 False
0.775423 0.241107 -0.225400 False
0.775315 0.240932 -0.225106 False
0.775487 0.241072 -0.222423 False
0.773838 0.240932 -0.224659 False
0.774935 0.240772 -0.226888 False
0.775940 0.240631 -0.228885 False
0.776847 0.240510 -0.230631 False
0.777644 0.240411 -0.232109 False
0.778326 0.240335 -0.233302 False
0.778881 0.240283 -0.234192 False
0.779303 0.240256 -0.234761 False
0.779582 0.240256 -0.234992 False
0.779709 0.240284 -0.234868 False
0.779677 0.240342 -0.234369 False
0.779476 0.240430 -0.233480 False
0.779099 0.240550 -0.232182 False
0.778535 0.240702 -0.230457 False
0.777778 0.240890 -0.228289 False
0.776817 0.241112 -0.225659 False
0.775217 0.241258 -0.221502 False
0.776119 0.242509 -0.222052 False
0.774813 0.241072 -0.224665 False
0.779397 0.241113 -0.226485 False
0.776523 0.240932 -0.224103 False
0.778558 0.239982 -0.225453 False
0.777877 0.244684 -0.223971 False
0.778870 0.242510 -0.224401 False
0.776115 0.242544 -0.223254 False
0.778662 0.241141 -0.224604 False
0.775832 0.240933 -0.225605 False
0.777895 0.245576 -0.225125 False
0.782283 0.242821 -0.226304 False
0.776954 0.242975 -0.224621 False
0.778753 0.241246 -0.222925 False
0.778816 0.241883 -0.225465 False
0.775880 0.241113 -0.224803 False
0.778654 0.242172 -0.217483 False
0.779113 0.242545 -0.226654 False
0.778700 0.242975 -0.217482 False
0.776100 0.240121 -0.224636 False
0.776068 0.240932 -0.224285 False
0.778837 0.240933 -0.226107 False
0.780216 0.243619 -0.225102 False
0.779856 0.244071 -0.226264 False
0.779527 0.246494 -0.226535 False
0.779452 0.248393 -0.223686 False
0.775944 0.241107 -0.224997 False
0.778996 0.242975 -0.226792 False
0.779515 0.241810 -0.226597 False
0.779536 0.241113 -0.226074 False
0.779162 0.241141 -0.224786 False
0.777218 0.240553 -0.225400 False
0.775898 0.240208 -0.225639 False
0.775243 0.240120 -0.225482 False
0.775291 0.240300 -0.224907 False
0.776497 0.240897 -0.223947 False
0.775829 0.241230 -0.220658 False
0.777893 0.241292 -0.226834 False
0.776740 0.241107 -0.225338 False
0.776512 0.241113 -0.220709 False
0.778059 0.241883 -0.223576 False
0.779542 0.240370 -0.221040 False
0.778768 0.241141 -0.221379 False
0.776835 0.241106 -0.225712 False
0.779292 0.240300 -0.219907 False
0.779535 0.240300 -0.224257 False
0.777984 0.241113 -0.224135 False
0.782102 0.242127 -0.221730 False
0.779661 0.241113 -0.225713 False
0.779312 0.241141 -0.222880 False
0.779258 0.241112 -0.223739 False
0.777396 0.241142 -0.225496 False
0.781281 0.244370 -0.218734 False
0.778005 0.240933 -0.226242 False
0.782253 0.245644 -0.226270 False
0.779975 0.241113 -0.224188 False
0.778467 0.241113 -0.224289 False
0.780113 0.241113 -0.225874 False
0.779398 0.241141 -0.225429 False
0.778841 0.241141 -0.221095 False
0.780695 0.241113 -0.225666 False
0.782105 0.241113 -0.220961 False
0.781843 0.241113 -0.224886 False
0.777280 0.241113 -0.221248 False
0.781180 0.241113 -0.225038 False
0.781295 0.241112 -0.225280 False
0.780777 0.240370 -0.224900 False
0.780112 0.241113 -0.225079 False
0.780517 0.241813 -0.225453 False
0.781441 0.240331 -0.224274 False
0.782589 0.241112 -0.221628 False
0.779500 0.241113 -0.221796 False
0.782182 0.243342 -0.226178 False
0.777492 0.241112 -0.224738 False
0.776606 0.240301 -0.223956 False
0.782103 0.242821 -0.224380 False
0.779854 0.244054 -0.224071 False
0.779475 0.241883 -0.224872 False
0.778433 0.242135 -0.224577 False
0.780776 0.240954 -0.221463 False
0.778136 0.240301 -0.220702 False
0.780604 0.242544 -0.224555 False
0.776112 0.240405 -0.225049 False
0.777193 0.241112 -0.223703 False
0.780216 0.241113 -0.221664 False
0.782589 0.245037 -0.225165 False
0.781440 0.240371 -0.225044 False
0.776775 0.241112 -0.224878 False
0.780775 0.241112 -0.222849 False
0.775530 0.240932 -0.225749 False
0.778156 0.241107 -0.215128 False
0.779493 0.241107 -0.226298 False
0.776812 0.240933 -0.224258 False
0.776988 0.242270 -0.221773 False
0.779293 0.240301 -0.225104 False
0.779469 0.241147 -0.225637 False
0.776771 0.241258 -0.224184 False
0.778181 0.241107 -0.224811 False
0.777459 0.241147 -0.224509 False
0.776072 0.241327 -0.223403 False
0.776781 0.241113 -0.226380 False
0.778806 0.241498 -0.224148 False
0.780034 0.241848 -0.224412 False
0.775974 0.241142 -0.214372 False
0.778897 0.242403 -0.222296 False
0.775434 0.240231 -0.223993 False
0.778596 0.241669 -0.220943 False
0.781181 0.241814 -0.225415 False
0.781439 0.244241 -0.226707 False
0.778536 0.241108 -0.225579 False
0.782587 0.245697 -0.225135 False
0.779864 0.242956 -0.215237 False
0.776770 0.241177 -0.223978 False
0.782621 0.241361 -0.223809 False
0.781718 0.241112 -0.223808 False
0.779958 0.240405 -0.225074 False
0.775698 0.241112 -0.224808 False
0.778136 0.241107 -0.218439 False
0.775426 0.241113 -0.224470 False
0.781451 0.241813 -0.225146 False
0.775164 0.241113 -0.221872 False
0.777952 0.241113 -0.218143 False
0.778922 0.241113 -0.223371 False
0.777320 0.241037 -0.224548 False
0.781279 0.241113 -0.224988 False
0.777317 0.241112 -0.223080 False
0.776099 0.241113 -0.223972 False
0.781272 0.241883 -0.224555 False
0.778508 0.240405 -0.223586 False
0.776997 0.241037 -0.225361 False
0.784183 0.241112 -0.225033 False
0.776238 0.241142 -0.223889 False
0.782860 0.242361 -0.224205 False
0.783294 0.241885 -0.224637 False
0.775983 0.241113 -0.224159 False
0.779295 0.242154 -0.222964 False
0.775695 0.240440 -0.224118 False
0.779104 0.241113 -0.226417 False
0.781196 0.243411 -0.226085 False
0.777564 0.241883 -0.223676 False
0.777516 0.240886 -0.225327 False
0.777176 0.241813 -0.222483 False
0.775700 0.241113 -0.215672 False
0.774775 0.242509 -0.224409 False
0.775809 0.240335 -0.224785 False
0.778438 0.240967 -0.218661 False
0.777997 0.241736 -0.223376 False
0.777864 0.244108 -0.224362 False
0.778865 0.242270 -0.224809 False
0.777503 0.240370 -0.225099 False
0.780795 0.241112 -0.223542 False
0.778898 0.241112 -0.225188 False
0.775700 0.241113 -0.224809 False
0.781277 0.241953 -0.225231 False
0.775520 0.241147 -0.225226 False
0.778176 0.241112 -0.224242 False
0.776755 0.241113 -0.224173 False
0.777865 0.241883 -0.216626 False
0.782088 0.241182 -0.223157 False
0.775695 0.241743 -0.224174 False
0.777487 0.241883 -0.223825 False
0.778905 0.241883 -0.225890 False
0.775828 0.241113 -0.224349 False
0.775413 0.241813 -0.226454 False
0.775860 0.241113 -0.224699 False
0.776100 0.241142 -0.225223 False
0.775435 0.241813 -0.226754 False
0.776324 0.241113 -0.224809 False
0.775552 0.242509 -0.224545 False
0.780797 0.241113 -0.225804 False
0.776364 0.241112 -0.225180 False
0.782127 0.240932 -0.224464 False
0.776361 0.241141 -0.224510 False
0.776682 0.241142 -0.224394 False
0.778814 0.241982 -0.223755 False
0.778143 0.240932 -0.225875 False
0.776525 0.241813 -0.224895 False
0.780620 0.241813 -0.225501 False
0.780149 0.242510 -0.224834 False
0.775727 0.241813 -0.224412 False
0.782761 0.243144 -0.225392 False
0.774780 0.241813 -0.225631 False
0.773697 0.240932 -0.223945 False
0.775436 0.241072 -0.223709 False
0.779957 0.241072 -0.221820 False
0.778869 0.242510 -0.223712 False
0.779662 0.241778 -0.225590 False
0.775584 0.241037 -0.217027 False
0.776123 0.241743 -0.225792 False
0.777133 0.242237 -0.225226 False
0.778020 0.242664 -0.224724 False
0.778773 0.243022 -0.224289 False
0.779384 0.243304 -0.223929 False
0.779842 0.243507 -0.223646 False
0.780138 0.243627 -0.223448 False
0.780260 0.243658 -0.223337 False
0.780201 0.243596 -0.223320 False
0.779949 0.243438 -0.223401 False
0.779494 0.243178 -0.223586 False
0.778828 0.242812 -0.223879 False
0.777940 0.242335 -0.224285 False
0.776820 0.241743 -0.224809 False
0.775324 0.240952 -0.225560 False
0.774226 0.240371 -0.225992 False
0.773551 0.240015 -0.226086 False
0.773326 0.239894 -0.225824 False
0.773575 0.240022 -0.225189 False
0.774324 0.240410 -0.224162 False
0.775600 0.241072 -0.222724 False
0.777898 0.242544 -0.221148 False
0.778270 0.241512 -0.216456 False
0.777888 0.241072 -0.216081 False
0.776037 0.241388 -0.221958 False
0.776617 0.241813 -0.225218 False
0.781436 0.242510 -0.225628 False
0.779644 0.242542 -0.222614 False
0.778005 0.242510 -0.220642 False
0.775724 0.242510 -0.218810 False
0.779614 0.241813 -0.224709 False
0.776227 0.241515 -0.224888 False
0.774251 0.241408 -0.224667 False
0.773772 0.241504 -0.224026 False
0.774875 0.241813 -0.222943 False
0.778155 0.242544 -0.219904 False
0.781028 0.242545 -0.225709 False
0.781262 0.242465 -0.224088 False
0.781490 0.242383 -0.222458 False
0.781710 0.242301 -0.220824 False
0.781924 0.242219 -0.219190 False
0.782129 0.242136 -0.217561 False
0.782327 0.242052 -0.215939 False
0.782516 0.241969 -0.214330 False
0.782696 0.241886 -0.212737 False
0.782867 0.241804 -0.211165 False
0.783029 0.241722 -0.209618 False
0.783180 0.241641 -0.208101 False
0.783321 0.241561 -0.206616 False
0.783450 0.241483 -0.205169 False
0.783569 0.241407 -0.203764 False
0.783676 0.241332 -0.202404 False
0.783771 0.241259 -0.201095 False
0.783853 0.241189 -0.199840 False
0.783923 0.241121 -0.198643 False
0.783979 0.241056 -0.197508 False
0.784021 0.240994 -0.196440 False
0.784050 0.240935 -0.195443 False
0.784064 0.240880 -0.194522 False
0.784063 0.240828 -0.193679 False
0.784046 0.240781 -0.192920 False
0.784014 0.240737 -0.192248 False
0.783966 0.240698 -0.191668 False
0.783902 0.240663 -0.191184 False
0.783821 0.240634 -0.190800 False
0.783722 0.240609 -0.190521 False
0.783606 0.240590 -0.190350 False
0.783471 0.240576 -0.190291 False
0.783318 0.240568 -0.190349 False
0.783146 0.240566 -0.190529 False
0.782955 0.240570 -0.190833 False
0.782745 0.240581 -0.191267 False
0.782514 0.240598 -0.191834 False
0.782262 0.240622 -0.192539 False
0.781990 0.240653 -0.193385 False
0.781697 0.240692 -0.194378 False
0.781381 0.240738 -0.195521 False
0.781044 0.240792 -0.196818 False
0.780684 0.240854 -0.198274 False
0.780302 0.240925 -0.199893 False
0.779896 0.241004 -0.201678 False
0.779466 0.241091 -0.203635 False
0.779012 0.241188 -0.205767 False
0.778534 0.241294 -0.208078 False
0.778031 0.241409 -0.210573 False
0.777502 0.241534 -0.213255 False
0.776948 0.241668 -0.216130 False
0.776368 0.241813 -0.219200 False
0.775697 0.241813 -0.224764 False
0.775341 0.242690 -0.217801 False
0.775133 0.243331 -0.212583 False
0.775079 0.243722 -0.209220 False
0.775189 0.243849 -0.207823 False
0.775470 0.243698 -0.208503 False
0.775931 0.243257 -0.211371 False
0.776580 0.242510 -0.216537 False
0.777994 0.241107 -0.227200 False
0.775943 0.241002 -0.223521 False
0.775441 0.241107 -0.225200 False
0.778889 0.241107 -0.219392 False
0.778960 0.241813 -0.224279 False
0.776533 0.241479 -0.225230 False
0.776064 0.241112 -0.225330 False
0.778249 0.240301 -0.224973 False
0.780633 0.241737 -0.219025 False
0.776782 0.242510 -0.225403 False
0.775696 0.243214 -0.225935 False
0.776681 0.242510 -0.220583 False
0.776109 0.241037 -0.225260 False
0.782118 0.242544 -0.229633 False
0.774907 0.241736 -0.217311 False
0.775424 0.242509 -0.218271 False
0.776110 0.241037 -0.223665 False
0.776081 0.241778 -0.222105 False
0.775225 0.242058 -0.221365 False
0.774647 0.241813 -0.221571 False
0.774233 0.240730 -0.223082 False
0.774768 0.240261 -0.224300 False
0.776602 0.240610 -0.225192 False
0.778046 0.240921 -0.225823 False
0.779074 0.241192 -0.226180 False
0.779660 0.241421 -0.226248 False
0.779775 0.241603 -0.226011 False
0.779394 0.241735 -0.225454 False
0.778153 0.241813 -0.224372 False
0.778608 0.241813 -0.223825 False
0.776240 0.241813 -0.224366 False
0.777234 0.243140 -0.219154 False
0.777515 0.241002 -0.225815 False
0.779025 0.240633 -0.226499 False
0.780053 0.240439 -0.226790 False
0.780568 0.240429 -0.226667 False
0.780540 0.240614 -0.226109 False
0.779938 0.241002 -0.225095 False
0.778177 0.241813 -0.223155 False
0.779286 0.241813 -0.222618 False
0.777572 0.241813 -0.224873 False
0.779955 0.241813 -0.223378 False
0.780772 0.241113 -0.223308 False
0.779914 0.242142 -0.223046 False
0.778559 0.242475 -0.223838 False
0.776172 0.241736 -0.226792 False
0.776079 0.241810 -0.225428 False
0.776233 0.241813 -0.224371 False
0.776849 0.241813 -0.223798 False
0.776826 0.241113 -0.221962 False
0.774960 0.241813 -0.225588 False
0.777234 0.241113 -0.224256 False
0.774643 0.242510 -0.222892 False
0.776682 0.241813 -0.224537 False
0.777905 0.242510 -0.226079 False
0.779412 0.241813 -0.225008 False
0.780515 0.240336 -0.223389 False
0.776098 0.241813 -0.223619 False
0.776674 0.241736 -0.224466 False
0.777179 0.241813 -0.225919 False
0.775165 0.241813 -0.224797 False
0.776818 0.241735 -0.223229 False
0.782343 0.241113 -0.226961 False
0.775983 0.241142 -0.226719 False
0.778881 0.242509 -0.225748 False
0.777162 0.241113 -0.224667 False
0.780938 0.241813 -0.225186 False
0.776343 0.241736 -0.225586 False
0.777768 0.241813 -0.225623 False
0.775973 0.241848 -0.225543 False
0.779186 0.241736 -0.223871 False
0.775313 0.243284 -0.224237 False
0.776108 0.241848 -0.223494 False
0.775307 0.242510 -0.224226 False
0.774875 0.241813 -0.224302 False
0.778226 0.241113 -0.224809 False
0.780131 0.241813 -0.226547 False
0.776091 0.241770 -0.225594 False
0.777510 0.241813 -0.224549 False
0.776608 0.241813 -0.225018 False
0.780271 0.242510 -0.222284 False
0.775832 0.242510 -0.221515 False
0.776758 0.241037 -0.226381 False
0.776791 0.241072 -0.225380 False
0.775402 0.242475 -0.223320 False
0.778978 0.241113 -0.225818 False
0.776614 0.242544 -0.225245 False
0.777194 0.242544 -0.218835 False
0.778834 0.241113 -0.223032 False
0.778263 0.241813 -0.225690 False
0.778830 0.241112 -0.225046 False
0.776004 0.240335 -0.222251 False
0.779607 0.241771 -0.223564 False
0.781154 0.245488 -0.225350 False
0.778123 0.241813 -0.226570 False
0.778132 0.241107 -0.223692 False
0.778815 0.241106 -0.226531 False
0.778887 0.240300 -0.220813 False
0.776651 0.241141 -0.221514 False
0.777893 0.241072 -0.221503 False
0.775700 0.241072 -0.221784 False
0.776103 0.241813 -0.215470 False
0.782191 0.241142 -0.223237 False
0.777469 0.241043 -0.219690 False
0.775031 0.240405 -0.223126 False
0.778306 0.242509 -0.221092 False
0.776149 0.240056 -0.219665 False
0.777343 0.240932 -0.224583 False
0.779265 0.242403 -0.225864 False
0.776622 0.240932 -0.225227 False
0.775436 0.241072 -0.223167 False
0.777221 0.241037 -0.224915 False
0.776874 0.241037 -0.223549 False
0.776215 0.243585 -0.225270 False
0.775723 0.240226 -0.224825 False
0.774882 0.240932 -0.224046 False
0.775435 0.240226 -0.224976 False
0.778646 0.242822 -0.225058 False
0.779398 0.243779 -0.224849 False
0.776502 0.242475 -0.224485 False
0.776445 0.241606 -0.222759 False
0.776377 0.241012 -0.221673 False
0.776298 0.240708 -0.221262 False
0.776207 0.240711 -0.221564 False
0.776105 0.241037 -0.222618 False
0.775954 0.241813 -0.225194 False
0.775953 0.242510 -0.225007 False
0.776273 0.243214 -0.223859 False
0.776121 0.241813 -0.221997 False
0.775847 0.242475 -0.224459 False
0.776719 0.243249 -0.225631 False
0.775430 0.241113 -0.222064 False
0.779531 0.241107 -0.223943 False
0.777352 0.242509 -0.226465 False
0.778694 0.240838 -0.224864 False
0.779827 0.240311 -0.224286 False
0.780735 0.240989 -0.224787 False
0.781941 0.244310 -0.227598 False
0.779222 0.241744 -0.225137 False
0.779422 0.240932 -0.225150 False
0.777335 0.241142 -0.223399 False
0.779828 0.241743 -0.226247 False
0.776363 0.241037 -0.223969 False
0.780516 0.240932 -0.224996 False
0.779275 0.241813 -0.218274 False
0.778754 0.241107 -0.221838 False
0.775428 0.242509 -0.225992 False
0.777983 0.241107 -0.222719 False
0.784108 0.242683 -0.227334 False
0.779160 0.241814 -0.224479 False
0.776757 0.243284 -0.223959 False
0.778140 0.241465 -0.223917 False
0.777633 0.241259 -0.221986 False
0.777199 0.241105 -0.220476 False
0.776844 0.241006 -0.219412 False
0.776571 0.240965 -0.218823 False
0.776388 0.240986 -0.218733 False
0.776300 0.241071 -0.219171 False
0.776311 0.241224 -0.220162 False
0.776428 0.241447 -0.221733 False
0.776655 0.241744 -0.223911 False
0.777426 0.242509 -0.228079 False
0.775217 0.241002 -0.225292 False
0.776797 0.240967 -0.224796 False
0.776798 0.242544 -0.225131 False
0.779351 0.242510 -0.224975 False
0.777482 0.241142 -0.224119 False
0.778090 0.242403 -0.224419 False
0.776826 0.241142 -0.223577 False
0.778294 0.242270 -0.224688 False
0.776111 0.241142 -0.226313 False
0.777392 0.241002 -0.224349 False
0.777217 0.241674 -0.224113 False
0.778498 0.240967 -0.224191 False
0.776616 0.241037 -0.225638 False
0.778870 0.241077 -0.223637 False
0.776770 0.241002 -0.224447 False
0.777577 0.241141 -0.222720 False
0.776093 0.241141 -0.224638 False
0.776552 0.240967 -0.222232 False
0.776944 0.241072 -0.221504 False
0.775833 0.241002 -0.222895 False
0.775980 0.240932 -0.222711 False
0.777448 0.240967 -0.225058 False
0.776784 0.240932 -0.224686 False
0.775699 0.240933 -0.223713 False
0.778026 0.244420 -0.224412 False
0.777316 0.240932 -0.225242 False
0.775975 0.240266 -0.223730 False
0.776103 0.241141 -0.224964 False
0.781203 0.240817 -0.225925 False
0.778036 0.241141 -0.225457 False
0.776932 0.241687 -0.225879 False
0.775967 0.242152 -0.226220 False
0.775151 0.242531 -0.226474 False
0.774494 0.242818 -0.226636 False
0.774008 0.243009 -0.226702 False
0.773703 0.243096 -0.226665 False
0.773591 0.243077 -0.226521 False
0.773682 0.242944 -0.226266 False
0.773986 0.242693 -0.225893 False
0.774515 0.242317 -0.225397 False
0.775279 0.241813 -0.224774 False
0.776646 0.241107 -0.223933 False
0.776125 0.240300 -0.223097 False
0.775982 0.241141 -0.223915 False
0.777855 0.240967 -0.224341 False
0.774913 0.240300 -0.223702 False
0.775432 0.241112 -0.223824 False
0.776003 0.240231 -0.224002 False
0.775488 0.241735 -0.223928 False
0.778775 0.241107 -0.220356 False
0.775440 0.241072 -0.225074 False
0.778807 0.241735 -0.224736 False
0.776834 0.240370 -0.224411 False
0.778721 0.240844 -0.225124 False
0.779095 0.241113 -0.225114 False
0.777415 0.241108 -0.224083 False
0.776245 0.241105 -0.223379 False
0.775619 0.241104 -0.223022 False
0.775568 0.241104 -0.223031 False
0.776127 0.241107 -0.223426 False
0.776790 0.241002 -0.224424 False
0.782449 0.241521 -0.224992 False
0.783267 0.241813 -0.225073 False
0.776648 0.241813 -0.224159 False
0.777163 0.241786 -0.225225 False
0.777574 0.241740 -0.226030 False
0.777872 0.241672 -0.226559 False
0.778051 0.241584 -0.226794 False
0.778103 0.241473 -0.226721 False
0.778022 0.241340 -0.226323 False
0.777800 0.241182 -0.225583 False
0.776638 0.240231 -0.223727 False
0.781501 0.244528 -0.226042 False
0.776309 0.241744 -0.225390 False
0.776669 0.241141 -0.225060 False
0.776945 0.240335 -0.224526 False
0.777284 0.240932 -0.224575 False
0.776746 0.240335 -0.226313 False
0.778561 0.240300 -0.226627 False
0.776762 0.240335 -0.224080 False
0.774398 0.240932 -0.223413 False
0.776649 0.241142 -0.226669 False
0.778043 0.241700 -0.225249 False
0.780746 0.240300 -0.224159 False
0.777196 0.240336 -0.225304 False
0.778824 0.244283 -0.227559 False
0.776126 0.241072 -0.219245 False
0.779179 0.241737 -0.218626 False
0.780138 0.240522 -0.223867 False
0.777032 0.241107 -0.225746 False
0.776118 0.241113 -0.224658 False
0.776648 0.241113 -0.224810 False
0.780884 0.241141 -0.227959 False
0.777283 0.241142 -0.223932 False
0.778640 0.242237 -0.226293 False
0.780100 0.241442 -0.226416 False
0.778279 0.240933 -0.223993 False
0.776133 0.243703 -0.226404 False
0.779976 0.241142 -0.223890 False
0.782077 0.243377 -0.226471 False
0.781101 0.242956 -0.226897 False
0.780162 0.242554 -0.227283 False
0.779266 0.242173 -0.227628 False
0.778417 0.241816 -0.227928 False
0.777622 0.241485 -0.228180 False
0.776886 0.241183 -0.228382 False
0.776214 0.240910 -0.228530 False
0.775613 0.240670 -0.228623 False
0.775087 0.240465 -0.228656 False
0.774641 0.240297 -0.228627 False
0.774283 0.240168 -0.228533 False
0.774016 0.240081 -0.228371 False
0.773847 0.240037 -0.228138 False
0.773781 0.240039 -0.227832 False
0.773824 0.240089 -0.227449 False
0.773980 0.240190 -0.226987 False
0.774257 0.240344 -0.226442 False
0.774658 0.240552 -0.225813 False
0.775190 0.240817 -0.225095 False
0.775858 0.241142 -0.224286 False
0.776754 0.241778 -0.222603 False
0.777224 0.241106 -0.225939 False
0.779067 0.240371 -0.223701 False
0.775436 0.243214 -0.224401 False
0.776798 0.240301 -0.226559 False
0.776647 0.241107 -0.224101 False
0.777170 0.241813 -0.223250 False
0.780556 0.241743 -0.224986 False
0.774913 0.241813 -0.224424 False
0.775458 0.241813 -0.224774 False
0.775434 0.241002 -0.224657 False
0.775980 0.241813 -0.224553 False
0.774770 0.241813 -0.224345 False
0.777191 0.241813 -0.224603 False
0.775162 0.241813 -0.226086 False
0.774011 0.241126 -0.225364 False
0.775163 0.240932 -0.224786 False
0.779940 0.241368 -0.225180 False
0.782034 0.241813 -0.219587 False
0.774819 0.243214 -0.224485 False
0.779186 0.241814 -0.225069 False
0.776666 0.244386 -0.223961 False
0.776989 0.241813 -0.224611 False
0.777293 0.241813 -0.223208 False
0.776551 0.242510 -0.223925 False
0.779921 0.241813 -0.226292 False
0.782462 0.241813 -0.222806 False
0.777947 0.242624 -0.223355 False
0.777444 0.241848 -0.223028 False
0.778016 0.241913 -0.224033 False
0.776775 0.241743 -0.223847 False
0.777587 0.241744 -0.223179 False
0.782504 0.242154 -0.224578 False
0.777326 0.241743 -0.223986 False
0.776553 0.241078 -0.225346 False
0.779400 0.241743 -0.224275 False
0.777390 0.241813 -0.223828 False
0.776364 0.241813 -0.223915 False
0.776745 0.241813 -0.224888 False
0.776699 0.240932 -0.223242 False
0.776794 0.241813 -0.224283 False
0.775626 0.241813 -0.225633 False
0.777191 0.241848 -0.220793 False
0.776950 0.241813 -0.224400 False
0.776695 0.241813 -0.223356 False
0.776650 0.240932 -0.223569 False
0.778137 0.241813 -0.224177 False
0.778003 0.242033 -0.223379 False
0.776129 0.240932 -0.223880 False
0.775549 0.240932 -0.228685 False
0.776646 0.241107 -0.224714 False
0.776256 0.241113 -0.223771 False
0.776729 0.241037 -0.225070 False
0.777350 0.240932 -0.231484 False
0.777756 0.241072 -0.226027 False
0.776690 0.242440 -0.219639 False
0.776259 0.241072 -0.223282 False
0.777348 0.241072 -0.223559 False
0.776821 0.241037 -0.220978 False
0.776862 0.241361 -0.227043 False
0.776102 0.240336 -0.222896 False
0.778838 0.243844 -0.223701 False
0.776743 0.240453 -0.224385 False
0.778155 0.240266 -0.221700 False
0.777517 0.241002 -0.223534 False
0.776917 0.240300 -0.224360 False
0.779434 0.240932 -0.224360 False
0.776554 0.240651 -0.223163 False
0.777432 0.242270 -0.227476 False
0.775203 0.240932 -0.223191 False
0.775363 0.240300 -0.219772 False
0.776280 0.239593 -0.226118 False
0.775581 0.240300 -0.224997 False
0.777862 0.240405 -0.223853 False
0.774251 0.241107 -0.223917 False
0.776300 0.241141 -0.223577 False
0.775833 0.240300 -0.223931 False
0.775060 0.240932 -0.226095 False
0.775060 0.240967 -0.226649 False
0.777344 0.240335 -0.222139 False
0.776821 0.240932 -0.224250 False
0.775582 0.240932 -0.224069 False
0.776128 0.240932 -0.225303 False
0.777864 0.240932 -0.224273 False
0.776824 0.240967 -0.222720 False
0.775254 0.240932 -0.224952 False
0.776704 0.241112 -0.225330 False
0.776469 0.240300 -0.225140 False
0.778899 0.240405 -0.224627 False
0.775361 0.240300 -0.222354 False
0.775633 0.240300 -0.225988 False
0.775580 0.240335 -0.225797 False
0.776671 0.241735 -0.225086 False
0.776650 0.240335 -0.225823 False
0.775578 0.240897 -0.221662 False
0.774122 0.241327 -0.225640 False
0.778804 0.243844 -0.226301 False
0.776102 0.240932 -0.224980 False
0.777322 0.240301 -0.226809 False
0.778303 0.243779 -0.224621 False
0.775434 0.240933 -0.220959 False
0.778221 0.241072 -0.225654 False
0.781928 0.241318 -0.225673 False
0.776826 0.240330 -0.220310 False
0.775456 0.240335 -0.225642 False
0.776205 0.241770 -0.225303 False
0.776504 0.241141 -0.225819 False
0.776032 0.241002 -0.225142 False
0.775857 0.241107 -0.226346 False
0.778124 0.241735 -0.224291 False
0.777167 0.240933 -0.224459 False
0.779199 0.246189 -0.224899 False
0.778288 0.242201 -0.224979 False
0.775490 0.240265 -0.218898 False
0.775217 0.240300 -0.220448 False
0.776433 0.241072 -0.225305 False
0.775434 0.241701 -0.218509 False
0.777223 0.242137 -0.222705 False
0.776206 0.241072 -0.219087 False
0.776718 0.241072 -0.223243 False
0.776823 0.241813 -0.225294 False
0.776148 0.241779 -0.220408 False
0.777368 0.240897 -0.225641 False
0.774916 0.240932 -0.225122 False
0.778023 0.241631 -0.223484 False
0.775112 0.240793 -0.223241 False
0.777456 0.241072 -0.225823 False
0.776102 0.241113 -0.223220 False
0.776100 0.241113 -0.225288 False
0.781367 0.241311 -0.225369 False
0.778499 0.240828 -0.226619 False
0.777221 0.241072 -0.217751 False
0.776847 0.241072 -0.223752 False
0.774963 0.240301 -0.222352 False
0.775834 0.241735 -0.216528 False
0.779276 0.240932 -0.225104 False
0.774786 0.240828 -0.223988 False
0.776153 0.240300 -0.226313 False
0.776642 0.240265 -0.225659 False
0.776173 0.240932 -0.224611 False
0.776100 0.240300 -0.225584 False
0.775112 0.241701 -0.222354 False
0.778647 0.243810 -0.223035 False
0.777371 0.240793 -0.222041 False
0.776873 0.241037 -0.224326 False
0.779703 0.241077 -0.223232 False
0.778227 0.241547 -0.223527 False
0.776892 0.241966 -0.223796 False
0.775711 0.242333 -0.224035 False
0.774695 0.242642 -0.224242 False
0.773858 0.242892 -0.224416 False
0.773211 0.243077 -0.224554 False
0.772767 0.243194 -0.224654 False
0.772539 0.243240 -0.224714 False
0.772539 0.243211 -0.224731 False
0.772779 0.243103 -0.224703 False
0.773272 0.242913 -0.224629 False
0.774030 0.242637 -0.224505 False
0.775066 0.242272 -0.224330 False
0.776391 0.241813 -0.224101 False
0.778430 0.241088 -0.223680 False
0.778792 0.240967 -0.223793 False
0.776497 0.241813 -0.224711 False
0.777409 0.241743 -0.225665 False
0.776771 0.241848 -0.222377 False
0.775434 0.241813 -0.224491 False
0.776101 0.240933 -0.225050 False
0.777572 0.241844 -0.223137 False
0.777576 0.240932 -0.223987 False
0.776763 0.240231 -0.225158 False
0.780083 0.242135 -0.225971 False
0.776648 0.240933 -0.224627 False
0.776614 0.242624 -0.223946 False
0.776091 0.240301 -0.224288 False
0.777237 0.241743 -0.224720 False
0.778200 0.241879 -0.223449 False
0.776945 0.241813 -0.225074 False
0.777340 0.242624 -0.225045 False
0.777314 0.241848 -0.224587 False
0.777865 0.242624 -0.224874 False
0.776868 0.243145 -0.223959 False
0.778684 0.243145 -0.223701 False
0.777166 0.241883 -0.224098 False
0.778108 0.241883 -0.227800 False
0.777317 0.241883 -0.220119 False
0.778405 0.241743 -0.223472 False
0.777860 0.241743 -0.223951 False
0.776359 0.241813 -0.223097 False
0.775547 0.241883 -0.224374 False
0.775804 0.241711 -0.226165 False
0.776447 0.241848 -0.226767 False
0.777797 0.242523 -0.225791 False
0.778125 0.242659 -0.224895 False
0.777191 0.241848 -0.223989 False
0.775435 0.242510 -0.223396 False
0.776750 0.241778 -0.224529 False
0.777353 0.241750 -0.225634 False
0.777772 0.241763 -0.226272 False
0.777996 0.241818 -0.226414 False
0.778011 0.241918 -0.226033 False
0.776915 0.241883 -0.224664 False
0.782143 0.243318 -0.225109 False
0.778878 0.242093 -0.224703 False
0.778533 0.241813 -0.224409 False
0.783341 0.243284 -0.225323 False
0.779803 0.241883 -0.218240 False
0.776419 0.241778 -0.224474 False
0.776103 0.241848 -0.224412 False
0.776495 0.243284 -0.224786 False
0.776275 0.242510 -0.226659 False
0.776768 0.241848 -0.223971 False
0.776104 0.241848 -0.224883 False
0.776652 0.242659 -0.224879 False
0.780836 0.241883 -0.227310 False
0.776796 0.241813 -0.225482 False
0.775985 0.243284 -0.226115 False
0.776794 0.242624 -0.225176 False
0.775727 0.242624 -0.225046 False
0.780846 0.243249 -0.225020 False
0.781972 0.243284 -0.223460 False
0.781975 0.241813 -0.225008 False
0.780103 0.241848 -0.222568 False
0.777763 0.241848 -0.223892 False
0.777863 0.241883 -0.224599 False
0.777370 0.241813 -0.224408 False
0.777435 0.241813 -0.226671 False
0.775596 0.243249 -0.223104 False
0.775858 0.243140 -0.224499 False
0.777344 0.241813 -0.225154 False
0.779504 0.242624 -0.224968 False
0.777371 0.240335 -0.222082 False
0.777893 0.241113 -0.223433 False
0.781779 0.241813 -0.223700 False
0.777345 0.242544 -0.224792 False
0.779206 0.241813 -0.224374 False
0.777218 0.241813 -0.225231 False
0.776527 0.241848 -0.224857 False
0.778010 0.244023 -0.223880 False
0.779428 0.242510 -0.223804 False
0.778135 0.241813 -0.223853 False
0.778151 0.241848 -0.223701 False
0.778508 0.241743 -0.223855 False
0.777237 0.241070 -0.223769 False
0.776482 0.240722 -0.223752 False
0.776276 0.240717 -0.223809 False
0.776649 0.241072 -0.223942 False
0.778131 0.242301 -0.224232 False
0.777341 0.241002 -0.224118 False
0.777285 0.242475 -0.224895 False
0.775832 0.241072 -0.223577 False
0.782628 0.242857 -0.223258 False
0.779825 0.241813 -0.223101 False
0.777071 0.241813 -0.223774 False
0.777863 0.241813 -0.222234 False
0.778049 0.241113 -0.224831 False
0.778895 0.240897 -0.222342 False
0.776736 0.240898 -0.223987 False
0.781380 0.244348 -0.225488 False
0.781308 0.240894 -0.223422 False
0.776817 0.240370 -0.223917 False
0.779193 0.240300 -0.224221 False
0.775453 0.241037 -0.222484 False
0.776646 0.241141 -0.224386 False
0.778521 0.241072 -0.224862 False
0.778756 0.241813 -0.217651 False
0.780007 0.240453 -0.222454 False
0.779503 0.240336 -0.223711 False
0.776133 0.242475 -0.218886 False
0.776521 0.241142 -0.222037 False
0.775644 0.241072 -0.224634 False
0.777219 0.240828 -0.223619 False
0.776007 0.241735 -0.222354 False
0.782742 0.241311 -0.224940 False
0.778316 0.242936 -0.223441 False
0.778185 0.240300 -0.224633 False
0.776646 0.240300 -0.223701 False
0.776316 0.240932 -0.224711 False
0.776619 0.240330 -0.224397 False
0.778408 0.241072 -0.225658 False
0.775725 0.240300 -0.223897 False
0.776424 0.241072 -0.225396 False
0.777091 0.240932 -0.225926 False
0.776026 0.241072 -0.224943 False
0.775797 0.240335 -0.224374 False
0.776447 0.240932 -0.225122 False
0.776859 0.240897 -0.224780 False
0.776968 0.241230 -0.225384 False
0.776702 0.241037 -0.223744 False
0.774539 0.240566 -0.224401 False
0.782593 0.242088 -0.226363 False
0.776065 0.241735 -0.225327 False
0.776103 0.241113 -0.225736 False
0.777586 0.240932 -0.222354 False
0.776767 0.241112 -0.223736 False
0.780624 0.240932 -0.224833 False
0.775582 0.241107 -0.222203 False
0.775168 0.243140 -0.226666 False
0.777370 0.240522 -0.224249 False
0.776319 0.240933 -0.225384 False
0.778155 0.242304 -0.223961 False
0.775881 0.240405 -0.227461 False
0.776648 0.240932 -0.226548 False
0.779667 0.240933 -0.226032 False
0.781444 0.244951 -0.224723 False
0.775746 0.240266 -0.226027 False
0.779561 0.243279 -0.224775 False
0.777786 0.240231 -0.225458 False
0.778730 0.240928 -0.225139 False
0.776940 0.240405 -0.223762 False
0.776421 0.240405 -0.223730 False
0.776937 0.240405 -0.226337 False
0.776702 0.240954 -0.223404 False
0.777560 0.240859 -0.223427 False
0.777470 0.240230 -0.223393 False
0.774943 0.240231 -0.224649 False
0.779121 0.240897 -0.225259 False
0.777625 0.240440 -0.224437 False
0.779273 0.240241 -0.224093 False
0.778333 0.241112 -0.224358 False
0.777911 0.240933 -0.220526 False
0.780510 0.245730 -0.227460 False
0.777864 0.240933 -0.224107 False
0.778038 0.241071 -0.223380 False
0.778372 0.240933 -0.218721 False
0.789038 0.248879 -0.229874 False
0.795080 0.258220 -0.236906 False
0.796214 0.269005 -0.239576 False
0.792162 0.281284 -0.237642 False
0.782639 0.295105 -0.230862 False
0.767367 0.310519 -0.218995 False
0.746062 0.327575 -0.201800 False
0.718444 0.346323 -0.179035 False
0.684843 0.374407 -0.144636 False
0.641403 0.372725 -0.129490 False
0.585026 0.328668 -0.136339 False
0.530800 0.297810 -0.157320 False
0.475768 0.284272 -0.200327 False
0.439018 0.271579 -0.227573 False
0.423500 0.260683 -0.234712 False
0.421539 0.243394 -0.239230 False
0.422656 0.242196 -0.239207 False
0.426946 0.241334 -0.240008 False
0.426050 0.240579 -0.242068 False
0.427750 0.240579 -0.241690 False
0.426537 0.240578 -0.241191 False
0.426289 0.239032 -0.241679 False
0.426537 0.239203 -0.243018 False
0.426537 0.241987 -0.241871 False
0.426215 0.242055 -0.242571 False
0.426485 0.240680 -0.241659 False
0.425885 0.239755 -0.242385 False
0.426233 0.242020 -0.242368 False
0.426289 0.238315 -0.241534 False
0.425955 0.239721 -0.241139 False
0.426302 0.240545 -0.241237 False
0.425898 0.240546 -0.242005 False
0.425942 0.240612 -0.232039 False
0.426252 0.239168 -0.242139 False
0.425868 0.238930 -0.241169 False
0.426639 0.239237 -0.242154 False
0.426105 0.240646 -0.242728 False
0.426646 0.239551 -0.240112 False
0.426205 0.239881 -0.240661 False
0.426590 0.238408 -0.240734 False
0.426606 0.240578 -0.242761 False
0.426547 0.239058 -0.241634 False
0.426206 0.239924 -0.242123 False
0.426055 0.238412 -0.240953 False
0.426639 0.239891 -0.241298 False
0.426945 0.240714 -0.242816 False
0.426472 0.239915 -0.240964 False
0.425986 0.239991 -0.241147 False
0.426061 0.238967 -0.241644 False
0.425383 0.257963 -0.226028 False
0.425108 0.261409 -0.240113 False
0.423984 0.259791 -0.248449 False
0.421697 0.249341 -0.249058 False
0.419806 0.250159 -0.250570 False
0.417932 0.250997 -0.252102 False
0.416077 0.251853 -0.253656 False
0.414241 0.252728 -0.255228 False
0.412423 0.253620 -0.256818 False
0.410625 0.254529 -0.258426 False
0.408847 0.255453 -0.260049 False
0.407089 0.256391 -0.261687 False
0.405351 0.257344 -0.263338 False
0.403634 0.258309 -0.265001 False
0.401939 0.259286 -0.266676 False
0.400265 0.260275 -0.268360 False
0.398612 0.261274 -0.270053 False
0.396982 0.262283 -0.271754 False
0.395375 0.263300 -0.273462 False
0.393791 0.264325 -0.275174 False
0.392230 0.265357 -0.276891 False
0.390693 0.266395 -0.278611 False
0.389180 0.267439 -0.280333 False
0.387691 0.268486 -0.282055 False
0.386228 0.269538 -0.283777 False
0.384789 0.270591 -0.285497 False
0.383376 0.271647 -0.287215 False
0.381989 0.272704 -0.288929 False
0.380628 0.273760 -0.290637 False
0.379294 0.274816 -0.292339 False
0.377987 0.275870 -0.294034 False
0.376707 0.276922 -0.295720 False
0.375455 0.277970 -0.297396 False
0.374231 0.279014 -0.299062 False
0.373036 0.280053 -0.300715 False
0.371869 0.281087 -0.302356 False
0.370732 0.282113 -0.303982 False
0.369624 0.283131 -0.305592 False
0.368546 0.284141 -0.307185 False
0.367499 0.285142 -0.308761 False
0.366482 0.286133 -0.310318 False
0.365496 0.287112 -0.311854 False
0.364541 0.288079 -0.313370 False
0.363618 0.289034 -0.314862 False
0.362727 0.289975 -0.316331 False
0.361869 0.290901 -0.317776 False
0.361044 0.291812 -0.319194 False
0.360251 0.292707 -0.320585 False
0.359493 0.293585 -0.321948 False
0.358768 0.294445 -0.323281 False
0.358077 0.295285 -0.324584 False
0.357421 0.296107 -0.325855 False
0.356801 0.296907 -0.327093 False
0.356215 0.297686 -0.328297 False
0.355665 0.298443 -0.329466 False
0.355152 0.299177 -0.330599 False
0.354674 0.299887 -0.331694 False
0.354234 0.300572 -0.332750 False
0.353831 0.301232 -0.333766 False
0.353465 0.301864 -0.334741 False
0.353138 0.302470 -0.335674 False
0.352848 0.303047 -0.336564 False
0.352598 0.303595 -0.337409 False
0.352386 0.304113 -0.338208 False
0.352213 0.304600 -0.338961 False
0.352081 0.305055 -0.339666 False
0.351988 0.305478 -0.340321 False
0.351936 0.305867 -0.340926 False
0.351925 0.306223 -0.341480 False
0.351955 0.306543 -0.341981 False
0.352026 0.306827 -0.342428 False
0.352140 0.307074 -0.342821 False
0.352296 0.307283 -0.343157 False
0.352494 0.307454 -0.343436 False
0.352735 0.307585 -0.343657 False
0.353020 0.307676 -0.343818 False
0.353348 0.307726 -0.343918 False
0.353721 0.307734 -0.343956 False
0.354138 0.307699 -0.343932 False
0.354600 0.307621 -0.343843 False
0.355107 0.307497 -0.343688 False
0.355660 0.307329 -0.343468 False
0.356258 0.307114 -0.343179 False
0.356903 0.306851 -0.342822 False
0.357594 0.306541 -0.342394 False
0.358333 0.306182 -0.341896 False
0.359119 0.305773 -0.341325 False
0.359952 0.305314 -0.340681 False
0.360834 0.304803 -0.339962 False
0.361764 0.304239 -0.339167 False
0.362743 0.303623 -0.338295 False
0.363771 0.302952 -0.337345 False
0.364849 0.302227 -0.336316 False
0.365976 0.301446 -0.335206 False
0.367154 0.300608 -0.334015 False
0.368383 0.299713 -0.332741 False
0.369662 0.298759 -0.331383 False
0.370993 0.297747 -0.329940 False
0.372376 0.296674 -0.328411 False
0.373811 0.295540 -0.326795 False
0.375298 0.294345 -0.325090 False
0.376838 0.293086 -0.323295 False
0.378431 0.291765 -0.321409 False
0.380078 0.290379 -0.319431 False
0.381779 0.288928 -0.317360 False
0.383534 0.287411 -0.315195 False
0.385343 0.285826 -0.312934 False
0.387208 0.284174 -0.310577 False
0.389128 0.282454 -0.308122 False
0.391104 0.280664 -0.305567 False
0.393135 0.278803 -0.302913 False
0.395224 0.276872 -0.300157 False
0.397369 0.274868 -0.297299 False
0.399571 0.272791 -0.294337 False
0.401831 0.270641 -0.291271 False
0.404149 0.268416 -0.288098 False
0.406525 0.266115 -0.284819 False
0.408960 0.263738 -0.281431 False
0.411490 0.261246 -0.277881 False
0.413902 0.258834 -0.274448 False
0.416186 0.256510 -0.271140 False
0.418333 0.254280 -0.267968 False
0.420333 0.252152 -0.264944 False
0.422178 0.250133 -0.262077 False
0.423857 0.248230 -0.259378 False
0.425362 0.246450 -0.256859 False
0.426683 0.244800 -0.254528 False
0.427810 0.243288 -0.252397 False
0.428735 0.241919 -0.250477 False
0.429447 0.240702 -0.248778 False
0.429938 0.239644 -0.247311 False
0.430199 0.238752 -0.246085 False
0.430219 0.238032 -0.245113 False
0.429989 0.237492 -0.244403 False
0.429501 0.237139 -0.243968 False
0.428745 0.236979 -0.243817 False
0.427711 0.237021 -0.243961 False
0.426389 0.237272 -0.244410 False
0.424462 0.237352 -0.245346 False
0.423785 0.240799 -0.245832 False
0.424312 0.238017 -0.245811 False
0.425041 0.238248 -0.246531 False
0.425470 0.238787 -0.248234 False
0.425215 0.239073 -0.248590 False
0.424241 0.239091 -0.247524 False
0.422509 0.238824 -0.244959 False
0.419531 0.238048 -0.240121 False
0.419252 0.237904 -0.235893 False
0.412293 0.238021 -0.237628 False
0.408272 0.238197 -0.239155 False
0.407369 0.238431 -0.240456 False
0.409763 0.238726 -0.241512 False
0.415522 0.236680 -0.245624 False
0.425490 0.244675 -0.235025 False
0.439053 0.264989 -0.211649 False
0.465290 0.291999 -0.144657 False
0.476964 0.306930 -0.116870 False
0.494104 0.326488 -0.154316 False
0.541511 0.351692 -0.080925 False
0.565837 0.364655 -0.070976 False
0.612387 0.366121 -0.081550 False
0.649543 0.362590 -0.097105 False
0.673516 0.354641 -0.117416 False
0.704378 0.335326 -0.147581 False
0.729567 0.317086 -0.174127 False
0.748722 0.300032 -0.196779 False
0.761479 0.284275 -0.215257 False
0.767474 0.269925 -0.229287 False
0.764382 0.256522 -0.237750 False
0.763317 0.247117 -0.244859 False
0.764436 0.241939 -0.250529 False
0.767896 0.241219 -0.254670 False
0.774553 0.246530 -0.256872 False
0.780475 0.251163 -0.258774 False
0.785632 0.255065 -0.260361 False
0.789995 0.258185 -0.261619 False
0.793538 0.260472 -0.262532 False
0.796230 0.261874 -0.263086 False
0.798044 0.262340 -0.263266 False
0.798951 0.261819 -0.263057 False
0.798924 0.260258 -0.262444 False
0.797932 0.257607 -0.261413 False
0.795949 0.253815 -0.259948 False
0.792946 0.248829 -0.258035 False
0.788894 0.242599 -0.255659 False
0.782784 0.234268 -0.252110 False
0.780326 0.227936 -0.251091 False
0.782625 0.224242 -0.253397 False
0.784812 0.220615 -0.255679 False
0.786890 0.217063 -0.257932 False
0.788858 0.213594 -0.260151 False
0.790718 0.210217 -0.262330 False
0.792469 0.206938 -0.264464 False
0.794113 0.203766 -0.266548 False
0.795650 0.200709 -0.268577 False
0.797081 0.197774 -0.270545 False
0.798407 0.194969 -0.272448 False
0.799628 0.192303 -0.274280 False
0.800745 0.189783 -0.276035 False
0.801758 0.187417 -0.277709 False
0.802669 0.185213 -0.279296 False
0.803477 0.183179 -0.280792 False
0.804184 0.181322 -0.282190 False
0.804789 0.179651 -0.283486 False
0.805295 0.178174 -0.284674 False
0.805701 0.176898 -0.285750 False
0.806008 0.175831 -0.286707 False
0.806217 0.174982 -0.287541 False
0.806328 0.174357 -0.288247 False
0.806342 0.173965 -0.288818 False
0.806260 0.173814 -0.289251 False
0.806083 0.173912 -0.289540 False
0.805810 0.174267 -0.289679 False
0.805443 0.174886 -0.289663 False
0.804982 0.175777 -0.289488 False
0.804428 0.176948 -0.289147 False
0.803782 0.178408 -0.288636 False
0.803044 0.180163 -0.287950 False
0.802215 0.182223 -0.287082 False
0.801296 0.184594 -0.286029 False
0.800287 0.187285 -0.284784 False
0.799188 0.190303 -0.283342 False
0.798001 0.193657 -0.281699 False
0.796727 0.197354 -0.279849 False
0.795365 0.201403 -0.277787 False
0.793917 0.205810 -0.275507 False
0.792382 0.210585 -0.273004 False
0.790763 0.215734 -0.270274 False
0.789059 0.221266 -0.267310 False
0.787271 0.227189 -0.264108 False
0.785400 0.233510 -0.260662 False
0.783446 0.240237 -0.256968 False
0.781248 0.250098 -0.252181 False
0.779755 0.249084 -0.250778 False
0.779555 0.230071 -0.254668 False
0.776667 0.230862 -0.254288 False
0.775796 0.227048 -0.250822 False
0.777595 0.228670 -0.251640 False
0.783826 0.239312 -0.259486 False
0.784202 0.240269 -0.259827 False
0.784140 0.241154 -0.259266 False
0.783616 0.241965 -0.257753 False
0.782605 0.242701 -0.255241 False
0.781254 0.243259 -0.251201 False
0.777953 0.244351 -0.248104 False
0.776002 0.244929 -0.246270 False
0.775485 0.244968 -0.245770 False
0.776483 0.244442 -0.246675 False
0.779079 0.243326 -0.249055 False
0.785897 0.240805 -0.254444 False
0.777763 0.242323 -0.254412 False
0.782441 0.239382 -0.250444 False
0.785962 0.242049 -0.255554 False
0.776532 0.230813 -0.252103 False
0.777608 0.236855 -0.250942 False
0.777957 0.239767 -0.250927 False
0.777535 0.239380 -0.252117 False
0.775738 0.233846 -0.255488 False
0.776283 0.230932 -0.255740 False
0.776260 0.237138 -0.254821 False
0.777079 0.238148 -0.255281 False
0.777896 0.239137 -0.255736 False
0.778708 0.240103 -0.256185 False
0.779513 0.241043 -0.256625 False
0.780305 0.241955 -0.257055 False
0.781083 0.242835 -0.257473 False
0.781843 0.243681 -0.257876 False
0.782581 0.244490 -0.258264 False
0.783294 0.245260 -0.258634 False
0.783980 0.245988 -0.258985 False
0.784634 0.246671 -0.259314 False
0.785253 0.247307 -0.259620 False
0.785835 0.247893 -0.259901 False
0.786375 0.248426 -0.260155 False
0.786871 0.248904 -0.260380 False
0.787319 0.249323 -0.260575 False
0.787715 0.249681 -0.260737 False
0.788058 0.249977 -0.260865 False
0.788343 0.250205 -0.260957 False
0.788566 0.250365 -0.261011 False
0.788726 0.250454 -0.261026 False
0.788818 0.250468 -0.260998 False
0.788839 0.250405 -0.260928 False
0.788785 0.250263 -0.260812 False
0.788655 0.250039 -0.260649 False
0.788443 0.249729 -0.260437 False
0.788148 0.249332 -0.260174 False
0.787765 0.248844 -0.259858 False
0.787291 0.248264 -0.259488 False
0.786724 0.247588 -0.259062 False
0.786059 0.246813 -0.258578 False
0.785294 0.245937 -0.258033 False
0.784424 0.244958 -0.257427 False
0.783448 0.243872 -0.256757 False
0.782361 0.242677 -0.256022 False
0.781161 0.241371 -0.255219 False
0.779843 0.239950 -0.254348 False
0.778405 0.238411 -0.253405 False
0.776634 0.236095 -0.252174 False
0.775909 0.237086 -0.251999 False
0.775366 0.237937 -0.251879 False
0.775015 0.238636 -0.251817 False
0.774867 0.239174 -0.251815 False
0.774933 0.239540 -0.251876 False
0.775222 0.239724 -0.252002 False
0.775747 0.239716 -0.252196 False
0.776518 0.239504 -0.252461 False
0.777545 0.239080 -0.252798 False
0.778986 0.238352 -0.253253 False
0.779995 0.237721 -0.253600 False
0.780546 0.237191 -0.253830 False
0.780610 0.236769 -0.253938 False
0.780159 0.236461 -0.253915 False
0.779165 0.236274 -0.253754 False
0.777634 0.236914 -0.253701 False
0.775151 0.234047 -0.252081 False
0.772768 0.231299 -0.250521 False
0.770496 0.228682 -0.249030 False
0.768347 0.226208 -0.247613 False
0.766335 0.223891 -0.246278 False
0.764472 0.221742 -0.245032 False
0.762769 0.219774 -0.243883 False
0.761238 0.218000 -0.242837 False
0.759893 0.216432 -0.241902 False
0.758744 0.215083 -0.241085 False
0.757805 0.213965 -0.240393 False
0.757087 0.213090 -0.239833 False
0.756603 0.212471 -0.239412 False
0.756365 0.212121 -0.239138 False
0.756385 0.212052 -0.239018 False
0.756675 0.212277 -0.239059 False
0.757248 0.212807 -0.239267 False
0.758115 0.213656 -0.239651 False
0.759290 0.214836 -0.240218 False
0.760783 0.216359 -0.240974 False
0.762608 0.218239 -0.241927 False
0.764776 0.220486 -0.243083 False
0.767300 0.223115 -0.244451 False
0.770192 0.226137 -0.246037 False
0.773464 0.229566 -0.247848 False
0.777128 0.233412 -0.249892 False
0.781989 0.238300 -0.252596 False
0.783423 0.241095 -0.253721 False
0.780195 0.241648 -0.252723 False
0.778175 0.240020 -0.251967 False
0.777441 0.236104 -0.251471 False
0.778782 0.227111 -0.250950 False
0.777593 0.229311 -0.252665 False
0.776759 0.229986 -0.253282 False
0.775934 0.227678 -0.252263 False
0.777317 0.229401 -0.252116 False
0.783141 0.240041 -0.253529 False
0.777479 0.228674 -0.252257 False
0.785836 0.234273 -0.253751 False
0.781085 0.239261 -0.252686 False
