-0.071649 0.194934 0.014379 False
-0.067231 0.187578 0.012245 False
-0.062822 0.180267 0.010128 False
-0.058399 0.172942 0.008021 False
-0.053939 0.165545 0.005917 False
-0.049420 0.158017 0.003809 False
-0.044821 0.150299 0.001688 False
-0.040118 0.142332 -0.000451 False
-0.035289 0.134058 -0.002618 False
-0.030312 0.125417 -0.004818 False
-0.025165 0.116350 -0.007059 False
-0.019825 0.106800 -0.009350 False
-0.014270 0.096707 -0.011696 False
-0.008478 0.086012 -0.014105 False
-0.002426 0.074656 -0.016585 False
0.003908 0.062581 -0.019143 False
0.010547 0.049728 -0.021786 False
0.017511 0.036038 -0.024522 False
0.026334 0.018066 -0.029171 True
0.034070 0.005245 -0.028191 True
0.035883 -0.002589 -0.029426 False
0.035857 -0.006724 -0.030286 False
0.035250 -0.007325 -0.030330 False
0.035320 -0.004560 -0.029119 False
0.037325 0.001406 -0.026210 True
0.043106 0.010533 -0.019979 False
0.052698 0.022390 -0.012577 False
0.066722 0.036673 -0.004972 False
0.085797 0.053076 0.001868 False
0.110543 0.071295 0.006977 False
0.141581 0.091024 0.009388 False
0.179529 0.111959 0.008133 False
0.225008 0.133795 0.002246 False
0.278638 0.156227 -0.009241 False
0.341039 0.178950 -0.027295 False
0.412831 0.201660 -0.052882 False
0.494633 0.224051 -0.086970 False
0.608994 0.269440 -0.139105 False
0.720491 0.247711 -0.205864 False
0.750467 0.219690 -0.218038 False
0.736607 0.215436 -0.214168 False
0.699491 0.218623 -0.205372 False
0.615074 0.205636 -0.178849 False
0.364857 0.104960 -0.066473 False
0.302105 0.100365 -0.061977 False
0.296435 0.138663 -0.102006 False
0.313611 0.168630 -0.129877 False
0.324217 0.185585 -0.134656 False
0.311197 0.197637 -0.123941 False
0.294993 0.209242 -0.116872 False
0.276072 0.265000 -0.146549 False
0.286751 0.252015 -0.159634 False
0.274280 0.181716 -0.099589 False
0.263106 0.182059 -0.099430 False
0.254627 0.239451 -0.136442 False
0.270433 0.233649 -0.145720 False
0.279453 0.165171 -0.113789 False
0.270055 0.141204 -0.117253 False
0.253041 0.132661 -0.125707 False
0.236733 0.122721 -0.139422 False
0.226617 0.113888 -0.151499 False
0.222222 0.109623 -0.161534 False
0.223392 0.112868 -0.166003 False
0.229629 0.126874 -0.159438 False
0.237356 0.156010 -0.149871 False
0.234442 0.170752 -0.153037 False
0.216075 0.157206 -0.168417 False
0.201403 0.129779 -0.181596 False
0.200668 0.109670 -0.191190 False
0.206639 0.107449 -0.194427 False
0.220461 0.093939 -0.192063 False
0.222177 0.082481 -0.188730 False
0.219636 0.076996 -0.187250 False
0.216471 0.071887 -0.186617 False
0.211557 0.070746 -0.183177 False
0.200076 0.077389 -0.167625 False
0.188489 0.090787 -0.108633 False
0.200549 0.140039 -0.103673 False
0.255945 0.203082 -0.105288 False
0.270211 0.221584 -0.044371 False
0.265364 0.215556 -0.031511 False
0.245379 0.192706 -0.036237 False
0.246885 0.182957 -0.031535 False
0.272847 0.181705 -0.018927 False
0.235395 0.176569 -0.022520 False
0.224875 0.173316 -0.021730 False
0.224845 0.165209 -0.022617 False
0.225374 0.157495 -0.023627 False
0.220942 0.150689 -0.024818 False
0.210653 0.138479 -0.027718 False
0.200196 0.117818 -0.033562 False
0.193848 0.093187 -0.048617 False
0.194036 0.097048 -0.074769 False
0.188666 0.106311 -0.090037 False
0.184572 0.106656 -0.101383 False
0.185624 0.099383 -0.112284 False
0.186784 0.090596 -0.120728 False
0.189531 0.086043 -0.125649 False
0.195182 0.084842 -0.129076 False
0.194169 0.087823 -0.130375 False
0.188532 0.081638 -0.133561 False
0.173031 0.077563 -0.131101 False
0.168451 0.065225 -0.134240 False
0.165689 0.057120 -0.139785 False
0.157345 0.070097 -0.151673 False
0.166477 0.119953 -0.156760 False
0.177267 0.107652 -0.184065 False
0.192880 0.096526 -0.195792 False
0.208795 0.090241 -0.196197 False
0.214667 0.091555 -0.194151 False
0.214697 0.096299 -0.195698 False
0.217659 0.093043 -0.202167 False
0.217489 0.097592 -0.215194 False
0.220838 0.099050 -0.215799 False
0.219017 0.113671 -0.208132 False
0.218571 0.137574 -0.193048 False
0.218098 0.158912 -0.180344 False
0.216205 0.183611 -0.164752 False
0.212758 0.201347 -0.153311 False
0.209332 0.215277 -0.144859 False
0.205305 0.225025 -0.134462 False
0.204532 0.226386 -0.118066 False
0.195661 0.242439 -0.103381 False
0.195420 0.256173 -0.088551 False
0.202913 0.280968 -0.087944 False
0.206592 0.276047 -0.072168 False
0.212554 0.271337 -0.051444 False
0.208397 0.248643 -0.050796 False
0.211616 0.208672 -0.029803 False
0.197755 0.224325 -0.037697 False
0.210399 0.261690 -0.044931 False
0.216696 0.266195 -0.046293 False
0.222683 0.265210 -0.045040 False
0.223973 0.256603 -0.042436 False
0.227063 0.252582 -0.034838 False
0.228521 0.239674 -0.023344 False
0.228338 0.226979 -0.014425 False
0.224753 0.222441 -0.016408 False
0.220208 0.220809 -0.024392 False
0.215781 0.221084 -0.037630 False
0.212555 0.222262 -0.055373 False
0.211609 0.223342 -0.076871 False
0.217379 0.222413 -0.102194 False
0.226407 0.220339 -0.132439 False
0.226984 0.217288 -0.155484 False
0.222078 0.210093 -0.169559 False
0.206527 0.216617 -0.164684 False
0.186522 0.200625 -0.167606 False
0.173581 0.193311 -0.170936 False
0.168645 0.189494 -0.170018 False
0.174775 0.188196 -0.165891 False
0.197030 0.191879 -0.153592 False
0.191814 0.194046 -0.156318 False
0.162035 0.191470 -0.174015 False
0.162886 0.186125 -0.191718 False
0.157485 0.186724 -0.197803 False
0.154958 0.189553 -0.200852 False
0.156885 0.194250 -0.201509 False
0.162171 0.198318 -0.201752 False
0.165650 0.199567 -0.203319 False
0.167815 0.199331 -0.204976 False
0.168960 0.198017 -0.208302 False
0.169083 0.198022 -0.212055 False
0.172755 0.194954 -0.220731 False
0.175576 0.189189 -0.226720 False
0.180300 0.192666 -0.234636 False
0.186733 0.191094 -0.239542 False
0.192618 0.193004 -0.235846 False
0.203587 0.199351 -0.228158 False
0.213542 0.195622 -0.213331 False
0.234029 0.185508 -0.195638 False
0.260805 0.182284 -0.182904 False
0.256407 0.181279 -0.173551 False
0.246594 0.175559 -0.171692 False
0.264466 0.177641 -0.175984 False
0.275555 0.169027 -0.184217 False
0.267721 0.155045 -0.193002 False
0.260881 0.147935 -0.192222 False
0.259827 0.145509 -0.192200 False
0.256155 0.137123 -0.193817 False
0.255654 0.136500 -0.196121 False
0.255334 0.146363 -0.202319 False
0.251814 0.194596 -0.213671 False
0.250071 0.257068 -0.210127 False
0.232232 0.309199 -0.191437 False
0.220846 0.338832 -0.168788 False
0.209037 0.327487 -0.156488 False
0.159761 0.299241 -0.159469 False
0.126195 0.285510 -0.153863 False
0.134564 0.244410 -0.155766 False
0.194503 0.193114 -0.183773 False
0.231661 0.170785 -0.201909 False
0.250555 0.173370 -0.204251 False
0.248590 0.184487 -0.197630 False
0.238912 0.196785 -0.201444 False
0.227482 0.199229 -0.212741 False
0.207220 0.188021 -0.231114 False
0.182081 0.174464 -0.232936 False
0.199935 0.175856 -0.225928 False
0.212746 0.189082 -0.215937 False
0.210718 0.194478 -0.213423 False
0.206288 0.203837 -0.210996 False
0.213482 0.211296 -0.207927 False
0.217435 0.216156 -0.206262 False
0.215953 0.217875 -0.206616 False
0.217611 0.220793 -0.203621 False
0.216251 0.219761 -0.205252 False
0.215436 0.219412 -0.205693 False
0.215718 0.218452 -0.205081 False
0.215873 0.216415 -0.203854 False
0.215518 0.215329 -0.204689 False
0.214344 0.214273 -0.206627 False
0.214219 0.213013 -0.207841 False
0.212050 0.212581 -0.208801 False
0.211242 0.212618 -0.210120 False
0.209423 0.210589 -0.214331 False
0.204045 0.204754 -0.220986 False
0.204487 0.202150 -0.230519 False
0.197271 0.207418 -0.239532 False
0.206590 0.218863 -0.238528 False
0.220490 0.221046 -0.232198 False
0.232090 0.207799 -0.231068 False
0.234651 0.197373 -0.234270 False
0.238414 0.191063 -0.235821 False
0.246172 0.190305 -0.233650 False
0.250223 0.189375 -0.233983 False
0.251777 0.186308 -0.236117 False
0.252251 0.183693 -0.239571 False
0.250690 0.181746 -0.247586 False
0.223305 0.198104 -0.250722 False
0.197662 0.226183 -0.226394 False
0.200189 0.241657 -0.198570 False
0.205488 0.245643 -0.186049 False
0.207247 0.248411 -0.180165 False
0.207789 0.250139 -0.177549 False
0.209601 0.250151 -0.176694 False
0.213468 0.251229 -0.174947 False
0.217666 0.252721 -0.171182 False
0.220441 0.252691 -0.164572 False
0.222980 0.250221 -0.157161 False
0.228028 0.249246 -0.149541 False
0.232716 0.247673 -0.142053 False
0.236343 0.244213 -0.135029 False
0.240455 0.243626 -0.132179 False
0.236781 0.252556 -0.137191 False
0.230168 0.262035 -0.141692 False
0.227566 0.258518 -0.133853 False
0.227310 0.250194 -0.123717 False
0.235738 0.239225 -0.115750 False
0.249826 0.226847 -0.112106 False
0.249550 0.223731 -0.111028 False
0.242526 0.222621 -0.118367 False
0.224442 0.221618 -0.131914 False
0.203325 0.207441 -0.121808 False
0.185288 0.190332 -0.110969 False
0.180447 0.186095 -0.105735 False
0.177527 0.185749 -0.104719 False
0.181888 0.189543 -0.104960 False
0.188786 0.189608 -0.106549 False
0.195460 0.191933 -0.107060 False
0.199497 0.192264 -0.107966 False
0.199577 0.192288 -0.111689 False
0.200387 0.191326 -0.122028 False
0.197725 0.192310 -0.138090 False
0.198108 0.187235 -0.163394 False
0.194047 0.170838 -0.188364 False
0.198472 0.157817 -0.201697 False
0.205941 0.147762 -0.207980 False
0.215090 0.133494 -0.207725 False
0.218084 0.130289 -0.205547 False
0.215739 0.130331 -0.204085 False
0.209156 0.130519 -0.203080 False
0.197974 0.133495 -0.201600 False
0.195466 0.143372 -0.206096 False
0.213159 0.182864 -0.219135 False
0.229271 0.178653 -0.228230 False
0.197335 0.153922 -0.208400 False
0.199195 0.173589 -0.203925 False
0.177036 0.154691 -0.155930 False
0.182821 0.147223 -0.115548 False
0.212020 0.136737 -0.088797 False
0.247344 0.110592 -0.077122 False
0.267982 0.088707 -0.076457 False
0.270176 0.082068 -0.080199 False
0.266822 0.088557 -0.084242 False
0.263140 0.083808 -0.089066 False
0.261755 0.083860 -0.091978 False
0.261236 0.086861 -0.095924 False
0.261079 0.089905 -0.097913 False
0.261952 0.091716 -0.099505 False
0.263463 0.093576 -0.102546 False
0.264358 0.098084 -0.105191 False
0.264821 0.107569 -0.105905 False
0.263855 0.110979 -0.106847 False
0.261806 0.108155 -0.108264 False
0.260235 0.099764 -0.111123 False
0.258881 0.097305 -0.111536 False
0.257461 0.098645 -0.110038 False
0.256818 0.099889 -0.108142 False
0.255324 0.100958 -0.105569 False
0.253658 0.100771 -0.101649 False
0.253272 0.100879 -0.099214 False
0.254948 0.102913 -0.096857 False
0.255628 0.105080 -0.096507 False
0.252243 0.105939 -0.096473 False
0.228259 0.105694 -0.091327 False
0.134915 0.097040 -0.074999 False
0.056271 0.051013 -0.044742 False
0.037666 0.032490 -0.032467 False
0.094990 0.025808 -0.045566 True
0.327461 0.059201 -0.093451 False
0.396394 0.071157 -0.104491 False
0.401469 0.071222 -0.099194 False
0.341732 0.055410 -0.079473 False
0.107069 0.021020 -0.034517 True
0.062921 0.040123 -0.040890 True
0.102165 0.114903 -0.052241 False
0.170613 0.153278 -0.055752 False
0.231989 0.137034 -0.056210 False
0.260515 0.114475 -0.063676 False
0.265452 0.100820 -0.077147 False
0.261938 0.102604 -0.084800 False
0.257015 0.107582 -0.086307 False
0.255357 0.108116 -0.082607 False
0.252721 0.108847 -0.078336 False
0.253747 0.108203 -0.077808 False
0.253800 0.110015 -0.080968 False
0.259288 0.111910 -0.086402 False
0.261412 0.117447 -0.091847 False
0.263024 0.117997 -0.094703 False
0.262275 0.117594 -0.093330 False
0.260715 0.115598 -0.088155 False
0.261572 0.113616 -0.086108 False
0.264598 0.114875 -0.088763 False
0.266026 0.119114 -0.092439 False
0.268720 0.123695 -0.091699 False
0.268093 0.124477 -0.089703 False
0.265739 0.122087 -0.088111 False
0.263744 0.120532 -0.085459 False
0.261352 0.114952 -0.084217 False
0.261989 0.111202 -0.083511 False
0.263878 0.112322 -0.083952 False
0.262531 0.110967 -0.087753 False
0.266392 0.113907 -0.090507 False
0.267345 0.115832 -0.090737 False
0.265760 0.115653 -0.087969 False
0.267256 0.114993 -0.087868 False
0.281455 0.119519 -0.099457 False
0.264001 0.117895 -0.089342 False
0.261128 0.114935 -0.089506 False
0.264353 0.113216 -0.092899 False
0.270181 0.110037 -0.094133 False
0.272883 0.109653 -0.093878 False
0.276749 0.109422 -0.091286 False
0.280165 0.107702 -0.086904 False
0.281782 0.104872 -0.085436 False
0.283532 0.102101 -0.085930 False
0.282290 0.099549 -0.086866 False
0.278031 0.096545 -0.087330 False
0.277329 0.095152 -0.086624 False
0.277763 0.095326 -0.084418 False
0.276231 0.095606 -0.084021 False
0.275310 0.098540 -0.084419 False
0.273294 0.101067 -0.083788 False
0.270916 0.100027 -0.080840 False
0.268794 0.098538 -0.077566 False
0.268613 0.097778 -0.075669 False
0.269732 0.097685 -0.075695 False
0.266786 0.098849 -0.074759 False
0.265922 0.102185 -0.074103 False
0.264366 0.107768 -0.072026 False
0.258646 0.114336 -0.068887 False
0.257754 0.115543 -0.065766 False
0.261290 0.114381 -0.063684 False
0.273839 0.114055 -0.068262 False
0.307675 0.119268 -0.093451 False
0.342844 0.132278 -0.149178 False
0.354115 0.126407 -0.192824 False
0.352422 0.128217 -0.206327 False
0.351022 0.147861 -0.204170 False
0.349282 0.163205 -0.199014 False
0.352831 0.170463 -0.200348 False
0.378012 0.213741 -0.223200 False
0.381674 0.222418 -0.223228 False
0.386511 0.222678 -0.219882 False
0.380592 0.209599 -0.219789 False
0.402921 0.191941 -0.230524 False
0.374484 0.151403 -0.202635 False
0.374498 0.186093 -0.219663 False
0.357619 0.152890 -0.198496 False
0.356659 0.197393 -0.200713 False
0.358562 0.162697 -0.200749 False
0.385981 0.216808 -0.222434 False
0.388506 0.221800 -0.226287 False
0.363790 0.147473 -0.210390 False
0.349736 0.124924 -0.207933 False
0.344074 0.123548 -0.209068 False
0.338823 0.126944 -0.206747 False
0.337062 0.128878 -0.203033 False
0.336375 0.130317 -0.199510 False
0.335153 0.132846 -0.197236 False
0.335966 0.133594 -0.198810 False
0.334086 0.133660 -0.200284 False
0.332978 0.134203 -0.201488 False
0.334295 0.134847 -0.204129 False
0.335932 0.134649 -0.206991 False
0.334137 0.134639 -0.209285 False
0.331103 0.133844 -0.211028 False
0.326102 0.136633 -0.214145 False
0.324117 0.135655 -0.214454 False
0.322994 0.135787 -0.215056 False
0.322140 0.135202 -0.215645 False
0.320619 0.134835 -0.218802 False
0.319364 0.137266 -0.225344 False
0.319850 0.140957 -0.235789 False
0.321605 0.146068 -0.251730 False
0.329061 0.138811 -0.260005 False
0.335965 0.131917 -0.270997 False
0.339373 0.132289 -0.281307 False
0.339765 0.142946 -0.289196 False
0.340716 0.171357 -0.293450 False
0.340233 0.222144 -0.292233 False
0.333911 0.275920 -0.289515 False
0.315629 0.326098 -0.291382 False
0.289838 0.363830 -0.311705 False
0.271706 0.366644 -0.340890 False
0.260112 0.330551 -0.383275 False
0.260546 0.278582 -0.410664 False
0.271104 0.228887 -0.426591 False
0.277798 0.198665 -0.433892 False
0.283607 0.169067 -0.441288 False
0.284458 0.140596 -0.446229 False
0.286640 0.124726 -0.450709 False
0.287311 0.117871 -0.454923 False
0.288518 0.117272 -0.460861 False
0.286391 0.118991 -0.464068 False
0.284753 0.117609 -0.465512 False
0.283112 0.117690 -0.465832 False
0.282771 0.120489 -0.466890 False
0.284805 0.126329 -0.468642 False
0.286931 0.124711 -0.470247 False
0.285357 0.126327 -0.470634 False
0.285342 0.122074 -0.472568 False
0.285348 0.121568 -0.472225 False
0.287149 0.121821 -0.471263 False
0.288610 0.121505 -0.471658 False
0.286574 0.121364 -0.472539 False
0.282359 0.119802 -0.472607 False
0.278145 0.116726 -0.473057 False
0.277395 0.119357 -0.471590 False
0.276602 0.127120 -0.469720 False
0.276590 0.128072 -0.470582 False
0.275398 0.127966 -0.472417 False
0.272682 0.127432 -0.474069 False
0.271916 0.125049 -0.476229 False
0.269072 0.120943 -0.477351 False
0.267561 0.117414 -0.478670 False
0.267931 0.117309 -0.479061 False
0.269314 0.116537 -0.478557 False
0.277404 0.119268 -0.477944 False
0.272764 0.114979 -0.478688 False
0.270403 0.118910 -0.478048 False
0.268629 0.117214 -0.478026 False
0.271675 0.119346 -0.477191 False
0.272141 0.114412 -0.478203 False
0.269246 0.116064 -0.477726 False
0.268374 0.114441 -0.477510 False
0.269434 0.113838 -0.476963 False
0.271887 0.110588 -0.478147 False
0.271116 0.107791 -0.478835 False
0.272019 0.104819 -0.478527 False
0.275365 0.102715 -0.478305 False
0.276677 0.099658 -0.477317 False
0.279876 0.098381 -0.477702 False
0.283472 0.100636 -0.479799 False
0.279722 0.101856 -0.482653 False
0.277324 0.108722 -0.486973 False
0.276265 0.115223 -0.490698 False
0.275792 0.117941 -0.491017 False
0.274592 0.118778 -0.489825 False
0.273134 0.120123 -0.488940 False
0.271016 0.120136 -0.488570 False
0.270605 0.123605 -0.489928 False
0.273383 0.132176 -0.491663 False
0.279214 0.148252 -0.494619 False
0.276064 0.176272 -0.493738 False
0.259297 0.243738 -0.481007 False
0.239102 0.291793 -0.454190 False
0.217710 0.340644 -0.414142 False
0.201592 0.375373 -0.369760 False
0.203496 0.399395 -0.316518 False
0.215984 0.410663 -0.267315 False
0.235732 0.400722 -0.227380 False
0.261614 0.369999 -0.189113 False
0.285194 0.344386 -0.167426 False
0.302930 0.315174 -0.152677 False
0.314048 0.290450 -0.149925 False
0.318546 0.272235 -0.151199 False
0.321153 0.258178 -0.150992 False
0.327006 0.243807 -0.152080 False
0.333129 0.231166 -0.152903 False
0.336269 0.217796 -0.151257 False
0.337886 0.204548 -0.153021 False
0.335506 0.193297 -0.156493 False
0.329158 0.181162 -0.158010 False
0.326818 0.165996 -0.157201 False
0.326617 0.146477 -0.155440 False
0.330391 0.133802 -0.154815 False
0.333598 0.127775 -0.150556 False
0.331739 0.121679 -0.145806 False
0.333050 0.124572 -0.144726 False
0.340299 0.140140 -0.145640 False
0.364485 0.193185 -0.152713 False
0.334569 0.141784 -0.144734 False
0.328690 0.130263 -0.142958 False
0.332618 0.136760 -0.142894 False
0.336280 0.142326 -0.145995 False
0.337371 0.141994 -0.145008 False
0.341861 0.138177 -0.143666 False
0.342017 0.136601 -0.143700 False
0.338943 0.135708 -0.143300 False
0.337110 0.135107 -0.143735 False
0.337725 0.137269 -0.144332 False
0.341682 0.136671 -0.142126 False
0.342917 0.135311 -0.140773 False
0.346316 0.143065 -0.141380 False
0.367256 0.192571 -0.149683 False
0.357615 0.163544 -0.141636 False
0.363091 0.195934 -0.145710 False
0.342461 0.146295 -0.139905 False
0.338806 0.127792 -0.144858 False
0.337913 0.114181 -0.165328 False
0.339434 0.112887 -0.156245 False
0.326837 0.108047 -0.112977 False
0.318939 0.104854 -0.095444 False
0.309461 0.102135 -0.088467 False
0.300718 0.099113 -0.084464 False
0.294024 0.096240 -0.082533 False
0.291331 0.095904 -0.082309 False
0.292979 0.094922 -0.083411 False
0.295935 0.094956 -0.085736 False
0.297094 0.093977 -0.086147 False
0.298200 0.092132 -0.085053 False
0.298580 0.091790 -0.083423 False
0.297507 0.091878 -0.081753 False
0.295698 0.093796 -0.079700 False
0.292070 0.096907 -0.076318 False
0.287634 0.102052 -0.071043 False
0.280739 0.108502 -0.064797 False
0.272002 0.110802 -0.056601 False
0.250094 0.120656 -0.044853 False
0.228750 0.117697 -0.035887 False
0.213267 0.112929 -0.028175 False
0.199832 0.103649 -0.022865 False
0.196977 0.089737 -0.023565 False
0.278873 0.067789 -0.048264 False
0.286019 0.060040 -0.043304 True
0.242242 0.054808 -0.034948 False
0.073885 0.030641 -0.026641 True
0.032208 0.017572 -0.028836 True
0.032747 0.012277 -0.032485 True
0.078916 0.016849 -0.031898 True
0.255005 0.051839 -0.045949 False
0.298115 0.059492 -0.049939 True
0.303697 0.065326 -0.051453 False
0.301823 0.071670 -0.053532 False
0.300764 0.076734 -0.056166 False
0.300219 0.078705 -0.059728 False
0.293019 0.076490 -0.060564 False
0.249639 0.066540 -0.057356 False
0.086502 0.039299 -0.039607 True
0.072353 0.089653 -0.062168 False
0.110701 0.143470 -0.100830 False
0.161603 0.173883 -0.157978 False
0.231383 0.225489 -0.213878 False
0.228959 0.208095 -0.248813 False
0.235262 0.185619 -0.257187 False
0.211886 0.146293 -0.248435 False
0.208060 0.133766 -0.243291 False
0.214375 0.127136 -0.238063 False
0.253788 0.214237 -0.248746 False
0.263186 0.239312 -0.255517 False
0.258489 0.241909 -0.260694 False
0.237456 0.228128 -0.229801 False
0.174903 0.167446 -0.135711 False
0.221334 0.205440 -0.231522 False
0.237323 0.224986 -0.252746 False
0.239586 0.235344 -0.254555 False
0.234856 0.229070 -0.255971 False
0.236981 0.226723 -0.248338 False
0.231317 0.217001 -0.246451 False
0.218864 0.156914 -0.245137 False
0.215201 0.140957 -0.244611 False
0.213399 0.138245 -0.244082 False
0.212727 0.138391 -0.244027 False
0.213549 0.139399 -0.244654 False
0.214408 0.139071 -0.245073 False
0.212649 0.139704 -0.244273 False
0.212113 0.139750 -0.244149 False
0.212163 0.139616 -0.244552 False
0.212406 0.139453 -0.244402 False
0.213014 0.139240 -0.244664 False
0.213624 0.139178 -0.244567 False
0.213365 0.138734 -0.244687 False
0.213223 0.138779 -0.245014 False
0.213121 0.138243 -0.245370 False
0.212808 0.138677 -0.244906 False
0.212680 0.138407 -0.244795 False
0.212892 0.138565 -0.244611 False
0.213075 0.138504 -0.244746 False
0.212976 0.137671 -0.245192 False
0.212904 0.137883 -0.244899 False
0.213033 0.138276 -0.244767 False
0.212742 0.137883 -0.245092 False
0.211479 0.137750 -0.244846 False
0.210284 0.140421 -0.245477 False
0.211083 0.149143 -0.248118 False
0.219096 0.151922 -0.248084 False
0.221614 0.150143 -0.245445 False
0.223445 0.148183 -0.244932 False
0.224839 0.146679 -0.245587 False
0.224741 0.146744 -0.245126 False
0.224357 0.146860 -0.244547 False
0.224825 0.146934 -0.244772 False
0.225091 0.146978 -0.244593 False
0.224764 0.146690 -0.244469 False
0.224307 0.149025 -0.242091 False
0.225421 0.155079 -0.238674 False
0.225984 0.163881 -0.231641 False
0.227608 0.173811 -0.226138 False
0.231151 0.177442 -0.222459 False
0.234181 0.180990 -0.221382 False
0.237243 0.182978 -0.221298 False
0.238939 0.184977 -0.221177 False
0.240774 0.186177 -0.220116 False
0.241873 0.186934 -0.219559 False
0.243083 0.189833 -0.218973 False
0.244170 0.192136 -0.218726 False
0.246837 0.194610 -0.218753 False
0.249985 0.200256 -0.218953 False
0.253600 0.205795 -0.219718 False
0.257114 0.206822 -0.219845 False
0.258849 0.206747 -0.219652 False
0.259831 0.207563 -0.218867 False
0.260622 0.208714 -0.218737 False
0.260623 0.210290 -0.219075 False
0.260139 0.209115 -0.220088 False
0.259090 0.210093 -0.219867 False
0.258362 0.207745 -0.220849 False
0.257291 0.208087 -0.220823 False
0.256618 0.207293 -0.220910 False
0.255884 0.206377 -0.221522 False
0.255727 0.205654 -0.221662 False
0.254884 0.205150 -0.221458 False
0.253651 0.205121 -0.221138 False
0.252914 0.205035 -0.220379 False
0.251856 0.204310 -0.219940 False
0.251399 0.200848 -0.220056 False
0.252260 0.198295 -0.219621 False
0.252729 0.193844 -0.220062 False
0.253265 0.191631 -0.220707 False
0.253411 0.190876 -0.220761 False
0.253968 0.190524 -0.220402 False
0.254780 0.188516 -0.219921 False
0.254598 0.186748 -0.220162 False
0.250086 0.182382 -0.219894 False
0.242949 0.176170 -0.217850 False
0.238677 0.170334 -0.216709 False
0.234981 0.161580 -0.218528 False
0.231627 0.161216 -0.219624 False
0.229634 0.161387 -0.223539 False
0.229485 0.159810 -0.228895 False
0.228620 0.159216 -0.232185 False
0.226270 0.159454 -0.235025 False
0.224236 0.158244 -0.238054 False
0.222165 0.156608 -0.240602 False
0.222006 0.155414 -0.243171 False
0.222812 0.155665 -0.244113 False
0.222992 0.154245 -0.245456 False
0.223359 0.153985 -0.246057 False
0.223369 0.152796 -0.246571 False
0.222716 0.151882 -0.246456 False
0.222600 0.151050 -0.247163 False
0.220147 0.149284 -0.247524 False
0.218752 0.148230 -0.248545 False
0.214838 0.146733 -0.249596 False
0.210549 0.146853 -0.246835 False
0.201939 0.144911 -0.237699 False
0.181186 0.140475 -0.206115 False
0.173218 0.131871 -0.156972 False
0.178634 0.120254 -0.093738 False
0.195789 0.087397 -0.040245 False
0.212313 0.062371 -0.016252 False
0.217863 0.056591 -0.015008 False
0.243158 0.060844 -0.027872 False
0.138678 0.047631 -0.022756 False
0.057189 0.042056 -0.025264 False
0.029286 0.035840 -0.029932 False
0.038218 0.028296 -0.036698 False
0.089442 0.024840 -0.039629 True
0.279259 0.070817 -0.051596 False
0.331229 0.078717 -0.055109 False
0.337889 0.080996 -0.054850 False
0.322451 0.084583 -0.053543 False
0.270693 0.075118 -0.050402 False
0.098413 0.032420 -0.034412 True
0.093568 0.067153 -0.032689 False
0.147647 0.095096 -0.042773 False
0.231207 0.119553 -0.062586 False
0.266403 0.130797 -0.076556 False
0.274537 0.130789 -0.081544 False
0.269393 0.124557 -0.081954 False
0.261631 0.121769 -0.080519 False
0.258883 0.118594 -0.080419 False
0.259646 0.120084 -0.079677 False
0.261021 0.122805 -0.078579 False
0.262504 0.124520 -0.075944 False
0.262402 0.124054 -0.072530 False
0.262351 0.122872 -0.069772 False
0.263294 0.122917 -0.066985 False
0.267790 0.124489 -0.063611 False
0.275653 0.126899 -0.061723 False
0.284595 0.131981 -0.065403 False
0.294175 0.139711 -0.076177 False
0.304107 0.153477 -0.089583 False
0.311609 0.164226 -0.103807 False
0.320245 0.180769 -0.120300 False
0.331702 0.199580 -0.136512 False
0.351402 0.217940 -0.155921 False
0.393652 0.236642 -0.184222 False
0.475297 0.239264 -0.224619 False
0.493244 0.251054 -0.249891 False
0.480760 0.265577 -0.264741 False
0.470023 0.275471 -0.277155 False
0.468959 0.273289 -0.284827 False
0.471100 0.271523 -0.290470 False
0.473850 0.266967 -0.292069 False
0.468934 0.264907 -0.289251 False
0.461917 0.265072 -0.279947 False
0.465624 0.265844 -0.269236 False
0.462634 0.275815 -0.273118 False
0.471872 0.275432 -0.281345 False
0.475830 0.275127 -0.278925 False
0.473440 0.278174 -0.280001 False
0.467338 0.282082 -0.283447 False
0.459841 0.286182 -0.286955 False
0.459269 0.288266 -0.288611 False
0.459888 0.303107 -0.286192 False
0.446844 0.352157 -0.258716 False
0.420685 0.374867 -0.216724 False
0.357731 0.364793 -0.148808 False
0.292831 0.302117 -0.108009 False
0.218137 0.162169 -0.104863 False
0.161526 0.075942 -0.115747 False
0.136752 0.034382 -0.122987 True
0.121186 0.011526 -0.124828 True
0.117557 0.007936 -0.128600 True
0.119769 0.022660 -0.143290 True
0.126459 0.070516 -0.167552 False
0.157108 0.128168 -0.205811 False
0.194626 0.155263 -0.240205 False
0.217091 0.149675 -0.250386 False
0.223291 0.147323 -0.250435 False
0.226961 0.147642 -0.247416 False
0.229092 0.152151 -0.241381 False
0.232300 0.163078 -0.234892 False
0.236735 0.177247 -0.228948 False
0.240420 0.192344 -0.223452 False
0.240922 0.201256 -0.219917 False
0.238891 0.207382 -0.218255 False
0.234232 0.208803 -0.217769 False
0.230881 0.204880 -0.217142 False
0.228266 0.197720 -0.216078 False
0.229362 0.193959 -0.215321 False
0.229523 0.191338 -0.215073 False
0.229481 0.189084 -0.214787 False
0.229521 0.186279 -0.215764 False
0.231090 0.185213 -0.215807 False
0.232451 0.184603 -0.215872 False
0.234862 0.183394 -0.216173 False
0.236613 0.181722 -0.216485 False
0.238888 0.179549 -0.217426 False
0.240447 0.178046 -0.218519 False
0.242679 0.176954 -0.219640 False
0.244098 0.176564 -0.220721 False
0.245550 0.176058 -0.221861 False
0.246899 0.175445 -0.223048 False
0.247636 0.174513 -0.224293 False
0.247588 0.173022 -0.225222 False
0.248676 0.171486 -0.226063 False
0.249366 0.170017 -0.226760 False
0.248937 0.169768 -0.225969 False
0.249567 0.169098 -0.225343 False
0.251534 0.168705 -0.225901 False
0.251569 0.167906 -0.226094 False
0.252042 0.168412 -0.226856 False
0.252093 0.168091 -0.227255 False
0.251080 0.167572 -0.227687 False
0.250957 0.167466 -0.226135 False
0.251507 0.167767 -0.224828 False
0.251009 0.167852 -0.224071 False
0.251278 0.167325 -0.225263 False
0.252041 0.168387 -0.224396 False
0.250878 0.167337 -0.225246 False
0.251614 0.167008 -0.224633 False
0.251714 0.166916 -0.224305 False
0.249549 0.166304 -0.224418 False
0.252293 0.168107 -0.224017 False
0.249522 0.167083 -0.225125 False
0.248813 0.165977 -0.226493 False
0.253780 0.168473 -0.226702 False
0.255781 0.172080 -0.226527 False
0.256512 0.176778 -0.228124 False
0.254331 0.182839 -0.233349 False
0.247605 0.185324 -0.242357 False
0.238855 0.186414 -0.245604 False
0.230277 0.183586 -0.249948 False
0.224303 0.180054 -0.253356 False
0.224741 0.176021 -0.257261 False
0.223080 0.171700 -0.261347 False
0.218240 0.164948 -0.266029 False
0.218695 0.159730 -0.268706 False
0.219889 0.158855 -0.270200 False
0.219769 0.157895 -0.271732 False
0.217946 0.155371 -0.274087 False
0.208196 0.151347 -0.274188 False
0.178151 0.144364 -0.261260 False
0.146876 0.110843 -0.215054 False
0.140977 0.058567 -0.166469 False
0.138647 0.030371 -0.141920 True
0.130241 0.026362 -0.130139 True
0.130652 0.028564 -0.129083 True
0.144171 0.045564 -0.123413 True
0.182948 0.096080 -0.113267 False
0.236743 0.145281 -0.116900 False
0.281991 0.215909 -0.140316 False
0.325963 0.269240 -0.170348 False
0.367186 0.300141 -0.206091 False
0.392765 0.315153 -0.226162 False
0.402021 0.314500 -0.227102 False
0.402174 0.308825 -0.217670 False
0.395892 0.309257 -0.208061 False
0.383580 0.306832 -0.196811 False
0.371545 0.301304 -0.198217 False
0.364305 0.296870 -0.204880 False
0.366413 0.293695 -0.209686 False
0.372954 0.292189 -0.208313 False
0.384638 0.297712 -0.212291 False
0.383952 0.301087 -0.210419 False
0.379967 0.298093 -0.209546 False
0.384586 0.297191 -0.207039 False
0.390892 0.292829 -0.204560 False
0.391356 0.297376 -0.195492 False
0.391307 0.294604 -0.193427 False
0.379934 0.296294 -0.195218 False
0.377794 0.295476 -0.198468 False
0.398931 0.287266 -0.199779 False
0.401464 0.285846 -0.201702 False
0.400583 0.278423 -0.196038 False
0.403370 0.279420 -0.192135 False
0.403370 0.283359 -0.187952 False
0.400604 0.284969 -0.185421 False
0.410506 0.287957 -0.191572 False
0.413692 0.303425 -0.194373 False
0.414566 0.307486 -0.185235 False
0.406312 0.302917 -0.172241 False
0.395348 0.304366 -0.165983 False
0.389805 0.306399 -0.162788 False
0.392096 0.308577 -0.161526 False
0.403988 0.318268 -0.162872 False
0.368137 0.329935 -0.149516 False
0.321752 0.306898 -0.127017 False
0.280060 0.265619 -0.110771 False
0.246291 0.235933 -0.101624 False
0.228352 0.219582 -0.099790 False
0.222342 0.215827 -0.099314 False
0.224605 0.216017 -0.098661 False
0.229162 0.215193 -0.099221 False
0.231758 0.214310 -0.099770 False
0.231365 0.213718 -0.099499 False
0.229368 0.212138 -0.098904 False
0.228659 0.209286 -0.097800 False
0.228026 0.206606 -0.097163 False
0.222974 0.204151 -0.104154 False
0.204590 0.198903 -0.138395 False
0.182435 0.204240 -0.178987 False
0.169730 0.206686 -0.200024 False
0.165240 0.206264 -0.210651 False
0.162743 0.193329 -0.214529 False
0.164328 0.169196 -0.210900 False
0.167472 0.147445 -0.209667 False
0.171688 0.139774 -0.221849 False
0.178261 0.140947 -0.238450 False
0.181759 0.141354 -0.242134 False
0.181260 0.139738 -0.238918 False
0.180291 0.134459 -0.230133 False
0.181355 0.125945 -0.211159 False
0.185018 0.113473 -0.165953 False
0.191041 0.104162 -0.110203 False
0.186998 0.093637 -0.072490 False
0.181253 0.094816 -0.046507 False
0.183737 0.103453 -0.039562 False
0.191383 0.111467 -0.035057 False
0.188455 0.110954 -0.030079 False
0.176290 0.106362 -0.023173 False
0.164811 0.101742 -0.022778 False
0.181715 0.090092 -0.048501 False
0.243254 0.069297 -0.145132 False
0.072255 0.050143 -0.056507 False
0.023270 0.026419 -0.028849 True
0.018349 0.017106 -0.031358 True
0.031040 0.017124 -0.038240 True
0.081420 0.019833 -0.034698 True
0.251437 0.064516 -0.035950 False
0.293590 0.075929 -0.034865 False
0.288507 0.075995 -0.032390 False
0.243658 0.066593 -0.030795 False
0.088099 0.030981 -0.023273 True
0.077135 0.073763 -0.033216 False
0.127055 0.127160 -0.062527 False
0.167903 0.165728 -0.115997 False
0.164571 0.193943 -0.177582 False
0.164278 0.195235 -0.229475 False
0.173274 0.189235 -0.264855 False
0.184621 0.182083 -0.278880 False
0.197838 0.165002 -0.283328 False
0.209021 0.146700 -0.280132 False
0.215585 0.142323 -0.277268 False
0.223806 0.154564 -0.276319 False
0.249769 0.203909 -0.275798 False
0.247158 0.210173 -0.276035 False
0.242527 0.207120 -0.276312 False
0.236287 0.203123 -0.276734 False
0.230344 0.196406 -0.275138 False
0.234855 0.213821 -0.276294 False
0.249216 0.252214 -0.281667 False
0.259711 0.272053 -0.292402 False
0.256145 0.260161 -0.299521 False
0.252311 0.266181 -0.301148 False
0.254775 0.260283 -0.295147 False
0.256527 0.265123 -0.302684 False
0.255621 0.251579 -0.286777 False
0.246158 0.222046 -0.277758 False
0.247380 0.218079 -0.277129 False
0.245367 0.221259 -0.276887 False
0.240241 0.210265 -0.276018 False
0.234369 0.191477 -0.276052 False
0.219350 0.156540 -0.277303 False
0.212988 0.156377 -0.279363 False
0.194230 0.160458 -0.283468 False
0.189139 0.159527 -0.283796 False
0.197505 0.151527 -0.281411 False
0.200454 0.147326 -0.280177 False
0.199570 0.145661 -0.280217 False
0.198830 0.145623 -0.280695 False
0.197131 0.146688 -0.281471 False
0.197046 0.149386 -0.282263 False
0.199421 0.159659 -0.281491 False
0.212430 0.195499 -0.275950 False
0.221747 0.205368 -0.249791 False
0.204268 0.156680 -0.154549 False
0.191344 0.150773 -0.243515 False
0.199009 0.170589 -0.269209 False
0.204246 0.177398 -0.274978 False
0.237894 0.195122 -0.274035 False
0.260702 0.208835 -0.274746 False
0.268272 0.223252 -0.263178 False
0.252763 0.221615 -0.235671 False
0.209202 0.133282 -0.162995 False
0.226109 0.103199 -0.142861 False
0.190675 0.138191 -0.108840 False
0.184529 0.131379 -0.085518 False
0.186129 0.114697 -0.084978 False
0.191864 0.118993 -0.110058 False
0.199597 0.163300 -0.136421 False
0.218164 0.219232 -0.179590 False
0.228757 0.251943 -0.179721 False
0.243399 0.206590 -0.177202 False
0.250327 0.182306 -0.164051 False
0.241413 0.224459 -0.154430 False
0.246214 0.188355 -0.159365 False
0.239124 0.204550 -0.148813 False
0.231652 0.220611 -0.154588 False
0.235999 0.181143 -0.159279 False
0.227754 0.217616 -0.152989 False
0.231376 0.190112 -0.168222 False
0.232819 0.190249 -0.165969 False
0.227658 0.226897 -0.162564 False
0.238292 0.190729 -0.169561 False
0.232762 0.220910 -0.153550 False
0.239198 0.202620 -0.161049 False
0.240711 0.191474 -0.155221 False
0.236628 0.217967 -0.148481 False
0.248454 0.188326 -0.158227 False
0.257935 0.168901 -0.146928 False
0.265386 0.162557 -0.139520 False
0.268679 0.160508 -0.140186 False
0.271234 0.161844 -0.148638 False
0.277544 0.183240 -0.156700 False
0.288034 0.250306 -0.161943 False
0.271329 0.268383 -0.156791 False
0.275725 0.231075 -0.186023 False
0.262325 0.134494 -0.160321 False
0.245133 0.104739 -0.154393 False
0.236488 0.106934 -0.157892 False
0.239206 0.116247 -0.160340 False
0.245420 0.121932 -0.159004 False
0.244859 0.130269 -0.146079 False
0.241119 0.166501 -0.094476 False
0.227753 0.174372 -0.084849 False
0.215919 0.175288 -0.087009 False
0.213255 0.175439 -0.088021 False
0.212647 0.173428 -0.085892 False
0.201795 0.156034 -0.073112 False
0.214560 0.164982 -0.097687 False
0.208873 0.134350 -0.139279 False
0.208821 0.158906 -0.115818 False
0.204757 0.126030 -0.157135 False
0.201604 0.119984 -0.168042 False
0.196806 0.121712 -0.171628 False
0.196790 0.133244 -0.175923 False
0.218813 0.150110 -0.179029 False
0.256721 0.198537 -0.206369 False
0.213898 0.170420 -0.191828 False
0.230445 0.195665 -0.238214 False
0.226466 0.212286 -0.243377 False
0.219989 0.211816 -0.211401 False
0.210590 0.193257 -0.112734 False
0.195214 0.172846 -0.096909 False
0.229347 0.220598 -0.175756 False
0.248789 0.198528 -0.220970 False
0.246033 0.181025 -0.213775 False
0.201425 0.138448 -0.149317 False
0.193297 0.129537 -0.181693 False
0.201440 0.194470 -0.196988 False
0.218872 0.173791 -0.146472 False
0.224421 0.149908 -0.160805 False
0.228339 0.179911 -0.119240 False
0.232669 0.184851 -0.119948 False
0.225432 0.185421 -0.141045 False
0.236599 0.199523 -0.211181 False
0.233271 0.145358 -0.180987 False
0.237501 0.176299 -0.112953 False
0.235552 0.174494 -0.094512 False
0.223087 0.140812 -0.098779 False
0.251775 0.129491 -0.160791 False
0.250348 0.205400 -0.193638 False
0.226152 0.133771 -0.188289 False
0.222946 0.123069 -0.186924 False
0.220474 0.125151 -0.188072 False
0.219042 0.117086 -0.190098 False
0.215480 0.107447 -0.192637 False
0.214554 0.096871 -0.199146 False
0.214589 0.088161 -0.208301 False
0.217524 0.083804 -0.216285 False
0.222097 0.082118 -0.220997 False
0.225085 0.081332 -0.221475 False
0.225075 0.076031 -0.218441 False
0.216508 0.085381 -0.211627 False
0.204094 0.080819 -0.194581 False
0.193800 0.077840 -0.170741 False
0.185129 0.076926 -0.142938 False
0.182910 0.079671 -0.129178 False
0.183014 0.082182 -0.121836 False
0.182669 0.086058 -0.117774 False
0.178718 0.087825 -0.113914 False
0.171350 0.091033 -0.107887 False
0.167077 0.093750 -0.098608 False
0.173552 0.087379 -0.083053 False
0.188749 0.066103 -0.061418 False
0.193110 0.038055 -0.049336 True
0.189724 0.026876 -0.045217 True
0.188259 0.023866 -0.046402 True
0.186335 0.021939 -0.044723 True
0.184941 0.017680 -0.041799 True
0.185099 0.016489 -0.038017 True
0.186564 0.016415 -0.032997 True
0.187333 0.015539 -0.028572 False
0.188102 0.014662 -0.024146 False
0.188871 0.013785 -0.019720 False
0.189640 0.012909 -0.015294 False
0.190410 0.012032 -0.010868 False
0.191179 0.011155 -0.006442 False
0.191948 0.010279 -0.002016 False
0.192717 0.009402 0.002409 False
0.193486 0.008525 0.006835 False
0.194255 0.007649 0.011261 False
