0.681066 0.189659 -0.509545 False
0.681414 0.190062 -0.509929 False
0.681592 0.190037 -0.509997 False
0.681011 0.190895 -0.510204 False
0.681016 0.191671 -0.510421 False
0.680952 0.192615 -0.510451 False
0.681270 0.194959 -0.510117 False
0.680801 0.192041 -0.510301 False
0.680839 0.191798 -0.510234 False
0.680950 0.191728 -0.510257 False
0.680760 0.190788 -0.510259 False
0.680750 0.191253 -0.510026 False
0.681347 0.190890 -0.510100 False
0.680828 0.191309 -0.510165 False
0.680776 0.191919 -0.510115 False
0.681454 0.191885 -0.509835 False
0.681384 0.191720 -0.509873 False
0.681187 0.191418 -0.510301 False
0.681428 0.192454 -0.510333 False
0.681004 0.191951 -0.510205 False
0.680863 0.191490 -0.510084 False
0.681324 0.191749 -0.510085 False
0.681272 0.191713 -0.509872 False
0.681291 0.191800 -0.510060 False
0.680992 0.191528 -0.510178 False
0.680876 0.190991 -0.510273 False
0.680713 0.192300 -0.510546 False
0.680687 0.192178 -0.510338 False
0.681429 0.192594 -0.510541 False
0.681262 0.192649 -0.510690 False
0.681320 0.192359 -0.510480 False
0.680966 0.192647 -0.510671 False
0.680943 0.192625 -0.510764 False
0.680573 0.192767 -0.510939 False
0.681095 0.192636 -0.510792 False
0.681146 0.192699 -0.510496 False
0.680594 0.192406 -0.510458 False
0.680462 0.193170 -0.510451 False
0.680648 0.192913 -0.510574 False
0.680782 0.192704 -0.510739 False
0.681176 0.192262 -0.510667 False
0.681099 0.192641 -0.510769 False
0.681167 0.192616 -0.510674 False
0.680876 0.192826 -0.510626 False
0.680760 0.193042 -0.510693 False
0.680873 0.193727 -0.510734 False
0.681046 0.193901 -0.510806 False
0.680895 0.193137 -0.510830 False
0.680873 0.193440 -0.510833 False
0.680430 0.192704 -0.510810 False
0.680763 0.192553 -0.510759 False
0.680620 0.193000 -0.510805 False
0.680691 0.192915 -0.510765 False
0.680916 0.192906 -0.510560 False
0.680932 0.192897 -0.510707 False
0.680742 0.193041 -0.510568 False
0.680318 0.192728 -0.510672 False
0.680467 0.193586 -0.510780 False
0.680723 0.192738 -0.510728 False
0.680251 0.192360 -0.510805 False
0.680687 0.192887 -0.510818 False
0.680446 0.193026 -0.510776 False
0.680636 0.192609 -0.510913 False
0.680764 0.192663 -0.510799 False
0.680991 0.193072 -0.510575 False
0.681096 0.193077 -0.510706 False
0.680722 0.192632 -0.510556 False
0.680828 0.193385 -0.510799 False
0.680616 0.194701 -0.510967 False
0.680880 0.194440 -0.510845 False
0.680359 0.193692 -0.510878 False
0.680595 0.193518 -0.511129 False
0.680606 0.193402 -0.511124 False
0.680979 0.193058 -0.510852 False
0.680603 0.193279 -0.511058 False
0.680711 0.193443 -0.511100 False
0.680933 0.193645 -0.510779 False
0.680914 0.193359 -0.510684 False
0.680698 0.193977 -0.509969 False
0.680778 0.194105 -0.510634 False
0.680382 0.193960 -0.511027 False
0.680562 0.194134 -0.511423 False
0.680391 0.194711 -0.511522 False
0.680528 0.194477 -0.511239 False
0.680659 0.194130 -0.511017 False
0.680674 0.194541 -0.511065 False
0.680572 0.194409 -0.511057 False
0.680182 0.194133 -0.511098 False
0.680116 0.194224 -0.511115 False
0.681201 0.197820 -0.511124 False
0.680923 0.195798 -0.510923 False
0.681087 0.194775 -0.511052 False
0.680959 0.193768 -0.511077 False
0.680420 0.193675 -0.511183 False
0.680309 0.193432 -0.511176 False
0.680321 0.193886 -0.511068 False
0.679898 0.193689 -0.511028 False
0.680567 0.194672 -0.511125 False
0.680829 0.194137 -0.511300 False
0.680251 0.193332 -0.511465 False
0.680351 0.193597 -0.511138 False
0.680687 0.193349 -0.511034 False
0.680596 0.193488 -0.510946 False
0.680543 0.193425 -0.511056 False
0.680418 0.193963 -0.511059 False
0.679787 0.193818 -0.511102 False
0.680173 0.193511 -0.511130 False
0.680261 0.193630 -0.511169 False
0.680252 0.193165 -0.511081 False
0.680195 0.193368 -0.510931 False
0.680699 0.193191 -0.511120 False
0.680748 0.193010 -0.510865 False
0.680385 0.193292 -0.510822 False
0.680112 0.193137 -0.510958 False
0.679552 0.193885 -0.510895 False
0.680165 0.194792 -0.511145 False
0.680449 0.194671 -0.511205 False
0.680444 0.195679 -0.511218 False
0.680211 0.195326 -0.511184 False
0.680515 0.195319 -0.511105 False
0.680362 0.195574 -0.511196 False
0.680412 0.194313 -0.511262 False
0.680062 0.194854 -0.511422 False
0.679946 0.194824 -0.511053 False
0.679728 0.194837 -0.511141 False
0.679647 0.194996 -0.511097 False
0.680097 0.195622 -0.511191 False
0.680407 0.194992 -0.511243 False
0.680200 0.196498 -0.511194 False
0.679884 0.196259 -0.511102 False
0.680064 0.196061 -0.511133 False
0.679793 0.195646 -0.510960 False
0.680343 0.196345 -0.511015 False
0.680282 0.194829 -0.511020 False
0.680010 0.194209 -0.510957 False
0.679836 0.194171 -0.511120 False
0.680008 0.195055 -0.511043 False
0.680344 0.195712 -0.510958 False
0.680445 0.195300 -0.510996 False
0.680121 0.197603 -0.511178 False
0.680166 0.195594 -0.511054 False
0.679898 0.195009 -0.511131 False
0.680148 0.194309 -0.510991 False
0.680019 0.194265 -0.510961 False
0.679814 0.194387 -0.510595 False
0.679895 0.195053 -0.510967 False
0.679653 0.194497 -0.511225 False
0.679779 0.194632 -0.511458 False
0.680023 0.194074 -0.511218 False
0.680237 0.194253 -0.511343 False
0.679527 0.194749 -0.511194 False
0.679659 0.194609 -0.511209 False
0.679884 0.194016 -0.511196 False
0.679774 0.194055 -0.510917 False
0.679667 0.194824 -0.510608 False
0.680234 0.194972 -0.510769 False
0.680188 0.194638 -0.511029 False
0.679888 0.195435 -0.511094 False
0.679903 0.195051 -0.511116 False
0.680300 0.194344 -0.511187 False
0.680066 0.194676 -0.511185 False
0.680108 0.194405 -0.511104 False
0.680370 0.194653 -0.511180 False
0.680862 0.194382 -0.511212 False
0.680243 0.193878 -0.511266 False
0.680232 0.194318 -0.511344 False
0.680211 0.195355 -0.511320 False
0.679951 0.195833 -0.511138 False
0.680324 0.195130 -0.511148 False
0.680019 0.194364 -0.511470 False
0.679632 0.194805 -0.511311 False
0.679700 0.194682 -0.511311 False
0.679797 0.195918 -0.511583 False
0.679946 0.196301 -0.511332 False
0.679810 0.195067 -0.511349 False
0.679839 0.194505 -0.511355 False
0.679496 0.195543 -0.511562 False
0.679837 0.194895 -0.511089 False
0.679719 0.194235 -0.510590 False
0.679535 0.193891 -0.511051 False
0.679463 0.194080 -0.511139 False
0.679581 0.193806 -0.511011 False
0.679874 0.193922 -0.511090 False
0.679703 0.194267 -0.511195 False
0.680219 0.193974 -0.511240 False
0.679874 0.194059 -0.511144 False
0.679909 0.194665 -0.511044 False
0.680503 0.193880 -0.511118 False
0.680183 0.193976 -0.510908 False
0.680282 0.194466 -0.511210 False
0.680446 0.193957 -0.511117 False
0.680298 0.193868 -0.511074 False
0.680237 0.193989 -0.510977 False
0.680111 0.194478 -0.510924 False
0.680222 0.194206 -0.511144 False
0.680273 0.194457 -0.511230 False
0.680293 0.194570 -0.511342 False
0.680257 0.193938 -0.511376 False
0.680176 0.193703 -0.511576 False
0.679844 0.194460 -0.511193 False
0.679944 0.195138 -0.511222 False
0.679985 0.194461 -0.511335 False
0.680519 0.194479 -0.511363 False
0.679803 0.194981 -0.511350 False
0.680063 0.194196 -0.511275 False
0.679928 0.194532 -0.511230 False
0.680190 0.195326 -0.511269 False
0.680309 0.196926 -0.511270 False
0.680461 0.194998 -0.511227 False
0.680315 0.194932 -0.511268 False
0.680141 0.194466 -0.511291 False
0.679706 0.194014 -0.511089 False
0.680022 0.194291 -0.511202 False
0.679787 0.194254 -0.511256 False
0.679792 0.194089 -0.511234 False
0.679978 0.194731 -0.511130 False
0.680128 0.194359 -0.511291 False
0.680411 0.195220 -0.511228 False
0.680253 0.194458 -0.511219 False
0.679930 0.194363 -0.511253 False
0.680191 0.194737 -0.511236 False
0.680168 0.194007 -0.511283 False
0.679936 0.193869 -0.511333 False
0.680308 0.193984 -0.511246 False
0.680068 0.194496 -0.511229 False
0.680056 0.194050 -0.511150 False
0.680015 0.194108 -0.511198 False
0.680001 0.194049 -0.511211 False
0.679980 0.194490 -0.511066 False
0.679941 0.193992 -0.510971 False
0.679883 0.194032 -0.510896 False
0.680269 0.193760 -0.510885 False
0.679882 0.193596 -0.510888 False
0.679890 0.193837 -0.510710 False
0.680178 0.193827 -0.511028 False
0.680087 0.193557 -0.510990 False
0.680085 0.193712 -0.510750 False
0.680411 0.194039 -0.510846 False
0.680423 0.193919 -0.510930 False
0.680387 0.193754 -0.511128 False
0.679962 0.193910 -0.510915 False
0.680364 0.194002 -0.510762 False
0.680214 0.194622 -0.510754 False
0.679935 0.194564 -0.510870 False
0.680163 0.193798 -0.510984 False
0.680120 0.194466 -0.511106 False
0.679700 0.195048 -0.510983 False
0.679863 0.194323 -0.511199 False
0.679676 0.194768 -0.511133 False
0.680092 0.194241 -0.511214 False
0.680029 0.194469 -0.511352 False
0.680031 0.194762 -0.511344 False
0.680091 0.195206 -0.511359 False
0.680246 0.194953 -0.511435 False
0.680398 0.195848 -0.511358 False
0.680827 0.195790 -0.511409 False
0.680526 0.194734 -0.511422 False
0.680738 0.195948 -0.511443 False
0.680682 0.194930 -0.511513 False
0.680197 0.194272 -0.511393 False
0.680139 0.195285 -0.511442 False
0.680361 0.195814 -0.511439 False
0.680075 0.195352 -0.511461 False
0.680004 0.195646 -0.511362 False
0.680019 0.194539 -0.511130 False
0.680082 0.194386 -0.511166 False
0.680124 0.194152 -0.511116 False
0.679725 0.194544 -0.511252 False
0.679968 0.194296 -0.511311 False
0.679824 0.194597 -0.511326 False
0.679990 0.195263 -0.511321 False
0.680042 0.194453 -0.511322 False
0.680168 0.195124 -0.511366 False
0.679863 0.194837 -0.511415 False
0.679938 0.194541 -0.511442 False
0.679996 0.194807 -0.511368 False
0.680130 0.194269 -0.511418 False
0.679972 0.194683 -0.511772 False
0.680313 0.194757 -0.511473 False
0.680725 0.194585 -0.511174 False
0.680378 0.194567 -0.511351 False
0.680299 0.194036 -0.511418 False
0.680352 0.194364 -0.511462 False
0.679992 0.195037 -0.511219 False
0.680456 0.196130 -0.511227 False
0.680682 0.195218 -0.511396 False
0.680464 0.194947 -0.511519 False
0.680600 0.195077 -0.511523 False
0.679898 0.194933 -0.511757 False
0.679682 0.194255 -0.511401 False
0.680258 0.194178 -0.511549 False
0.680143 0.195439 -0.512670 False
0.680223 0.194393 -0.511507 False
0.680323 0.194972 -0.511325 False
0.680500 0.195007 -0.511349 False
0.680274 0.194448 -0.511289 False
0.680051 0.193854 -0.511328 False
0.680006 0.194258 -0.511417 False
0.679708 0.194233 -0.511327 False
0.680099 0.193913 -0.511329 False
0.680213 0.194026 -0.511387 False
0.680952 0.194224 -0.511339 False
0.680446 0.195520 -0.511337 False
0.680286 0.195376 -0.511478 False
0.680274 0.196313 -0.511557 False
0.680263 0.194860 -0.511466 False
0.680287 0.194432 -0.511419 False
0.680307 0.195264 -0.511191 False
0.680041 0.194445 -0.510442 False
0.679879 0.193817 -0.511181 False
0.680036 0.194608 -0.511372 False
0.679950 0.194852 -0.511380 False
0.679762 0.194254 -0.511652 False
0.679532 0.194672 -0.511555 False
0.679634 0.194244 -0.511311 False
0.679684 0.194895 -0.511429 False
0.680399 0.194970 -0.511158 False
0.679983 0.195330 -0.511148 False
0.680104 0.195202 -0.511155 False
0.679876 0.194369 -0.511312 False
0.680118 0.195483 -0.511450 False
0.680060 0.194874 -0.511162 False
0.680257 0.195132 -0.511165 False
0.680458 0.194493 -0.511180 False
0.680370 0.194278 -0.511210 False
0.680540 0.194143 -0.511224 False
0.680562 0.194086 -0.511393 False
0.679832 0.194046 -0.511622 False
0.679601 0.194976 -0.511405 False
0.680541 0.195318 -0.511406 False
0.680585 0.194993 -0.511387 False
0.680125 0.194887 -0.511455 False
0.680018 0.194197 -0.511583 False
0.680042 0.194715 -0.511487 False
0.680217 0.194978 -0.511483 False
0.680287 0.194674 -0.511204 False
0.680282 0.194781 -0.511169 False
0.680232 0.194755 -0.511172 False
0.679596 0.194495 -0.511204 False
0.679530 0.194235 -0.511375 False
0.679900 0.194272 -0.511260 False
0.680027 0.194551 -0.511311 False
0.680177 0.194107 -0.511060 False
0.680025 0.194348 -0.511150 False
0.679985 0.194089 -0.511228 False
0.679988 0.194505 -0.511420 False
0.679947 0.194593 -0.511190 False
0.679883 0.193982 -0.511475 False
0.680202 0.193934 -0.511472 False
0.679696 0.194321 -0.511544 False
0.679940 0.194355 -0.511489 False
0.680147 0.193975 -0.511492 False
0.680014 0.194172 -0.511298 False
0.679885 0.194548 -0.511463 False
0.680104 0.195021 -0.511320 False
0.679896 0.195024 -0.511563 False
0.680071 0.194604 -0.511591 False
0.679625 0.194559 -0.511555 False
0.679705 0.194741 -0.511410 False
0.679854 0.194776 -0.511325 False
0.680194 0.194372 -0.511202 False
0.679870 0.194780 -0.511100 False
0.679486 0.195066 -0.511401 False
0.677064 0.195977 -0.511776 False
0.665669 0.197885 -0.513434 False
0.661988 0.216114 -0.518018 False
0.661613 0.206879 -0.518968 False
0.659395 0.202397 -0.519871 False
0.660547 0.202514 -0.516954 False
0.666657 0.206471 -0.511547 False
0.663115 0.220469 -0.502854 False
0.649252 0.253914 -0.492064 False
0.618918 0.306177 -0.464604 False
0.579872 0.331534 -0.423160 False
0.537511 0.332472 -0.371751 False
0.498163 0.315410 -0.320614 False
0.458047 0.292340 -0.265658 False
0.421255 0.287641 -0.210476 False
0.394489 0.290756 -0.155059 False
0.368598 0.289842 -0.147451 False
0.356539 0.292897 -0.154531 False
0.359590 0.281852 -0.168548 False
0.365874 0.263363 -0.178937 False
0.364430 0.251128 -0.179678 False
0.363408 0.247023 -0.189630 False
0.364458 0.252987 -0.180822 False
0.370134 0.259954 -0.175081 False
0.369590 0.260198 -0.149104 False
0.371275 0.256592 -0.180440 False
0.367749 0.244259 -0.184387 False
0.366500 0.256466 -0.192583 False
0.365114 0.260612 -0.202946 False
0.368833 0.250637 -0.206656 False
0.365212 0.257900 -0.206711 False
0.375568 0.293086 -0.215973 False
0.423935 0.326875 -0.247459 False
0.443623 0.328811 -0.227109 False
0.467041 0.339116 -0.220602 False
0.489683 0.349002 -0.214275 False
0.511559 0.358477 -0.208127 False
0.532677 0.367546 -0.202155 False
0.553049 0.376215 -0.196357 False
0.572681 0.384490 -0.190732 False
0.591585 0.392377 -0.185277 False
0.609769 0.399883 -0.179990 False
0.627243 0.407013 -0.174868 False
0.644015 0.413772 -0.169910 False
0.660096 0.420169 -0.165114 False
0.675494 0.426207 -0.160478 False
0.690219 0.431893 -0.155998 False
0.704280 0.437234 -0.151674 False
0.717687 0.442235 -0.147503 False
0.730448 0.446902 -0.143483 False
0.742574 0.451242 -0.139611 False
0.754072 0.455259 -0.135887 False
0.764954 0.458961 -0.132306 False
0.775227 0.462353 -0.128869 False
0.784901 0.465442 -0.125571 False
0.793987 0.468232 -0.122412 False
0.802492 0.470731 -0.119389 False
0.810426 0.472944 -0.116500 False
0.817798 0.474877 -0.113742 False
0.824619 0.476537 -0.111115 False
0.830896 0.477929 -0.108614 False
0.836640 0.479059 -0.106240 False
0.841860 0.479933 -0.103988 False
0.846565 0.480558 -0.101858 False
0.850764 0.480939 -0.099847 False
0.854467 0.481082 -0.097952 False
0.857682 0.480994 -0.096173 False
0.860420 0.480679 -0.094506 False
0.862690 0.480145 -0.092950 False
0.864500 0.479398 -0.091502 False
0.865861 0.478442 -0.090160 False
0.866781 0.477285 -0.088923 False
0.867269 0.475933 -0.087787 False
0.867336 0.474390 -0.086752 False
0.866991 0.472664 -0.085814 False
0.866242 0.470760 -0.084972 False
0.865099 0.468685 -0.084223 False
0.863571 0.466444 -0.083566 False
0.861668 0.464043 -0.082998 False
0.859399 0.461489 -0.082518 False
0.856773 0.458786 -0.082122 False
0.853800 0.455943 -0.081809 False
0.850488 0.452963 -0.081577 False
0.846848 0.449854 -0.081424 False
0.842888 0.446622 -0.081347 False
0.838618 0.443271 -0.081344 False
0.834047 0.439809 -0.081414 False
0.829185 0.436242 -0.081554 False
0.824040 0.432574 -0.081762 False
0.818622 0.428814 -0.082036 False
0.812940 0.424965 -0.082374 False
0.807004 0.421035 -0.082773 False
0.800823 0.417029 -0.083232 False
0.794407 0.412954 -0.083748 False
0.787763 0.408815 -0.084319 False
0.780903 0.404619 -0.084944 False
0.773835 0.400370 -0.085619 False
0.766568 0.396077 -0.086344 False
0.759112 0.391743 -0.087115 False
0.751476 0.387377 -0.087931 False
0.743669 0.382982 -0.088789 False
0.735702 0.378566 -0.089688 False
0.727582 0.374135 -0.090625 False
0.719319 0.369693 -0.091598 False
0.710923 0.365249 -0.092605 False
0.702403 0.360806 -0.093644 False
0.693768 0.356373 -0.094712 False
0.685028 0.351953 -0.095809 False
0.676192 0.347554 -0.096930 False
0.667268 0.343182 -0.098076 False
0.658268 0.338842 -0.099242 False
0.649198 0.334540 -0.100428 False
0.640070 0.330283 -0.101630 False
0.630893 0.326077 -0.102847 False
0.621675 0.321926 -0.104077 False
0.612426 0.317839 -0.105318 False
0.603155 0.313820 -0.106567 False
0.593872 0.309875 -0.107823 False
0.584586 0.306011 -0.109083 False
0.575306 0.302233 -0.110344 False
0.566041 0.298548 -0.111606 False
0.556802 0.294961 -0.112866 False
0.547596 0.291479 -0.114121 False
0.538434 0.288107 -0.115370 False
0.529325 0.284852 -0.116611 False
0.520277 0.281720 -0.117841 False
0.511302 0.278715 -0.119058 False
0.502406 0.275846 -0.120260 False
0.493601 0.273117 -0.121445 False
0.484895 0.270534 -0.122611 False
0.476298 0.268104 -0.123755 False
0.467818 0.265833 -0.124877 False
0.459466 0.263726 -0.125972 False
0.451250 0.261790 -0.127040 False
0.443180 0.260030 -0.128079 False
0.435265 0.258453 -0.129085 False
0.427515 0.257064 -0.130057 False
0.419938 0.255870 -0.130993 False
0.412544 0.254877 -0.131891 False
0.405343 0.254090 -0.132748 False
0.398343 0.253515 -0.133563 False
0.391555 0.253160 -0.134333 False
0.384986 0.253029 -0.135057 False
0.378648 0.253128 -0.135731 False
0.372548 0.253464 -0.136355 False
0.366696 0.254043 -0.136925 False
0.361102 0.254870 -0.137440 False
0.355774 0.255952 -0.137897 False
0.350930 0.260244 -0.138571 False
0.345406 0.255385 -0.138306 False
0.340744 0.246318 -0.139591 False
0.335671 0.249248 -0.135196 False
0.335434 0.253422 -0.128918 False
0.341713 0.264871 -0.129588 False
0.349008 0.274846 -0.130925 False
0.352492 0.272394 -0.123523 False
0.350200 0.264862 -0.135308 False
0.355074 0.274160 -0.134076 False
0.353655 0.262650 -0.144208 False
0.358877 0.276043 -0.128106 False
0.353649 0.270347 -0.119261 False
0.352022 0.254098 -0.136778 False
0.355141 0.239419 -0.140266 False
0.355612 0.239536 -0.135017 False
0.353281 0.235869 -0.125816 False
0.348664 0.237413 -0.123637 False
0.347786 0.244347 -0.123297 False
0.355000 0.255584 -0.125721 False
0.388040 0.277534 -0.161099 False
0.441343 0.302910 -0.223696 False
0.491340 0.317081 -0.311517 False
0.548426 0.311424 -0.384789 False
0.606052 0.291595 -0.437715 False
0.643171 0.271359 -0.465164 False
0.667394 0.246817 -0.475653 False
0.681161 0.217560 -0.477927 False
0.692312 0.212462 -0.480649 False
0.698707 0.208344 -0.483415 False
0.700424 0.206915 -0.485573 False
0.703169 0.205363 -0.488224 False
0.703648 0.204177 -0.487914 False
0.704298 0.207511 -0.487678 False
0.706189 0.216480 -0.485600 False
0.712317 0.207452 -0.481418 False
0.718424 0.196134 -0.477428 False
0.720349 0.193273 -0.476410 False
0.721109 0.192229 -0.476419 False
0.720804 0.193656 -0.476737 False
0.721610 0.194092 -0.476471 False
0.721150 0.193834 -0.476251 False
0.720615 0.194307 -0.476107 False
0.720820 0.193694 -0.476295 False
0.720444 0.193608 -0.476861 False
0.720534 0.193991 -0.477236 False
0.720679 0.193379 -0.477008 False
0.720641 0.193320 -0.476856 False
0.720189 0.193325 -0.477115 False
0.720266 0.192948 -0.476897 False
0.719665 0.193409 -0.477177 False
0.719570 0.192917 -0.476777 False
0.719480 0.193416 -0.476689 False
0.719865 0.194004 -0.476667 False
0.719221 0.194011 -0.476847 False
0.719854 0.193506 -0.476801 False
0.719723 0.194461 -0.476598 False
0.719910 0.194088 -0.476962 False
0.720046 0.193701 -0.476932 False
0.720429 0.193648 -0.476840 False
0.720400 0.194133 -0.476622 False
0.719900 0.193804 -0.476802 False
0.720062 0.193920 -0.476936 False
0.719937 0.193133 -0.477008 False
0.720708 0.193598 -0.476934 False
0.720533 0.194452 -0.477781 False
0.720128 0.193773 -0.477238 False
0.719649 0.193638 -0.476885 False
0.719768 0.193688 -0.476519 False
0.720272 0.193544 -0.476979 False
0.720600 0.193605 -0.477156 False
0.720034 0.193157 -0.477218 False
0.719195 0.193900 -0.476815 False
0.718989 0.193885 -0.476838 False
0.718913 0.193537 -0.477006 False
0.719191 0.193321 -0.476960 False
0.720267 0.193575 -0.476974 False
0.720385 0.193379 -0.477046 False
0.720666 0.193468 -0.476941 False
0.720568 0.194086 -0.476616 False
0.720444 0.194776 -0.476381 False
0.720067 0.193649 -0.476492 False
0.720053 0.193333 -0.476706 False
0.720694 0.194143 -0.477064 False
0.720941 0.193333 -0.477130 False
0.720774 0.192849 -0.477051 False
0.720313 0.193113 -0.476584 False
0.719886 0.193397 -0.476391 False
0.720343 0.193392 -0.476836 False
0.720380 0.192998 -0.476981 False
0.720664 0.192615 -0.476953 False
0.719884 0.193155 -0.476927 False
0.719875 0.192874 -0.476946 False
0.720393 0.193209 -0.476961 False
0.720482 0.193118 -0.477134 False
0.719982 0.194108 -0.477224 False
0.720124 0.192820 -0.476767 False
0.720581 0.192731 -0.476814 False
0.720540 0.192748 -0.476693 False
0.720494 0.192662 -0.476501 False
0.720732 0.193547 -0.476789 False
0.720973 0.192713 -0.477038 False
0.720844 0.192427 -0.477027 False
0.720551 0.192342 -0.476837 False
0.719706 0.192568 -0.476890 False
0.720066 0.193587 -0.476983 False
0.720121 0.193021 -0.476652 False
0.720178 0.193109 -0.476384 False
0.720148 0.193168 -0.476975 False
0.720643 0.193234 -0.476971 False
0.720887 0.193280 -0.476695 False
0.720704 0.193503 -0.476796 False
0.720345 0.193587 -0.476897 False
0.720343 0.193978 -0.477016 False
0.720516 0.193574 -0.476903 False
0.720150 0.193360 -0.476139 False
0.720297 0.192970 -0.476815 False
0.720649 0.193285 -0.477443 False
0.720502 0.193551 -0.476961 False
0.720168 0.193925 -0.476801 False
0.719686 0.193463 -0.477127 False
0.720416 0.192933 -0.477439 False
0.720851 0.192784 -0.477319 False
0.720247 0.193497 -0.477077 False
0.720675 0.193955 -0.476999 False
0.720858 0.193607 -0.477087 False
0.720551 0.193563 -0.477685 False
0.720973 0.193475 -0.477014 False
0.720646 0.193619 -0.476692 False
0.721283 0.195271 -0.476404 False
0.721451 0.193418 -0.476607 False
0.720799 0.192666 -0.476911 False
0.720858 0.193166 -0.476545 False
0.721039 0.193086 -0.477040 False
0.720540 0.193483 -0.476976 False
0.720957 0.193478 -0.477306 False
0.720901 0.193401 -0.477504 False
0.720153 0.193135 -0.477482 False
0.719303 0.193354 -0.477605 False
0.719396 0.192947 -0.477186 False
0.720018 0.192935 -0.476939 False
0.720434 0.192844 -0.476983 False
0.720429 0.192620 -0.476718 False
0.720067 0.192600 -0.476721 False
0.720339 0.192955 -0.476745 False
0.720555 0.193248 -0.476821 False
0.721313 0.194083 -0.477195 False
0.720999 0.193533 -0.477152 False
0.720910 0.192723 -0.477038 False
0.720552 0.193136 -0.477250 False
0.721165 0.192883 -0.477169 False
0.720015 0.192830 -0.477028 False
0.720065 0.193437 -0.477052 False
0.720636 0.194172 -0.476777 False
0.720826 0.193297 -0.476737 False
0.720167 0.193071 -0.476535 False
0.720115 0.193433 -0.477097 False
0.720205 0.193756 -0.477264 False
0.720633 0.192866 -0.476828 False
0.720614 0.193184 -0.476574 False
0.720126 0.192866 -0.476299 False
0.719706 0.192959 -0.476269 False
0.720578 0.193169 -0.476421 False
0.721075 0.193399 -0.476346 False
0.720464 0.193043 -0.476772 False
0.720520 0.192626 -0.477001 False
0.720221 0.193925 -0.477183 False
0.719714 0.193565 -0.476872 False
0.720290 0.193115 -0.477119 False
0.720576 0.193051 -0.476511 False
0.719546 0.193446 -0.476745 False
0.719299 0.194005 -0.476605 False
0.720100 0.195506 -0.476795 False
0.720314 0.193977 -0.476632 False
0.720731 0.193655 -0.477017 False
0.719598 0.193995 -0.476486 False
0.720452 0.193748 -0.476640 False
0.720479 0.193243 -0.476710 False
0.720774 0.193594 -0.476852 False
0.720822 0.193986 -0.477151 False
0.720749 0.193201 -0.477056 False
0.720415 0.194214 -0.476358 False
0.720367 0.194514 -0.476351 False
0.721002 0.193885 -0.476789 False
0.720723 0.193193 -0.476840 False
0.720112 0.193323 -0.476473 False
0.720494 0.193296 -0.476245 False
0.720820 0.194005 -0.476800 False
0.720539 0.193752 -0.477133 False
0.720203 0.192980 -0.476739 False
0.719920 0.192428 -0.476428 False
0.720436 0.192457 -0.476173 False
0.720776 0.192216 -0.476480 False
0.720843 0.192708 -0.476790 False
0.720833 0.193478 -0.477178 False
0.720730 0.193086 -0.477100 False
0.720311 0.192033 -0.476994 False
0.720223 0.192193 -0.477121 False
0.720684 0.192360 -0.476873 False
0.720762 0.193403 -0.476999 False
0.720818 0.194006 -0.477308 False
0.720797 0.193993 -0.477012 False
0.720701 0.193122 -0.476987 False
0.720718 0.193271 -0.476981 False
0.720821 0.193786 -0.476693 False
0.720786 0.194869 -0.476494 False
0.719980 0.193099 -0.476749 False
0.720276 0.193822 -0.477086 False
0.720542 0.193527 -0.476675 False
0.721003 0.192795 -0.476744 False
0.720407 0.192907 -0.476504 False
0.719511 0.193734 -0.476600 False
0.719457 0.194770 -0.476611 False
0.720315 0.196138 -0.476565 False
0.720619 0.193756 -0.476577 False
0.720553 0.193438 -0.475681 False
0.720558 0.193507 -0.475854 False
0.721129 0.193988 -0.476172 False
0.720853 0.193472 -0.476310 False
0.720724 0.192933 -0.476034 False
0.720317 0.192433 -0.475943 False
0.720428 0.192752 -0.476554 False
0.720997 0.193649 -0.476697 False
0.720392 0.194012 -0.476625 False
0.720417 0.194357 -0.476238 False
0.720703 0.193239 -0.476081 False
0.720780 0.192931 -0.476383 False
0.720593 0.192642 -0.476515 False
0.720567 0.192580 -0.476811 False
0.720534 0.193038 -0.476393 False
0.720534 0.193557 -0.476804 False
0.720586 0.193242 -0.476463 False
0.720734 0.193664 -0.476219 False
0.720564 0.194030 -0.476195 False
0.720504 0.193390 -0.476702 False
0.720711 0.194705 -0.476265 False
0.720653 0.194888 -0.475948 False
0.720900 0.194036 -0.476186 False
0.720855 0.193676 -0.476494 False
0.720851 0.193943 -0.476486 False
0.720829 0.194483 -0.476688 False
0.720822 0.194117 -0.476411 False
0.720825 0.193859 -0.476497 False
0.720842 0.193799 -0.476212 False
0.720931 0.193623 -0.475931 False
0.721205 0.193959 -0.476198 False
0.720850 0.194294 -0.476501 False
0.720818 0.194069 -0.476355 False
0.720729 0.192889 -0.476507 False
0.720525 0.193345 -0.476337 False
0.721287 0.193684 -0.476521 False
0.721214 0.193468 -0.476327 False
0.720921 0.192753 -0.475976 False
0.720840 0.192737 -0.476514 False
0.720825 0.192600 -0.476268 False
0.720858 0.192896 -0.476231 False
0.720975 0.193063 -0.476340 False
0.720849 0.193695 -0.476619 False
0.720978 0.193783 -0.476120 False
0.720820 0.193332 -0.476214 False
0.720604 0.192436 -0.475828 False
0.720498 0.192692 -0.476448 False
0.720455 0.193692 -0.476400 False
0.720965 0.194198 -0.476097 False
0.720467 0.193655 -0.475735 False
0.720466 0.193380 -0.476091 False
0.720392 0.192995 -0.476159 False
0.720705 0.193646 -0.476588 False
0.720705 0.192868 -0.476525 False
0.720740 0.192818 -0.476536 False
0.720936 0.193471 -0.476314 False
0.720603 0.194099 -0.476526 False
0.719726 0.193554 -0.476536 False
0.720238 0.193608 -0.476974 False
0.720887 0.194107 -0.476600 False
0.721155 0.193765 -0.476418 False
0.721201 0.192913 -0.475990 False
0.720605 0.192793 -0.476189 False
0.721002 0.192728 -0.475877 False
0.720826 0.194146 -0.475893 False
0.720660 0.193717 -0.475319 False
0.720937 0.192984 -0.475891 False
0.720865 0.193672 -0.476357 False
0.720799 0.194927 -0.476196 False
0.720627 0.194396 -0.476382 False
0.720704 0.193222 -0.475765 False
0.720752 0.193308 -0.475921 False
0.719701 0.193260 -0.476050 False
0.720562 0.192920 -0.476329 False
0.720592 0.193963 -0.476066 False
0.720677 0.192709 -0.476038 False
0.720788 0.192868 -0.476162 False
0.720730 0.193102 -0.476164 False
0.720433 0.192966 -0.476171 False
0.720698 0.193432 -0.476026 False
0.720730 0.193855 -0.476259 False
0.721246 0.194814 -0.476359 False
0.721124 0.194333 -0.476235 False
0.720413 0.193164 -0.476160 False
0.720798 0.192709 -0.476001 False
0.721127 0.192426 -0.476232 False
0.720587 0.192268 -0.476076 False
0.720633 0.193067 -0.475956 False
0.720207 0.192900 -0.475982 False
0.720306 0.194088 -0.476410 False
0.719776 0.194184 -0.476542 False
0.720108 0.193184 -0.476335 False
0.720263 0.193422 -0.475751 False
0.720979 0.193693 -0.475611 False
0.720843 0.193352 -0.475486 False
0.720200 0.192752 -0.476092 False
0.721103 0.193412 -0.475931 False
0.720408 0.193402 -0.475912 False
0.720624 0.193291 -0.476233 False
0.720411 0.192785 -0.476572 False
0.720706 0.192819 -0.477053 False
0.720741 0.193457 -0.476444 False
0.720977 0.193472 -0.476846 False
0.720939 0.193254 -0.476654 False
0.721164 0.194011 -0.475753 False
0.720776 0.193354 -0.476163 False
0.721654 0.192678 -0.476155 False
0.720987 0.193197 -0.476067 False
0.720159 0.192909 -0.476171 False
0.720148 0.192725 -0.476567 False
0.720494 0.193462 -0.476061 False
0.720855 0.193942 -0.476355 False
0.720553 0.193310 -0.475939 False
0.720826 0.193689 -0.475994 False
0.721252 0.193732 -0.476566 False
0.721112 0.193361 -0.476276 False
0.720769 0.192778 -0.475912 False
0.720690 0.192740 -0.475993 False
0.720728 0.193393 -0.476074 False
0.720482 0.192783 -0.476438 False
0.720145 0.193025 -0.476209 False
0.720354 0.194048 -0.475799 False
0.720432 0.194229 -0.475739 False
0.720718 0.193924 -0.476484 False
0.720549 0.193613 -0.476563 False
0.719727 0.193458 -0.475734 False
0.720863 0.193177 -0.476047 False
0.720552 0.193964 -0.476238 False
0.720525 0.193199 -0.476119 False
0.720458 0.193586 -0.476198 False
0.720368 0.193904 -0.476808 False
0.720448 0.194329 -0.476824 False
0.719708 0.194426 -0.476770 False
0.720149 0.194391 -0.476754 False
0.719289 0.193856 -0.476699 False
0.719292 0.194167 -0.476237 False
0.719837 0.194017 -0.475871 False
0.720635 0.193075 -0.476348 False
0.720799 0.193263 -0.476470 False
0.720837 0.193812 -0.476437 False
0.720782 0.194618 -0.476820 False
0.720613 0.193675 -0.476896 False
0.720014 0.193754 -0.476291 False
0.720129 0.193734 -0.475566 False
0.720550 0.193945 -0.475813 False
0.720142 0.193142 -0.476500 False
0.720061 0.193350 -0.476052 False
0.720524 0.193335 -0.475676 False
0.721099 0.193595 -0.475651 False
0.720804 0.193697 -0.475863 False
0.720102 0.194116 -0.475819 False
0.719396 0.193456 -0.476223 False
0.719906 0.194454 -0.475567 False
0.719905 0.195751 -0.476318 False
0.719965 0.194893 -0.476106 False
0.720795 0.194027 -0.476595 False
0.720321 0.193710 -0.476614 False
0.719938 0.193434 -0.476079 False
0.720797 0.193605 -0.475716 False
0.721029 0.195234 -0.475948 False
0.720098 0.195491 -0.476782 False
0.720434 0.194906 -0.476737 False
0.719968 0.196403 -0.476584 False
0.719604 0.195081 -0.476447 False
0.720468 0.195141 -0.476605 False
0.720647 0.194365 -0.476664 False
0.720284 0.193522 -0.476775 False
0.720009 0.194419 -0.477303 False
0.720858 0.193884 -0.476698 False
0.720341 0.194070 -0.476942 False
0.720283 0.193744 -0.476938 False
0.720204 0.193063 -0.477016 False
0.719441 0.192602 -0.476831 False
0.719803 0.193436 -0.476782 False
0.719610 0.193637 -0.477018 False
0.720279 0.195565 -0.476760 False
0.720381 0.195165 -0.476466 False
0.719899 0.198916 -0.477128 False
0.720244 0.195421 -0.476827 False
0.720171 0.193985 -0.476307 False
0.720660 0.193468 -0.476142 False
0.720629 0.193769 -0.476085 False
0.720432 0.194872 -0.476295 False
0.720384 0.196113 -0.476769 False
0.720118 0.194700 -0.476696 False
0.719811 0.197507 -0.477073 False
0.720430 0.194778 -0.476821 False
0.720844 0.194350 -0.476361 False
0.720129 0.193904 -0.476274 False
0.718906 0.194330 -0.476636 False
0.719975 0.193916 -0.476313 False
0.719730 0.194800 -0.476743 False
0.719803 0.198126 -0.476943 False
0.719966 0.196883 -0.476603 False
0.720184 0.194536 -0.476459 False
0.720527 0.195774 -0.476351 False
0.720689 0.196032 -0.476984 False
0.720080 0.194774 -0.476969 False
0.719879 0.194300 -0.477346 False
0.719790 0.195044 -0.476410 False
0.720510 0.194355 -0.476193 False
0.720331 0.193919 -0.476648 False
0.720429 0.194012 -0.475975 False
0.720502 0.195224 -0.476383 False
0.721166 0.194917 -0.476849 False
0.720285 0.194791 -0.476680 False
0.720296 0.194822 -0.476440 False
0.720592 0.194393 -0.476810 False
0.720461 0.195079 -0.476904 False
0.720590 0.194407 -0.476709 False
0.720126 0.195307 -0.476771 False
0.720433 0.197279 -0.476605 False
0.720571 0.195238 -0.476750 False
0.720786 0.193439 -0.476847 False
0.720759 0.193240 -0.476827 False
0.720635 0.193823 -0.476960 False
0.720757 0.194345 -0.477038 False
0.720649 0.194277 -0.476386 False
0.720360 0.193931 -0.476184 False
0.720192 0.195149 -0.475422 False
0.720698 0.196278 -0.476187 False
0.720757 0.194751 -0.476533 False
0.720640 0.194902 -0.476379 False
0.720404 0.195954 -0.476598 False
0.719913 0.193707 -0.476382 False
0.720376 0.193057 -0.475499 False
0.720478 0.193395 -0.475939 False
0.720354 0.195164 -0.476268 False
0.720217 0.193560 -0.476208 False
0.719853 0.195447 -0.476147 False
0.720476 0.194898 -0.476866 False
0.720170 0.194678 -0.475819 False
0.720328 0.195042 -0.475861 False
0.719861 0.195670 -0.475630 False
0.719417 0.194663 -0.475557 False
0.719493 0.195821 -0.476755 False
0.720209 0.197019 -0.476471 False
0.719992 0.194687 -0.476797 False
0.719773 0.194856 -0.477102 False
0.720054 0.194508 -0.476362 False
0.719867 0.197762 -0.476529 False
0.720369 0.200568 -0.475985 False
0.720319 0.200129 -0.476250 False
0.719534 0.196313 -0.475737 False
0.720105 0.196119 -0.476014 False
0.719711 0.198667 -0.476884 False
0.720419 0.195569 -0.476899 False
0.720339 0.196855 -0.476655 False
0.720271 0.194961 -0.476879 False
0.720034 0.195809 -0.476474 False
0.720386 0.195243 -0.476508 False
0.719746 0.194042 -0.475980 False
0.720006 0.193711 -0.476072 False
0.719685 0.193868 -0.476740 False
0.719243 0.193932 -0.477136 False
0.720385 0.193551 -0.476301 False
0.720508 0.193621 -0.475847 False
0.720401 0.194200 -0.476356 False
0.720168 0.193644 -0.476705 False
0.721138 0.194915 -0.477304 False
0.720541 0.193922 -0.476470 False
0.720132 0.193597 -0.476175 False
0.719408 0.193943 -0.475979 False
0.719172 0.194612 -0.476208 False
0.719620 0.195051 -0.476214 False
0.719787 0.194606 -0.476070 False
0.720247 0.194528 -0.476387 False
0.720390 0.196241 -0.476438 False
0.720120 0.194486 -0.476153 False
0.720374 0.193605 -0.476714 False
0.721271 0.194061 -0.476644 False
0.720696 0.196181 -0.476744 False
0.719611 0.194453 -0.476332 False
0.719726 0.193717 -0.476237 False
0.719755 0.194685 -0.476555 False
0.720280 0.199106 -0.476825 False
0.720615 0.197872 -0.476494 False
0.719432 0.194362 -0.476751 False
0.719859 0.194703 -0.477362 False
0.720216 0.193448 -0.476939 False
0.720378 0.195114 -0.476493 False
0.720506 0.197875 -0.477113 False
0.719880 0.198452 -0.477105 False
0.720078 0.196432 -0.476920 False
0.720092 0.194393 -0.476725 False
0.721062 0.194163 -0.476621 False
0.720966 0.193546 -0.477067 False
0.720756 0.194022 -0.477343 False
0.720356 0.193342 -0.477130 False
0.720693 0.193590 -0.476808 False
0.720603 0.196046 -0.476972 False
0.719860 0.194484 -0.476616 False
0.719961 0.195243 -0.476573 False
0.719849 0.197243 -0.476613 False
0.720374 0.194523 -0.476326 False
0.719813 0.194318 -0.476148 False
0.719505 0.193899 -0.476477 False
0.720192 0.196248 -0.476599 False
0.720515 0.195371 -0.476989 False
0.720800 0.196546 -0.476877 False
0.720266 0.195629 -0.476893 False
0.720684 0.198365 -0.476658 False
0.720099 0.196366 -0.476368 False
0.719638 0.196181 -0.476496 False
0.719485 0.197635 -0.477160 False
0.720000 0.198858 -0.476679 False
0.720372 0.195462 -0.476720 False
0.720089 0.193931 -0.476817 False
0.719284 0.194777 -0.476718 False
0.719378 0.193733 -0.476974 False
0.719968 0.193905 -0.476722 False
0.720731 0.195964 -0.476733 False
0.720786 0.194874 -0.476631 False
0.720507 0.194160 -0.476004 False
0.720149 0.194300 -0.475538 False
0.720408 0.194088 -0.476629 False
0.720516 0.194784 -0.476787 False
0.720195 0.195591 -0.476463 False
0.719986 0.195689 -0.476630 False
0.720141 0.195573 -0.476345 False
0.720166 0.197611 -0.475711 False
0.720184 0.197690 -0.476159 False
0.720275 0.200345 -0.476077 False
0.720340 0.197731 -0.476198 False
0.720265 0.194969 -0.476090 False
0.720255 0.195442 -0.476697 False
0.720184 0.194062 -0.476152 False
0.720123 0.194104 -0.476759 False
0.720631 0.196560 -0.476642 False
0.720569 0.200887 -0.476690 False
0.720598 0.196087 -0.476548 False
0.720079 0.196342 -0.476444 False
0.719884 0.194096 -0.476410 False
0.718762 0.194346 -0.476867 False
0.719644 0.196068 -0.476711 False
0.720502 0.193870 -0.476108 False
0.719966 0.194550 -0.476318 False
0.719947 0.194698 -0.476831 False
0.719269 0.195162 -0.477102 False
0.719158 0.194289 -0.477280 False
0.720055 0.194703 -0.476947 False
0.720334 0.196229 -0.476965 False
0.720145 0.194331 -0.477068 False
0.720379 0.193805 -0.476644 False
0.720383 0.194453 -0.476910 False
0.720468 0.194530 -0.477061 False
0.720353 0.194831 -0.477022 False
0.720418 0.195888 -0.476676 False
0.720178 0.195361 -0.476951 False
0.720262 0.194690 -0.477175 False
0.719734 0.194667 -0.476745 False
0.720295 0.194201 -0.476561 False
0.720301 0.194586 -0.476331 False
0.720356 0.194401 -0.476575 False
0.720458 0.194243 -0.476757 False
0.720514 0.195146 -0.477001 False
0.720479 0.196813 -0.477360 False
0.720409 0.194492 -0.476614 False
0.720136 0.193778 -0.476687 False
0.719608 0.195812 -0.477031 False
0.720337 0.196446 -0.477058 False
