0.727925 0.218686 -0.168755 False
0.727808 0.219658 -0.169306 False
0.727047 0.220822 -0.169766 False
0.726215 0.221492 -0.170193 False
0.726383 0.221520 -0.170469 False
0.726019 0.221121 -0.171312 False
0.726940 0.221172 -0.171360 False
0.725919 0.220930 -0.171354 False
0.726668 0.220805 -0.170606 False
0.726036 0.221323 -0.170288 False
0.725528 0.220174 -0.170246 False
0.725479 0.219944 -0.170321 False
0.726178 0.220712 -0.170689 False
0.725344 0.220979 -0.170686 False
0.724721 0.220934 -0.170987 False
0.725123 0.220917 -0.171293 False
0.724740 0.220929 -0.171470 False
0.725622 0.220912 -0.171457 False
0.725778 0.220924 -0.171430 False
0.727285 0.220907 -0.171156 False
0.726834 0.220927 -0.171316 False
0.725923 0.221039 -0.170834 False
0.726818 0.221429 -0.170661 False
0.725600 0.220364 -0.170441 False
0.725348 0.220700 -0.170716 False
0.725523 0.220672 -0.171178 False
0.725276 0.221204 -0.172407 False
0.726203 0.221571 -0.171872 False
0.726016 0.221820 -0.172108 False
0.725032 0.221862 -0.172653 False
0.725882 0.221927 -0.171542 False
0.725527 0.222938 -0.171832 False
0.724289 0.222854 -0.172034 False
0.724366 0.222167 -0.172552 False
0.724510 0.221791 -0.172462 False
0.726452 0.221535 -0.171866 False
0.726750 0.221374 -0.171875 False
0.723367 0.221866 -0.172342 False
0.707171 0.222750 -0.171165 False
0.683524 0.224056 -0.169231 False
0.653618 0.225788 -0.166659 False
0.618645 0.227950 -0.163567 False
0.579798 0.230547 -0.160074 False
0.538270 0.233582 -0.156297 False
0.495252 0.237061 -0.152356 False
0.451936 0.240988 -0.148369 False
0.409517 0.245367 -0.144454 False
0.369184 0.250202 -0.140730 False
0.332132 0.255499 -0.137315 False
0.299552 0.261260 -0.134328 False
0.272637 0.267492 -0.131887 False
0.252579 0.274197 -0.130110 False
0.240570 0.281381 -0.129117 False
0.240815 0.293185 -0.127388 False
0.255596 0.296334 -0.130539 False
0.253836 0.293869 -0.137086 False
0.248361 0.287933 -0.145695 False
0.240817 0.279682 -0.155561 False
0.232850 0.270269 -0.165881 False
0.226105 0.260849 -0.175852 False
0.224850 0.250967 -0.184397 False
0.226078 0.246338 -0.191958 False
0.224078 0.248725 -0.197223 False
0.216532 0.260378 -0.194874 False
0.206265 0.284928 -0.184914 False
0.199090 0.302526 -0.183702 False
0.200367 0.291954 -0.188478 False
0.212392 0.267751 -0.191665 False
0.234612 0.253065 -0.182578 False
0.256197 0.240321 -0.171499 False
0.263818 0.230709 -0.165675 False
0.265188 0.223856 -0.161107 False
0.259429 0.221198 -0.157223 False
0.253113 0.218843 -0.151834 False
0.250922 0.217666 -0.151025 False
0.249725 0.217246 -0.150807 False
0.249289 0.217757 -0.150396 False
0.249179 0.220041 -0.147025 False
0.250535 0.218488 -0.147484 False
0.250744 0.219001 -0.147754 False
0.250564 0.219553 -0.148388 False
0.250194 0.218909 -0.148420 False
0.250681 0.217957 -0.148370 False
0.250871 0.218022 -0.148129 False
0.250853 0.217742 -0.147879 False
0.250694 0.217943 -0.147885 False
0.251479 0.218856 -0.148585 False
0.251476 0.218586 -0.148795 False
0.251779 0.218073 -0.148609 False
0.250970 0.218386 -0.147620 False
0.250517 0.218226 -0.147817 False
0.250276 0.218236 -0.146163 False
0.249597 0.219794 -0.146956 False
0.249048 0.219496 -0.146506 False
0.249581 0.222157 -0.145555 False
0.251128 0.218023 -0.147814 False
0.249513 0.218494 -0.147712 False
0.250007 0.218072 -0.148558 False
0.249506 0.218471 -0.148818 False
0.248864 0.216984 -0.151866 False
0.247724 0.216178 -0.155855 False
0.248815 0.216626 -0.161394 False
0.249149 0.218929 -0.163532 False
0.249572 0.219827 -0.164734 False
0.250000 0.216550 -0.166092 False
0.249772 0.213824 -0.167309 False
0.250552 0.214444 -0.168907 False
0.252111 0.219853 -0.166142 False
0.255215 0.214883 -0.168831 False
0.254802 0.213028 -0.168260 False
0.252575 0.215899 -0.161167 False
0.251808 0.217197 -0.161612 False
0.249191 0.218475 -0.174737 False
0.249268 0.218757 -0.194054 False
0.244435 0.232532 -0.194819 False
0.238896 0.251483 -0.189300 False
0.235420 0.272890 -0.180158 False
0.231826 0.299956 -0.167113 False
0.228379 0.316350 -0.156504 False
0.223889 0.326052 -0.147640 False
0.217848 0.330450 -0.139806 False
0.218412 0.328627 -0.126485 False
0.221196 0.322833 -0.111594 False
0.225114 0.314395 -0.096198 False
0.229076 0.304639 -0.081360 False
0.231994 0.294893 -0.068144 False
0.231644 0.283170 -0.059103 False
0.230191 0.284207 -0.053343 False
0.226553 0.286917 -0.046188 False
0.215247 0.305133 -0.034451 False
0.209179 0.312324 -0.024602 False
0.204424 0.316752 -0.015580 False
0.200896 0.318705 -0.007781 False
0.198506 0.318473 -0.001602 False
0.197166 0.316348 0.002559 False
0.196789 0.312620 0.004307 False
0.197287 0.307577 0.003243 False
0.198572 0.301511 -0.001028 False
0.200557 0.294712 -0.008905 False
0.203154 0.287469 -0.020784 False
0.206585 0.280384 -0.038569 False
0.210072 0.273057 -0.059309 False
0.213146 0.265400 -0.081560 False
0.215340 0.257324 -0.103876 False
0.216184 0.248741 -0.124814 False
0.215210 0.239563 -0.142928 False
0.211951 0.229700 -0.156776 False
0.203869 0.217316 -0.162031 False
0.195104 0.206207 -0.163649 False
0.188229 0.200044 -0.164286 False
0.189269 0.197626 -0.165897 False
0.183710 0.198775 -0.166856 False
0.177204 0.201918 -0.168000 False
0.170724 0.206022 -0.169764 False
0.166036 0.209248 -0.173161 False
0.162354 0.212362 -0.177339 False
0.159684 0.215325 -0.182023 False
0.158031 0.218096 -0.186940 False
0.157401 0.220633 -0.191815 False
0.157799 0.222894 -0.196375 False
0.159231 0.224839 -0.200346 False
0.161701 0.226427 -0.203454 False
0.165214 0.227617 -0.205425 False
0.169777 0.228366 -0.205985 False
0.176839 0.229562 -0.201247 False
0.181154 0.226424 -0.205143 False
0.185479 0.223727 -0.208089 False
0.189898 0.225493 -0.202596 False
0.200311 0.230682 -0.194879 False
0.206903 0.236116 -0.184243 False
0.213725 0.240454 -0.175734 False
0.220265 0.243810 -0.167699 False
0.226502 0.245727 -0.160231 False
0.232413 0.245744 -0.153425 False
0.237976 0.243402 -0.147376 False
0.243343 0.236452 -0.141640 False
0.248105 0.228410 -0.137503 False
0.252025 0.221003 -0.135716 False
0.254377 0.217889 -0.139255 False
0.256019 0.216503 -0.143921 False
0.257315 0.216209 -0.147742 False
0.258477 0.216320 -0.144466 False
0.262182 0.215413 -0.143693 False
0.262667 0.215579 -0.145632 False
0.262408 0.215935 -0.147603 False
0.262173 0.216096 -0.146805 False
0.262110 0.216028 -0.146339 False
0.262383 0.215747 -0.146060 False
0.262495 0.216089 -0.145924 False
0.262216 0.216406 -0.145368 False
0.261940 0.216549 -0.144803 False
0.258558 0.218059 -0.139659 False
0.260421 0.218531 -0.140170 False
0.261174 0.218719 -0.144270 False
0.258322 0.218683 -0.152578 False
0.249369 0.218483 -0.165713 False
0.218360 0.219476 -0.185820 False
0.207151 0.214984 -0.215083 False
0.194950 0.214804 -0.235164 False
0.184535 0.216007 -0.252303 False
0.175829 0.218417 -0.266651 False
0.168755 0.221858 -0.278355 False
0.163237 0.226156 -0.287565 False
0.159196 0.231134 -0.294429 False
0.156557 0.236617 -0.299097 False
0.155241 0.242428 -0.301717 False
0.155173 0.248393 -0.302438 False
0.156274 0.254336 -0.301410 False
0.158467 0.260081 -0.298780 False
0.161676 0.265452 -0.294697 False
0.165824 0.270274 -0.289311 False
0.170833 0.274371 -0.282771 False
0.176626 0.277567 -0.275225 False
0.183126 0.279686 -0.266822 False
0.190257 0.280554 -0.257711 False
0.197940 0.279994 -0.248041 False
0.206099 0.277831 -0.237961 False
0.214657 0.273888 -0.227619 False
0.223537 0.267991 -0.217165 False
0.232662 0.259964 -0.206747 False
0.245972 0.247841 -0.194099 False
0.250245 0.234464 -0.186552 False
0.245512 0.227323 -0.184446 False
0.241480 0.222153 -0.185832 False
0.253885 0.216478 -0.192461 False
0.259150 0.214029 -0.195213 False
0.263336 0.213173 -0.197229 False
0.266522 0.213462 -0.198599 False
0.268787 0.214443 -0.199412 False
0.270208 0.215665 -0.199757 False
0.270590 0.216372 -0.199478 False
0.270908 0.216874 -0.199480 False
0.270856 0.216246 -0.199752 False
0.271022 0.216763 -0.199556 False
0.270463 0.216004 -0.199766 False
0.270102 0.215826 -0.199565 False
0.270059 0.216221 -0.199376 False
0.270199 0.216002 -0.198757 False
0.270181 0.216349 -0.198773 False
0.270665 0.216395 -0.199410 False
0.271026 0.216497 -0.199798 False
0.271055 0.216839 -0.199767 False
0.271070 0.216022 -0.198999 False
0.271375 0.215801 -0.199225 False
0.271380 0.215750 -0.199946 False
0.271040 0.215323 -0.201527 False
0.271765 0.213749 -0.209991 False
0.270476 0.213513 -0.212315 False
0.271113 0.214004 -0.210232 False
0.269661 0.213419 -0.213962 False
0.271001 0.214475 -0.208776 False
0.270976 0.215672 -0.203782 False
0.270394 0.216148 -0.199702 False
0.270401 0.215831 -0.198632 False
0.270406 0.215814 -0.198089 False
0.270730 0.216059 -0.198111 False
0.271367 0.216298 -0.198080 False
0.271293 0.217020 -0.198188 False
0.270822 0.216155 -0.198207 False
0.270213 0.216242 -0.198188 False
0.270077 0.216005 -0.198007 False
0.270236 0.215755 -0.198571 False
0.270357 0.215952 -0.198424 False
0.270982 0.215890 -0.198579 False
0.270773 0.216246 -0.198345 False
0.270728 0.217033 -0.197887 False
0.270996 0.216355 -0.195455 False
0.269868 0.217038 -0.188044 False
0.265745 0.216792 -0.191467 False
0.261190 0.216406 -0.196715 False
0.260669 0.216408 -0.196933 False
0.256033 0.216949 -0.200210 False
0.245793 0.212885 -0.214648 False
0.239369 0.212251 -0.215622 False
0.234173 0.212479 -0.212829 False
0.230356 0.213319 -0.207790 False
0.228072 0.214522 -0.202024 False
0.228254 0.216204 -0.193010 False
0.229735 0.216107 -0.202860 False
0.228326 0.218918 -0.204315 False
0.230912 0.214985 -0.211840 False
0.231826 0.213597 -0.213402 False
0.231546 0.213900 -0.212852 False
0.231453 0.214033 -0.210970 False
0.231589 0.214133 -0.209023 False
0.232873 0.214825 -0.210506 False
0.232577 0.214221 -0.212044 False
0.232480 0.213872 -0.209904 False
0.233430 0.213007 -0.209515 False
0.233994 0.212701 -0.209263 False
0.233692 0.213130 -0.210673 False
0.233647 0.214656 -0.209357 False
0.233747 0.214313 -0.209935 False
0.232370 0.213485 -0.210750 False
0.232215 0.213409 -0.212502 False
0.231888 0.213291 -0.211421 False
0.231980 0.213554 -0.210911 False
0.232318 0.214743 -0.209956 False
0.232662 0.214366 -0.209893 False
0.232809 0.213727 -0.208134 False
0.233727 0.213773 -0.207623 False
0.235749 0.213646 -0.208195 False
0.243168 0.213304 -0.210055 False
0.235511 0.214137 -0.209641 False
0.234346 0.213588 -0.209129 False
0.233667 0.212973 -0.209150 False
0.232096 0.212912 -0.213052 False
0.231579 0.213914 -0.212362 False
0.231503 0.213767 -0.212364 False
0.230562 0.214225 -0.208695 False
0.231682 0.213669 -0.212786 False
0.234723 0.213551 -0.212995 False
0.234014 0.213518 -0.213426 False
0.232832 0.213426 -0.213671 False
0.232086 0.213183 -0.213757 False
0.234288 0.212043 -0.213464 False
0.239391 0.211889 -0.214388 False
0.232716 0.212931 -0.212776 False
0.232543 0.213178 -0.213406 False
0.232003 0.213136 -0.213503 False
0.231832 0.212707 -0.213686 False
0.231469 0.212719 -0.213629 False
0.231702 0.213225 -0.213160 False
0.231214 0.213653 -0.213175 False
0.231184 0.212832 -0.213054 False
0.231344 0.212658 -0.212898 False
0.231100 0.212460 -0.210818 False
0.231371 0.212611 -0.209155 False
0.231283 0.212636 -0.212782 False
0.231190 0.212766 -0.212988 False
0.231270 0.212563 -0.212828 False
0.231371 0.212286 -0.213280 False
0.231702 0.212471 -0.214852 False
0.231211 0.212398 -0.216517 False
0.231788 0.211882 -0.214852 False
0.232326 0.211941 -0.214461 False
0.231760 0.212436 -0.214041 False
0.231389 0.212552 -0.214018 False
0.231942 0.212418 -0.213979 False
0.232333 0.211891 -0.213739 False
0.233830 0.211773 -0.214088 False
0.232012 0.212383 -0.213233 False
0.231498 0.212574 -0.213161 False
0.231283 0.212643 -0.213684 False
0.231271 0.212576 -0.213787 False
0.231449 0.212609 -0.212953 False
0.231661 0.212702 -0.211674 False
0.231966 0.212612 -0.208999 False
0.231520 0.212593 -0.211040 False
0.232371 0.212609 -0.211505 False
0.234338 0.212603 -0.211821 False
0.243053 0.212643 -0.210990 False
0.234663 0.212592 -0.212753 False
0.232832 0.212556 -0.213301 False
0.232506 0.212546 -0.213420 False
0.232314 0.212541 -0.213106 False
0.232154 0.212537 -0.213264 False
0.232085 0.212583 -0.213478 False
0.231858 0.212783 -0.213568 False
0.232158 0.213236 -0.213789 False
0.231860 0.212838 -0.214137 False
0.231500 0.212701 -0.213737 False
0.232194 0.212671 -0.214369 False
0.231514 0.212649 -0.215318 False
0.231886 0.212564 -0.215393 False
0.231478 0.212548 -0.215697 False
0.231087 0.212572 -0.215012 False
0.231043 0.212696 -0.215134 False
0.231252 0.212695 -0.214893 False
0.231853 0.212855 -0.213814 False
0.231510 0.213838 -0.209394 False
0.231646 0.213434 -0.213078 False
0.230845 0.212660 -0.216961 False
0.230715 0.212252 -0.218073 False
0.231225 0.213250 -0.217725 False
0.231399 0.212108 -0.216720 False
0.231121 0.212911 -0.210427 False
0.230406 0.214754 -0.202702 False
0.231032 0.214895 -0.201717 False
0.231325 0.215757 -0.202012 False
0.230674 0.215520 -0.201951 False
0.230600 0.215846 -0.202227 False
0.230395 0.215398 -0.202261 False
0.230596 0.215298 -0.202181 False
0.230599 0.215267 -0.201932 False
0.230464 0.214983 -0.202300 False
0.230993 0.213706 -0.208987 False
0.231316 0.213243 -0.206084 False
0.231409 0.212847 -0.210591 False
0.231346 0.213567 -0.206606 False
0.230810 0.214907 -0.203401 False
0.231819 0.213562 -0.208212 False
0.231737 0.214877 -0.204956 False
0.232791 0.213092 -0.210944 False
0.232012 0.213268 -0.208676 False
0.230578 0.215880 -0.199938 False
0.230432 0.217248 -0.199241 False
0.230491 0.216318 -0.202033 False
0.231237 0.213203 -0.209182 False
0.232536 0.211905 -0.211401 False
0.236879 0.211578 -0.214083 False
0.232934 0.211951 -0.212464 False
0.231958 0.212839 -0.211201 False
0.230316 0.214385 -0.204882 False
0.230948 0.213048 -0.211444 False
0.230481 0.212658 -0.213076 False
0.230358 0.212564 -0.211936 False
0.230318 0.212447 -0.209389 False
0.230710 0.212008 -0.211400 False
0.231003 0.212022 -0.213187 False
0.231013 0.212500 -0.212914 False
0.230799 0.212656 -0.210971 False
0.230775 0.212112 -0.209212 False
0.230940 0.212085 -0.211384 False
0.231159 0.211996 -0.212613 False
0.231685 0.211786 -0.212680 False
0.232209 0.212250 -0.211381 False
0.231639 0.215514 -0.201631 False
0.231193 0.216800 -0.199303 False
0.231640 0.216460 -0.199922 False
0.231221 0.214288 -0.205207 False
0.231515 0.213052 -0.211220 False
0.230335 0.213117 -0.209798 False
0.229288 0.215160 -0.202037 False
0.229178 0.216427 -0.200736 False
0.229270 0.216331 -0.199749 False
0.229511 0.215816 -0.199416 False
0.229787 0.215178 -0.199514 False
0.229987 0.214712 -0.199820 False
0.229666 0.215299 -0.199896 False
0.229746 0.216038 -0.200187 False
0.229896 0.215418 -0.199959 False
0.230105 0.215173 -0.200264 False
0.229522 0.214868 -0.200284 False
0.229425 0.215632 -0.200401 False
0.229642 0.215651 -0.199974 False
0.230254 0.215754 -0.198405 False
0.230330 0.215712 -0.198334 False
0.230219 0.215513 -0.198050 False
0.230218 0.216166 -0.198165 False
0.230099 0.216677 -0.197029 False
0.230322 0.216168 -0.197653 False
0.230432 0.215614 -0.197724 False
0.230399 0.215694 -0.197879 False
0.230175 0.215703 -0.198041 False
0.230317 0.215937 -0.198645 False
0.230345 0.215458 -0.199110 False
0.230331 0.215646 -0.199145 False
0.230370 0.216071 -0.198687 False
0.230444 0.216063 -0.198318 False
0.230462 0.215618 -0.197768 False
0.230465 0.215734 -0.197880 False
0.230453 0.215556 -0.198115 False
0.230375 0.215819 -0.198912 False
0.230047 0.215934 -0.198454 False
0.229968 0.215764 -0.198034 False
0.230363 0.215586 -0.197923 False
0.230491 0.215483 -0.197738 False
0.230474 0.215656 -0.197677 False
0.230450 0.215986 -0.197605 False
0.230376 0.215796 -0.197412 False
0.230212 0.216314 -0.197850 False
0.230515 0.217154 -0.198722 False
0.230210 0.216541 -0.197917 False
0.230343 0.216851 -0.197630 False
0.230361 0.216865 -0.197366 False
0.230031 0.216533 -0.197563 False
0.229812 0.217149 -0.197435 False
0.229756 0.216410 -0.196569 False
0.229925 0.216387 -0.196721 False
0.229721 0.217148 -0.196529 False
0.229417 0.216635 -0.197507 False
0.229968 0.217415 -0.198542 False
0.230286 0.217592 -0.198275 False
0.230109 0.217531 -0.199600 False
0.230015 0.217151 -0.198380 False
0.229829 0.217314 -0.196931 False
0.229840 0.216704 -0.197728 False
0.229930 0.216635 -0.196850 False
0.230282 0.218210 -0.196955 False
0.230075 0.219220 -0.197261 False
0.229966 0.219967 -0.197608 False
0.230446 0.218309 -0.197920 False
0.230501 0.217205 -0.198820 False
0.230379 0.217221 -0.198080 False
0.230111 0.218170 -0.197606 False
0.230065 0.218295 -0.197558 False
0.230150 0.217729 -0.198176 False
0.230288 0.216886 -0.199045 False
0.230437 0.215935 -0.199992 False
0.230555 0.215046 -0.200847 False
0.230600 0.214387 -0.201438 False
0.230370 0.214565 -0.200789 False
0.230181 0.214777 -0.200518 False
0.230590 0.213508 -0.204338 False
0.230399 0.214794 -0.201745 False
0.230478 0.214465 -0.202947 False
0.231013 0.213177 -0.211731 False
0.230735 0.213167 -0.212148 False
0.230432 0.214479 -0.205744 False
0.230141 0.214782 -0.202948 False
0.231857 0.213248 -0.209481 False
0.232160 0.213363 -0.211390 False
0.231747 0.213275 -0.206846 False
0.232053 0.212849 -0.209953 False
0.231381 0.213472 -0.206871 False
0.231110 0.214612 -0.204685 False
0.230644 0.215161 -0.204487 False
0.230648 0.214778 -0.202874 False
0.231083 0.214313 -0.201631 False
0.231076 0.214217 -0.200799 False
0.230587 0.214302 -0.200137 False
0.230479 0.214745 -0.200919 False
0.230509 0.215089 -0.200444 False
0.230554 0.214714 -0.201184 False
0.230832 0.214242 -0.201207 False
0.230527 0.214732 -0.201693 False
0.230170 0.215205 -0.200842 False
0.230192 0.215169 -0.200765 False
0.230006 0.214564 -0.200430 False
0.230459 0.214945 -0.200717 False
0.230920 0.214086 -0.202893 False
0.232086 0.212914 -0.210564 False
0.232525 0.212920 -0.210929 False
0.231166 0.214061 -0.203756 False
0.231152 0.214101 -0.202114 False
0.231066 0.214437 -0.201114 False
0.230635 0.214432 -0.201308 False
0.230666 0.215068 -0.201167 False
0.230917 0.214699 -0.202444 False
0.231924 0.213284 -0.208619 False
0.231719 0.214043 -0.204070 False
0.232275 0.213092 -0.209191 False
0.230914 0.213666 -0.206800 False
0.230551 0.214573 -0.203248 False
0.232521 0.213059 -0.211038 False
0.233325 0.212669 -0.213561 False
0.232877 0.212563 -0.214213 False
0.234058 0.212574 -0.213940 False
0.234488 0.212568 -0.214841 False
0.233230 0.212635 -0.215367 False
0.233954 0.212672 -0.214353 False
0.233901 0.212559 -0.214235 False
0.234346 0.212427 -0.213991 False
0.232675 0.212009 -0.214427 False
0.232399 0.212396 -0.214370 False
0.232342 0.212475 -0.214315 False
0.231740 0.212521 -0.213050 False
0.231057 0.214143 -0.207437 False
0.231690 0.213794 -0.208786 False
0.232465 0.213231 -0.210635 False
0.232944 0.212923 -0.211060 False
0.231397 0.214373 -0.202660 False
0.231412 0.215292 -0.198444 False
0.231697 0.215909 -0.199611 False
0.231475 0.215320 -0.201670 False
0.230513 0.214850 -0.201395 False
0.230140 0.215007 -0.200766 False
0.229832 0.215291 -0.200967 False
0.229849 0.215307 -0.200656 False
0.230153 0.215269 -0.200474 False
0.230011 0.215277 -0.199713 False
0.230204 0.215306 -0.200517 False
0.229748 0.215049 -0.201085 False
0.230227 0.214572 -0.202881 False
0.231552 0.212968 -0.210309 False
0.231644 0.212630 -0.210951 False
0.232052 0.212567 -0.211690 False
0.232028 0.212494 -0.211754 False
0.232134 0.212708 -0.211991 False
0.232132 0.213009 -0.212028 False
0.232430 0.212610 -0.211821 False
0.232324 0.212520 -0.212762 False
0.232119 0.212777 -0.212987 False
0.232145 0.213496 -0.212458 False
0.233349 0.216221 -0.212439 False
0.235295 0.220034 -0.212502 False
0.237943 0.224704 -0.212615 False
0.241254 0.230000 -0.212744 False
0.245187 0.235689 -0.212857 False
0.249702 0.241541 -0.212921 False
0.254757 0.247325 -0.212903 False
0.260314 0.252808 -0.212769 False
0.266331 0.257760 -0.212487 False
0.272769 0.261949 -0.212024 False
0.279587 0.265144 -0.211347 False
0.286744 0.267113 -0.210422 False
0.294201 0.267626 -0.209218 False
0.301917 0.266450 -0.207700 False
0.309851 0.263355 -0.205837 False
0.317964 0.258109 -0.203594 False
0.326215 0.250480 -0.200940 False
0.334564 0.240238 -0.197841 False
0.342971 0.227151 -0.194263 False
0.351394 0.210987 -0.190175 False
0.359795 0.191516 -0.185543 False
0.368131 0.168506 -0.180335 False
0.376364 0.141725 -0.174516 False
0.384891 0.107584 -0.167624 False
0.392696 0.073312 -0.160583 False
0.399199 0.042781 -0.153886 False
0.403823 0.019863 -0.148026 False
0.402929 0.015257 -0.143147 False
0.406939 0.018583 -0.141909 False
0.407777 0.019776 -0.142613 False
0.407820 0.020103 -0.142314 False
0.407357 0.020169 -0.142236 False
0.407632 0.022855 -0.142098 False
0.407281 0.023097 -0.142291 False
0.407683 0.021322 -0.142192 False
0.407772 0.019686 -0.141803 False
0.407870 0.019277 -0.141776 False
0.408014 0.018882 -0.142169 False
0.408542 0.017414 -0.142420 False
0.408364 0.017450 -0.143069 False
0.408070 0.018078 -0.143461 False
0.407924 0.019466 -0.142383 False
0.407980 0.021189 -0.141724 False
0.407951 0.022092 -0.142162 False
0.407992 0.018280 -0.142422 False
0.407970 0.018254 -0.142492 False
0.408088 0.019303 -0.142446 False
0.408418 0.017501 -0.142348 False
0.407974 0.017422 -0.142288 False
0.407842 0.018937 -0.142292 False
0.407849 0.019265 -0.142329 False
0.407850 0.019001 -0.142427 False
0.407977 0.017618 -0.142317 False
0.407986 0.017647 -0.142278 False
0.407896 0.017117 -0.142287 False
0.407872 0.016970 -0.142354 False
0.407870 0.017010 -0.142396 False
0.407871 0.017400 -0.142472 False
0.407871 0.018888 -0.142462 False
0.407873 0.018879 -0.142359 False
0.407872 0.017532 -0.142459 False
0.407874 0.018125 -0.142463 False
0.407872 0.022031 -0.142373 False
0.407874 0.020814 -0.142442 False
0.407874 0.017739 -0.142381 False
0.407874 0.017012 -0.142465 False
0.407874 0.017010 -0.142462 False
0.407875 0.017591 -0.142369 False
0.407875 0.019785 -0.142468 False
0.407874 0.017638 -0.142487 False
0.407872 0.017406 -0.142446 False
0.407872 0.018572 -0.142254 False
0.407864 0.017674 -0.142216 False
0.407872 0.018630 -0.142259 False
0.407875 0.017688 -0.142468 False
0.407874 0.018680 -0.142563 False
0.407873 0.017986 -0.142340 False
0.407869 0.017574 -0.142293 False
0.407847 0.019106 -0.142282 False
0.407762 0.019916 -0.142273 False
0.407811 0.019167 -0.142421 False
0.407861 0.017944 -0.142263 False
0.407873 0.019429 -0.141996 False
0.407874 0.018437 -0.141860 False
0.407872 0.018748 -0.142176 False
0.407862 0.017714 -0.142255 False
0.407822 0.019117 -0.142425 False
0.407876 0.020199 -0.142342 False
0.407885 0.020845 -0.142423 False
0.407908 0.022401 -0.142410 False
0.407976 0.019998 -0.142448 False
0.407766 0.018884 -0.142977 False
0.407353 0.016311 -0.145654 False
0.405645 0.012480 -0.155459 False
0.407417 0.017909 -0.139171 False
0.407985 0.019940 -0.141248 False
0.407925 0.020438 -0.141624 False
0.404411 0.021083 -0.142320 False
0.400545 0.023158 -0.142479 False
0.398612 0.023427 -0.142446 False
0.398435 0.022132 -0.142173 False
0.399295 0.016426 -0.141561 False
0.400277 0.015662 -0.142290 False
0.403341 0.018296 -0.142469 False
0.404893 0.017859 -0.142506 False
0.404110 0.019211 -0.142507 False
0.401669 0.017431 -0.142581 False
0.401380 0.017235 -0.142861 False
0.401061 0.018992 -0.143022 False
0.400409 0.022744 -0.142904 False
0.396229 0.038676 -0.141802 False
0.392254 0.053250 -0.140654 False
0.391951 0.052812 -0.140309 False
0.392972 0.046851 -0.140274 False
0.394773 0.037675 -0.140473 False
0.396806 0.027590 -0.140828 False
0.398526 0.018901 -0.141265 False
0.398481 0.017635 -0.141744 False
0.398414 0.016116 -0.141957 False
0.398405 0.016814 -0.142102 False
0.398710 0.016846 -0.142549 False
0.398251 0.016028 -0.142093 False
0.398236 0.015999 -0.142039 False
0.398238 0.017344 -0.142250 False
0.398518 0.019231 -0.143014 False
0.399424 0.020298 -0.146799 False
0.398541 0.017497 -0.143047 False
0.398451 0.016776 -0.142171 False
0.399030 0.016607 -0.142044 False
0.399086 0.016491 -0.141870 False
0.398990 0.017600 -0.141179 False
0.398965 0.016539 -0.141647 False
0.398962 0.020126 -0.141900 False
0.398583 0.016828 -0.142043 False
0.399241 0.016570 -0.142533 False
0.400102 0.018020 -0.144294 False
0.398540 0.018073 -0.142710 False
0.398200 0.017515 -0.142284 False
0.398152 0.017744 -0.142205 False
0.398169 0.016656 -0.142169 False
0.398238 0.017033 -0.141975 False
0.398259 0.017003 -0.141597 False
0.398262 0.016479 -0.141086 False
0.398259 0.015487 -0.141008 False
0.398254 0.016828 -0.141158 False
0.398267 0.017455 -0.141834 False
0.398368 0.018749 -0.141950 False
0.398762 0.017885 -0.141868 False
0.398363 0.019642 -0.141342 False
0.398317 0.020444 -0.141830 False
0.398775 0.022074 -0.141822 False
0.398502 0.021992 -0.141370 False
0.398910 0.019911 -0.141866 False
0.398851 0.017409 -0.141825 False
0.398005 0.018734 -0.141688 False
0.398709 0.016362 -0.141082 False
0.398324 0.014746 -0.141633 False
0.398415 0.014986 -0.141100 False
0.399003 0.016804 -0.141004 False
0.399156 0.017963 -0.141162 False
0.398994 0.021055 -0.141230 False
0.398418 0.019716 -0.141329 False
0.398330 0.021005 -0.141681 False
0.398277 0.017842 -0.141458 False
0.398348 0.017636 -0.141766 False
0.398487 0.015398 -0.141506 False
0.399034 0.015451 -0.140133 False
0.399007 0.018063 -0.138365 False
0.398588 0.019472 -0.139765 False
0.398877 0.018708 -0.138442 False
0.398605 0.018341 -0.140652 False
0.399139 0.017770 -0.142065 False
0.399627 0.018918 -0.145487 False
0.398628 0.018146 -0.142774 False
0.398429 0.016661 -0.141894 False
0.398804 0.018717 -0.141545 False
0.398109 0.021754 -0.149242 False
0.398335 0.022348 -0.140968 False
0.398951 0.021858 -0.139270 False
0.399048 0.019508 -0.140757 False
0.399097 0.020275 -0.141256 False
0.399062 0.021579 -0.141828 False
0.399112 0.018083 -0.142007 False
0.399145 0.017426 -0.142033 False
0.399199 0.018092 -0.142000 False
0.399048 0.018075 -0.141939 False
0.398472 0.020484 -0.142320 False
0.398275 0.018005 -0.141905 False
0.397321 0.018282 -0.141976 False
0.392455 0.022174 -0.142785 False
0.385590 0.022811 -0.143566 False
0.384306 0.021329 -0.146801 False
0.385066 0.019254 -0.150079 False
0.387334 0.017372 -0.152347 False
0.390574 0.016469 -0.152551 False
0.395146 0.020716 -0.144499 False
0.396938 0.018304 -0.143714 False
0.397664 0.021168 -0.143957 False
0.398406 0.021080 -0.143248 False
0.398974 0.021868 -0.142243 False
0.398644 0.019135 -0.142177 False
0.398904 0.022167 -0.142090 False
0.398524 0.022335 -0.142139 False
0.398524 0.019949 -0.141934 False
0.398924 0.021715 -0.142071 False
0.398487 0.019809 -0.142170 False
0.398307 0.021909 -0.141766 False
0.398330 0.022422 -0.140941 False
0.398341 0.022048 -0.139347 False
0.398333 0.017968 -0.138418 False
0.398259 0.016639 -0.138341 False
0.397864 0.017347 -0.138926 False
0.398242 0.021389 -0.141500 False
0.398277 0.021961 -0.142051 False
0.397695 0.020243 -0.141890 False
0.397595 0.018745 -0.141495 False
0.397544 0.018130 -0.141756 False
0.397577 0.017024 -0.141679 False
0.397549 0.018972 -0.140669 False
0.397592 0.018355 -0.138912 False
0.397601 0.021603 -0.139218 False
0.397609 0.021703 -0.140180 False
0.397671 0.018840 -0.138843 False
0.398102 0.016932 -0.138469 False
0.397674 0.017561 -0.139037 False
0.397668 0.016695 -0.141155 False
0.398069 0.017226 -0.141097 False
0.397645 0.020658 -0.141096 False
0.397557 0.018576 -0.138701 False
0.397648 0.017249 -0.137669 False
0.398072 0.019396 -0.138404 False
0.397644 0.019739 -0.141148 False
0.397499 0.018982 -0.141796 False
0.397476 0.019606 -0.141596 False
0.397479 0.018941 -0.140630 False
0.397502 0.019292 -0.141523 False
0.397507 0.017458 -0.141312 False
0.397667 0.016792 -0.141025 False
0.398235 0.018647 -0.138643 False
0.398332 0.020793 -0.140865 False
0.398154 0.017670 -0.141942 False
0.397403 0.018394 -0.147125 False
0.397455 0.014559 -0.155583 False
0.395059 0.016254 -0.155670 False
0.393442 0.016770 -0.158730 False
0.389088 0.016161 -0.146903 False
0.387179 0.013527 -0.136024 False
0.389198 0.016262 -0.139762 False
0.391126 0.017245 -0.141073 False
0.390326 0.017982 -0.141819 False
0.389375 0.018232 -0.141451 False
0.388466 0.018129 -0.139774 False
0.387952 0.018060 -0.140347 False
0.388862 0.017351 -0.138744 False
0.390179 0.017117 -0.137618 False
0.391959 0.017421 -0.137392 False
0.393718 0.019020 -0.137505 False
0.394281 0.018667 -0.137643 False
0.395187 0.019701 -0.138274 False
0.396375 0.018010 -0.139083 False
0.397156 0.018141 -0.141349 False
0.397320 0.018171 -0.141238 False
0.397849 0.017433 -0.140721 False
0.398014 0.017551 -0.138658 False
0.398160 0.018263 -0.140793 False
0.398735 0.017340 -0.141643 False
0.398335 0.017260 -0.141744 False
0.398061 0.017869 -0.141435 False
0.397609 0.017864 -0.141406 False
0.398120 0.017187 -0.141735 False
0.398258 0.017014 -0.141873 False
0.398263 0.016862 -0.142172 False
0.398143 0.016608 -0.142207 False
0.397730 0.018272 -0.141998 False
0.398197 0.019303 -0.142063 False
0.398255 0.018023 -0.141195 False
0.398272 0.019373 -0.138600 False
0.398399 0.018810 -0.138307 False
0.398834 0.019069 -0.141382 False
0.398420 0.018416 -0.142084 False
0.398372 0.017830 -0.141946 False
0.398290 0.019342 -0.141928 False
0.398269 0.018682 -0.141627 False
0.398260 0.018514 -0.140865 False
0.398269 0.018417 -0.141600 False
0.398286 0.018251 -0.141884 False
0.398332 0.017717 -0.141829 False
0.398275 0.019285 -0.142404 False
0.398217 0.018648 -0.142673 False
0.397867 0.018494 -0.142546 False
0.398716 0.018665 -0.141622 False
0.398457 0.019582 -0.139516 False
0.398896 0.019342 -0.141544 False
0.398882 0.021446 -0.142390 False
0.398366 0.020335 -0.142248 False
0.398430 0.019517 -0.142466 False
0.398842 0.017319 -0.142133 False
0.398444 0.018160 -0.142054 False
0.398325 0.018392 -0.142028 False
0.398267 0.018454 -0.142008 False
0.398306 0.018487 -0.142001 False
0.398308 0.018470 -0.141872 False
0.398258 0.018474 -0.141961 False
0.398248 0.018465 -0.141894 False
0.398251 0.018230 -0.142033 False
0.398273 0.017335 -0.141977 False
0.398349 0.017100 -0.141407 False
0.398436 0.018139 -0.138675 False
0.398618 0.018219 -0.139877 False
0.398910 0.017509 -0.140955 False
0.397161 0.018135 -0.142170 False
0.391987 0.017714 -0.144929 False
0.385391 0.017046 -0.149104 False
0.378734 0.016328 -0.155445 False
0.371653 0.015554 -0.162924 False
0.364317 0.014781 -0.171066 False
0.356896 0.014067 -0.179394 False
0.349561 0.013467 -0.187434 False
0.342481 0.013040 -0.194710 False
0.335826 0.012842 -0.200744 False
0.329766 0.012931 -0.205063 False
0.324472 0.013362 -0.207190 False
0.320113 0.014195 -0.206650 False
0.316860 0.015484 -0.202966 False
0.315165 0.018857 -0.191334 False
0.314941 0.018584 -0.180924 False
0.314886 0.018415 -0.185791 False
0.314845 0.018340 -0.180318 False
0.314930 0.018102 -0.188770 False
0.314944 0.018012 -0.190505 False
0.314903 0.019054 -0.191647 False
0.314764 0.025477 -0.193030 False
0.315560 0.056579 -0.195752 False
0.314710 0.027174 -0.189813 False
0.315423 0.019346 -0.179224 False
0.315133 0.017471 -0.179001 False
0.315599 0.017792 -0.188334 False
0.315114 0.017465 -0.191225 False
0.315077 0.017435 -0.189103 False
0.315177 0.017428 -0.181015 False
0.315511 0.017312 -0.191021 False
0.316863 0.016823 -0.199023 False
0.315926 0.017574 -0.183599 False
0.315182 0.016354 -0.187364 False
0.315210 0.018739 -0.188033 False
0.315580 0.017679 -0.181351 False
0.315361 0.017403 -0.191168 False
0.315776 0.016164 -0.203561 False
0.314087 0.022062 -0.212125 False
0.311303 0.031655 -0.219930 False
0.307532 0.044464 -0.227007 False
0.302882 0.060009 -0.233384 False
0.297462 0.077808 -0.239091 False
0.291380 0.097384 -0.244156 False
0.284744 0.118255 -0.248610 False
0.277663 0.139942 -0.252481 False
0.270246 0.161964 -0.255799 False
0.262599 0.183843 -0.258592 False
0.254832 0.205097 -0.260891 False
0.247053 0.225248 -0.262725 False
0.239371 0.243815 -0.264121 False
0.231893 0.260317 -0.265111 False
0.224728 0.274276 -0.265723 False
0.218064 0.284635 -0.265990 False
0.211832 0.292195 -0.265934 False
0.206045 0.297179 -0.265578 False
0.200714 0.299812 -0.264949 False
0.195851 0.300317 -0.264070 False
0.191468 0.298919 -0.262968 False
0.187577 0.295843 -0.261666 False
0.184189 0.291312 -0.260190 False
0.181315 0.285550 -0.258564 False
0.178968 0.278781 -0.256814 False
0.177160 0.271230 -0.254963 False
0.175901 0.263121 -0.253038 False
0.175204 0.254677 -0.251063 False
0.175080 0.246124 -0.249063 False
0.175541 0.237685 -0.247063 False
0.176598 0.229583 -0.245087 False
0.178264 0.222044 -0.243161 False
0.180550 0.215292 -0.241309 False
0.183468 0.209550 -0.239556 False
0.187029 0.205043 -0.237928 False
0.191245 0.201995 -0.236448 False
0.196128 0.200629 -0.235143 False
0.201689 0.201171 -0.234036 False
0.207941 0.203844 -0.233153 False
0.214894 0.208873 -0.232518 False
0.222561 0.216480 -0.232157 False
0.230136 0.231953 -0.234102 False
0.242678 0.236586 -0.230617 False
0.251555 0.244346 -0.227887 False
0.259292 0.252323 -0.224676 False
0.265959 0.260460 -0.221025 False
0.271626 0.268700 -0.216976 False
0.276363 0.276988 -0.212571 False
0.280238 0.285265 -0.207853 False
0.283322 0.293475 -0.202863 False
0.285683 0.301563 -0.197643 False
0.287391 0.309470 -0.192236 False
0.288517 0.317141 -0.186683 False
0.289128 0.324518 -0.181028 False
0.289296 0.331545 -0.175310 False
0.289089 0.338166 -0.169574 False
0.288576 0.344323 -0.163860 False
0.287828 0.349961 -0.158211 False
0.286914 0.355021 -0.152670 False
0.285904 0.359448 -0.147277 False
0.284866 0.363185 -0.142075 False
0.283870 0.366176 -0.137106 False
0.282987 0.368363 -0.132412 False
0.282285 0.369689 -0.128035 False
0.281833 0.370099 -0.124018 False
0.281703 0.369536 -0.120402 False
0.281962 0.367942 -0.117230 False
0.282680 0.365261 -0.114542 False
0.283928 0.361437 -0.112383 False
0.285774 0.356413 -0.110792 False
0.288288 0.350131 -0.109814 False
0.292282 0.342356 -0.108979 False
0.296170 0.333431 -0.109463 False
0.299111 0.323521 -0.111928 False
0.300262 0.312789 -0.117040 False
0.298780 0.301401 -0.125462 False
0.292760 0.289227 -0.140877 False
0.283727 0.277082 -0.157244 False
0.272144 0.265488 -0.171541 False
0.255547 0.252559 -0.175606 False
0.239102 0.244429 -0.182358 False
0.239568 0.251515 -0.181137 False
0.246259 0.258354 -0.176245 False
0.246047 0.262324 -0.177950 False
0.237427 0.257796 -0.188438 False
0.221642 0.247706 -0.196332 False
0.202416 0.236777 -0.198455 False
0.183206 0.230908 -0.203062 False
0.177283 0.230252 -0.205443 False
0.182783 0.232006 -0.207203 False
0.191131 0.231773 -0.209728 False
0.185879 0.233492 -0.207711 False
0.178079 0.239274 -0.204458 False
0.174021 0.242773 -0.203626 False
0.173152 0.246395 -0.202270 False
0.170533 0.250028 -0.201880 False
0.166524 0.254829 -0.204246 False
0.164061 0.268753 -0.206791 False
0.169224 0.280123 -0.205903 False
0.179648 0.285072 -0.200067 False
0.187656 0.283097 -0.195901 False
0.194899 0.281712 -0.193564 False
0.205782 0.282405 -0.192954 False
0.212498 0.298045 -0.206606 False
0.221237 0.292887 -0.221566 False
0.227058 0.281471 -0.228300 False
0.233385 0.255129 -0.218275 False
0.236933 0.248329 -0.215922 False
0.238870 0.267661 -0.227725 False
0.243289 0.278684 -0.221981 False
0.228336 0.257997 -0.230462 False
0.211360 0.236804 -0.238207 False
0.199148 0.242942 -0.235056 False
0.204927 0.257072 -0.225640 False
0.224774 0.267186 -0.222948 False
0.247269 0.274261 -0.222234 False
0.264810 0.270280 -0.224205 False
0.261512 0.263848 -0.227198 False
0.254956 0.267432 -0.229350 False
0.251406 0.264609 -0.223958 False
0.257283 0.272029 -0.228142 False
0.239943 0.262982 -0.227296 False
0.229159 0.231001 -0.222079 False
0.219990 0.223452 -0.215698 False
0.224848 0.240015 -0.207906 False
0.235605 0.252244 -0.205340 False
0.247059 0.261692 -0.205115 False
0.251102 0.262313 -0.211043 False
0.251708 0.243822 -0.203389 False
0.249540 0.233021 -0.206883 False
0.248073 0.224019 -0.212073 False
0.253494 0.219469 -0.220018 False
0.260107 0.216791 -0.219130 False
0.264147 0.219908 -0.201813 False
0.263555 0.216991 -0.182930 False
0.264377 0.216028 -0.178806 False
0.263752 0.215421 -0.179681 False
0.264123 0.213627 -0.187900 False
0.265057 0.212992 -0.190607 False
0.265234 0.212892 -0.191129 False
0.265095 0.212897 -0.190939 False
0.264871 0.212924 -0.191597 False
0.265197 0.213030 -0.190860 False
0.265297 0.213480 -0.190639 False
0.265359 0.213125 -0.189787 False
0.265096 0.214499 -0.184456 False
0.264816 0.215947 -0.179022 False
0.264916 0.216247 -0.177542 False
0.264620 0.216216 -0.177303 False
0.264919 0.215968 -0.177057 False
0.264980 0.216530 -0.175863 False
0.264259 0.215355 -0.176632 False
0.264178 0.215557 -0.175896 False
0.264226 0.215753 -0.176558 False
0.264994 0.215963 -0.175673 False
0.264864 0.216869 -0.177348 False
0.265590 0.216620 -0.178980 False
0.265763 0.216054 -0.178785 False
0.265356 0.215843 -0.177349 False
0.265266 0.216092 -0.178084 False
0.265274 0.215830 -0.178426 False
0.265173 0.215696 -0.178514 False
0.265254 0.215680 -0.178395 False
0.265376 0.215694 -0.178204 False
