0.003641 -0.005462 0.000915 UNKNOWN
0.022625 -0.025773 0.002070 UNKNOWN
0.041156 -0.045420 0.003166 UNKNOWN
0.059234 -0.064405 0.004202 UNKNOWN
0.076861 -0.082727 0.005180 UNKNOWN
0.094035 -0.100386 0.006097 UNKNOWN
0.110756 -0.117382 0.006956 UNKNOWN
0.127024 -0.133714 0.007755 UNKNOWN
0.142840 -0.149382 0.008495 UNKNOWN
0.158203 -0.164386 0.009176 UNKNOWN
0.173112 -0.178726 0.009797 UNKNOWN
0.187568 -0.192401 0.010359 UNKNOWN
0.201570 -0.205412 0.010862 UNKNOWN
0.215119 -0.217758 0.011305 UNKNOWN
0.228214 -0.229439 0.011689 UNKNOWN
0.240855 -0.240454 0.012013 UNKNOWN
0.253042 -0.250805 0.012278 UNKNOWN
0.264775 -0.260489 0.012483 UNKNOWN
0.276054 -0.269508 0.012629 UNKNOWN
0.286878 -0.277861 0.012715 UNKNOWN
0.297247 -0.285547 0.012742 UNKNOWN
0.307162 -0.292567 0.012709 UNKNOWN
0.316622 -0.298920 0.012616 UNKNOWN
0.325627 -0.304606 0.012464 UNKNOWN
0.334176 -0.309626 0.012253 UNKNOWN
0.342271 -0.313978 0.011981 UNKNOWN
0.349910 -0.317662 0.011650 UNKNOWN
0.357093 -0.320679 0.011260 UNKNOWN
0.363820 -0.323027 0.010809 UNKNOWN
0.370092 -0.324708 0.010299 UNKNOWN
0.375908 -0.325720 0.009730 UNKNOWN
0.381267 -0.326064 0.009100 UNKNOWN
0.386170 -0.325739 0.008411 UNKNOWN
0.390617 -0.324745 0.007662 UNKNOWN
0.394607 -0.323082 0.006853 UNKNOWN
0.398141 -0.320750 0.005984 UNKNOWN
0.401217 -0.317748 0.005056 UNKNOWN
0.403837 -0.314076 0.004067 UNKNOWN
0.405999 -0.309735 0.003019 UNKNOWN
0.407705 -0.304723 0.001911 UNKNOWN
0.408952 -0.299041 0.000743 UNKNOWN
0.409743 -0.292688 -0.000485 UNKNOWN
0.410075 -0.285664 -0.001773 UNKNOWN
0.409950 -0.277969 -0.003121 UNKNOWN
0.409366 -0.269604 -0.004529 UNKNOWN
0.408325 -0.260566 -0.005997 UNKNOWN
0.406825 -0.250858 -0.007525 UNKNOWN
0.404867 -0.240477 -0.009113 UNKNOWN
0.402450 -0.229424 -0.010761 UNKNOWN
0.399575 -0.217699 -0.012469 UNKNOWN
0.396241 -0.205302 -0.014237 UNKNOWN
0.392448 -0.192232 -0.016066 UNKNOWN
0.388195 -0.178489 -0.017954 UNKNOWN
0.383484 -0.164073 -0.019903 UNKNOWN
0.378313 -0.148984 -0.021911 UNKNOWN
0.372683 -0.133221 -0.023980 UNKNOWN
0.366593 -0.116785 -0.026109 UNKNOWN
0.360043 -0.099674 -0.028299 UNKNOWN
0.353033 -0.081890 -0.030548 UNKNOWN
0.345563 -0.063432 -0.032858 UNKNOWN
0.337633 -0.044298 -0.035229 UNKNOWN
0.329242 -0.024491 -0.037659 UNKNOWN
0.320391 -0.004008 -0.040150 UNKNOWN
0.311080 0.017150 -0.042701 UNKNOWN
0.301307 0.038983 -0.045312 UNKNOWN
0.291074 0.061492 -0.047984 UNKNOWN
0.280379 0.084676 -0.050716 UNKNOWN
0.269224 0.108536 -0.053509 UNKNOWN
0.257607 0.133073 -0.056362 UNKNOWN
0.245528 0.158286 -0.059276 UNKNOWN
0.232988 0.184175 -0.062250 UNKNOWN
0.219986 0.210741 -0.065284 TAPE
0.189430 0.258382 -0.065919 TAPE
0.178087 0.292533 -0.069264 TAPE
0.182044 0.304115 -0.078248 TAPE
0.187177 0.303475 -0.079196 TAPE
0.201627 0.282372 -0.081386 TAPE
0.222119 0.248104 -0.083245 TAPE
0.218821 0.226570 -0.101987 UNKNOWN
0.215532 0.205129 -0.120647 UNKNOWN
0.212254 0.183781 -0.139225 UNKNOWN
0.208985 0.162527 -0.157720 UNKNOWN
0.205727 0.141365 -0.176132 UNKNOWN
0.202478 0.120296 -0.194462 UNKNOWN
0.199240 0.099321 -0.212709 UNKNOWN
0.196011 0.078439 -0.230873 UNKNOWN
0.192793 0.057650 -0.248955 UNKNOWN
0.189584 0.036954 -0.266954 UNKNOWN
0.186386 0.016351 -0.284870 UNKNOWN
0.183197 -0.004158 -0.302704 UNKNOWN
0.180018 -0.024574 -0.320454 UNKNOWN
0.176850 -0.044896 -0.338122 UNKNOWN
0.173692 -0.065125 -0.355707 UNKNOWN
0.170543 -0.085261 -0.373210 UNKNOWN
0.167405 -0.105303 -0.390629 UNKNOWN
0.164276 -0.125252 -0.407965 UNKNOWN
0.161158 -0.145107 -0.425219 UNKNOWN
0.158049 -0.164869 -0.442389 UNKNOWN
0.154951 -0.184537 -0.459477 UNKNOWN
0.151863 -0.204111 -0.476481 UNKNOWN
0.148785 -0.223592 -0.493403 UNKNOWN
0.145716 -0.242979 -0.510241 UNKNOWN
0.142658 -0.262272 -0.526996 UNKNOWN
0.139610 -0.281472 -0.543668 UNKNOWN
0.136572 -0.300577 -0.560257 UNKNOWN
0.133544 -0.319589 -0.576763 UNKNOWN
0.130526 -0.338507 -0.593185 UNKNOWN
0.127518 -0.357332 -0.609524 UNKNOWN
0.124521 -0.376062 -0.625780 UNKNOWN
0.121533 -0.394698 -0.641953 UNKNOWN
0.118555 -0.413241 -0.658042 UNKNOWN
0.115588 -0.431689 -0.674048 UNKNOWN
0.112630 -0.450044 -0.689971 UNKNOWN
0.109683 -0.468304 -0.705810 UNKNOWN
0.106746 -0.486470 -0.721566 UNKNOWN
0.103818 -0.504542 -0.737238 UNKNOWN
0.100901 -0.522520 -0.752827 UNKNOWN
0.097994 -0.540404 -0.768332 UNKNOWN
0.095097 -0.558194 -0.783754 UNKNOWN
0.092210 -0.575889 -0.799092 UNKNOWN
0.089334 -0.593490 -0.814347 UNKNOWN
0.086467 -0.610996 -0.829518 UNKNOWN
0.083611 -0.628409 -0.844605 UNKNOWN
0.080764 -0.645727 -0.859609 UNKNOWN
0.077928 -0.662950 -0.874528 UNKNOWN
0.075102 -0.680079 -0.889365 UNKNOWN
0.072286 -0.697114 -0.904117 UNKNOWN
0.069480 -0.714054 -0.918786 UNKNOWN
0.066684 -0.730900 -0.933371 UNKNOWN
0.063898 -0.747651 -0.947872 UNKNOWN
0.061123 -0.764307 -0.962289 UNKNOWN
0.058358 -0.780869 -0.976622 UNKNOWN
0.055602 -0.797336 -0.990871 UNKNOWN
0.052857 -0.813709 -1.005037 UNKNOWN
0.050122 -0.829986 -1.019118 UNKNOWN
0.047398 -0.846169 -1.033116 UNKNOWN
0.044683 -0.862258 -1.047029 UNKNOWN
0.041979 -0.878251 -1.060858 UNKNOWN
0.039284 -0.894150 -1.074604 UNKNOWN
0.036600 -0.909953 -1.088265 UNKNOWN
0.033926 -0.925662 -1.101842 UNKNOWN
0.031262 -0.941276 -1.115335 UNKNOWN
0.028609 -0.956795 -1.128743 UNKNOWN
0.025965 -0.972218 -1.142068 UNKNOWN
0.023332 -0.987547 -1.155308 UNKNOWN
0.020709 -1.002781 -1.168464 UNKNOWN
0.018096 -1.017919 -1.181536 UNKNOWN
0.015494 -1.032963 -1.194523 UNKNOWN
0.012901 -1.047911 -1.207426 UNKNOWN
0.010319 -1.062764 -1.220245 UNKNOWN
0.007747 -1.077522 -1.232979 UNKNOWN
0.005185 -1.092185 -1.245629 UNKNOWN
0.002633 -1.106752 -1.258194 UNKNOWN
0.000092 -1.121224 -1.270675 UNKNOWN
-0.002440 -1.135601 -1.283071 UNKNOWN
-0.004961 -1.149882 -1.295383 UNKNOWN
-0.007471 -1.164068 -1.307610 UNKNOWN
-0.009972 -1.178158 -1.319753 UNKNOWN
-0.012462 -1.192153 -1.331811 UNKNOWN
-0.014943 -1.206053 -1.343784 UNKNOWN
-0.017412 -1.219857 -1.355673 UNKNOWN
-0.019872 -1.233565 -1.367477 UNKNOWN
-0.022322 -1.247178 -1.379196 UNKNOWN
-0.024761 -1.260695 -1.390831 UNKNOWN
-0.027190 -1.274116 -1.402381 UNKNOWN
-0.029608 -1.287442 -1.413846 UNKNOWN
-0.032017 -1.300672 -1.425226 UNKNOWN
-0.034415 -1.313806 -1.436521 UNKNOWN
-0.036803 -1.326845 -1.447731 UNKNOWN
-0.039181 -1.339787 -1.458857 UNKNOWN
-0.041548 -1.352634 -1.469897 UNKNOWN
-0.043905 -1.365385 -1.480853 UNKNOWN
-0.046252 -1.378040 -1.491723 UNKNOWN
-0.048589 -1.390599 -1.502509 UNKNOWN
-0.050915 -1.403062 -1.513209 UNKNOWN
-0.053231 -1.415429 -1.523825 UNKNOWN
-0.055537 -1.427700 -1.534355 UNKNOWN
-0.057832 -1.439875 -1.544800 UNKNOWN
-0.060117 -1.451954 -1.555160 UNKNOWN
-0.062392 -1.463936 -1.565435 UNKNOWN
-0.064657 -1.475823 -1.575625 UNKNOWN
-0.066911 -1.487613 -1.585729 UNKNOWN
-0.069155 -1.499307 -1.595748 UNKNOWN
-0.071389 -1.510905 -1.605682 UNKNOWN
-0.073612 -1.522407 -1.615530 UNKNOWN
-0.075825 -1.533812 -1.625294 UNKNOWN
-0.078028 -1.545121 -1.634971 UNKNOWN
-0.080220 -1.556333 -1.644564 UNKNOWN
-0.082403 -1.567449 -1.654071 UNKNOWN
-0.084574 -1.578469 -1.663492 UNKNOWN
-0.086736 -1.589392 -1.672828 UNKNOWN
-0.088887 -1.600218 -1.682079 UNKNOWN
-0.091028 -1.610948 -1.691244 UNKNOWN
-0.093158 -1.621582 -1.700323 UNKNOWN
-0.095278 -1.632119 -1.709317 UNKNOWN
-0.097388 -1.642559 -1.718225 UNKNOWN
-0.099488 -1.652902 -1.727048 UNKNOWN
-0.101577 -1.663149 -1.735785 UNKNOWN
-0.103655 -1.673299 -1.744436 UNKNOWN
-0.105724 -1.683353 -1.753002 UNKNOWN
-0.107782 -1.693309 -1.761482 UNKNOWN
-0.109829 -1.703169 -1.769876 UNKNOWN
-0.111867 -1.712932 -1.778184 UNKNOWN
-0.113894 -1.722598 -1.786406 UNKNOWN
-0.115910 -1.732167 -1.794543 UNKNOWN
-0.117916 -1.741639 -1.802593 UNKNOWN
-0.119912 -1.751014 -1.810558 UNKNOWN
-0.121897 -1.760292 -1.818437 UNKNOWN
-0.123872 -1.769473 -1.826230 UNKNOWN
-0.125837 -1.778557 -1.833936 UNKNOWN
-0.127791 -1.787544 -1.841557 UNKNOWN
-0.129735 -1.796434 -1.849092 UNKNOWN
-0.131669 -1.805226 -1.856541 UNKNOWN
-0.133592 -1.813922 -1.863903 UNKNOWN
-0.135504 -1.822520 -1.871180 UNKNOWN
-0.137407 -1.831021 -1.878370 UNKNOWN
-0.139298 -1.839424 -1.885474 UNKNOWN
-0.141180 -1.847730 -1.892492 UNKNOWN
-0.143051 -1.855939 -1.899424 UNKNOWN
-0.144911 -1.864051 -1.906269 UNKNOWN
-0.146761 -1.872065 -1.913028 UNKNOWN
-0.148601 -1.879981 -1.919701 UNKNOWN
-0.150431 -1.887800 -1.926288 UNKNOWN
-0.152249 -1.895522 -1.932788 UNKNOWN
-0.154058 -1.903146 -1.939202 UNKNOWN
-0.155856 -1.910672 -1.945529 UNKNOWN
-0.157643 -1.918101 -1.951770 UNKNOWN
-0.159420 -1.925432 -1.957924 UNKNOWN
-0.161187 -1.932666 -1.963992 UNKNOWN
-0.162943 -1.939801 -1.969974 UNKNOWN
-0.164689 -1.946840 -1.975868 UNKNOWN
-0.166424 -1.953780 -1.981677 UNKNOWN
-0.168149 -1.960622 -1.987398 UNKNOWN
-0.169864 -1.967367 -1.993033 UNKNOWN
-0.171567 -1.974014 -1.998582 UNKNOWN
-0.173261 -1.980563 -2.004043 UNKNOWN
-0.174944 -1.987014 -2.009418 UNKNOWN
-0.176616 -1.993367 -2.014706 UNKNOWN
-0.178278 -1.999622 -2.019908 UNKNOWN
-0.179930 -2.005779 -2.025022 UNKNOWN
-0.181571 -2.011838 -2.030050 UNKNOWN
-0.183201 -2.017798 -2.034991 UNKNOWN
-0.184821 -2.023661 -2.039845 UNKNOWN
-0.186431 -2.029426 -2.044612 UNKNOWN
-0.188030 -2.035092 -2.049292 UNKNOWN
-0.189619 -2.040660 -2.053886 UNKNOWN
-0.191197 -2.046130 -2.058392 UNKNOWN
-0.192764 -2.051502 -2.062811 UNKNOWN
-0.194321 -2.056775 -2.067143 UNKNOWN
-0.195868 -2.061950 -2.071389 UNKNOWN
-0.197404 -2.067027 -2.075547 UNKNOWN
-0.198929 -2.072005 -2.079618 UNKNOWN
-0.200444 -2.076885 -2.083601 UNKNOWN
-0.201949 -2.081667 -2.087498 UNKNOWN
-0.203442 -2.086350 -2.091307 UNKNOWN
-0.204926 -2.090934 -2.095030 UNKNOWN
-0.206399 -2.095420 -2.098665 UNKNOWN
-0.207861 -2.099807 -2.102212 UNKNOWN
-0.209313 -2.104096 -2.105673 UNKNOWN
-0.210754 -2.108286 -2.109046 UNKNOWN
-0.212184 -2.112377 -2.112331 UNKNOWN
-0.213605 -2.116370 -2.115529 UNKNOWN
-0.215014 -2.120263 -2.118640 UNKNOWN
-0.216413 -2.124058 -2.121664 UNKNOWN
-0.217801 -2.127755 -2.124600 UNKNOWN
-0.219179 -2.131352 -2.127448 UNKNOWN
-0.220547 -2.134851 -2.130209 UNKNOWN
-0.221903 -2.138250 -2.132882 UNKNOWN
-0.223249 -2.141551 -2.135468 UNKNOWN
-0.224585 -2.144753 -2.137966 UNKNOWN
-0.225910 -2.147856 -2.140377 UNKNOWN
-0.227224 -2.150859 -2.142700 UNKNOWN
-0.228528 -2.153764 -2.144935 UNKNOWN
-0.229821 -2.156570 -2.147082 UNKNOWN
-0.231104 -2.159276 -2.149142 UNKNOWN
-0.232376 -2.161883 -2.151114 UNKNOWN
-0.233637 -2.164391 -2.152998 UNKNOWN
-0.234888 -2.166800 -2.154795 UNKNOWN
-0.236128 -2.169110 -2.156503 UNKNOWN
-0.237358 -2.171320 -2.158124 UNKNOWN
-0.238577 -2.173432 -2.159656 UNKNOWN
-0.239785 -2.175443 -2.161101 UNKNOWN
-0.240983 -2.177356 -2.162458 UNKNOWN
-0.242170 -2.179169 -2.163727 UNKNOWN
-0.243347 -2.180882 -2.164908 UNKNOWN
-0.244512 -2.182496 -2.166001 UNKNOWN
-0.245668 -2.184011 -2.167005 UNKNOWN
-0.246812 -2.185426 -2.167922 UNKNOWN
-0.247946 -2.186741 -2.168751 UNKNOWN
-0.249070 -2.187957 -2.169491 UNKNOWN
-0.250182 -2.189074 -2.170143 UNKNOWN
-0.251284 -2.190090 -2.170707 UNKNOWN
-0.252376 -2.191007 -2.171183 UNKNOWN
-0.253456 -2.191824 -2.171571 UNKNOWN
-0.254526 -2.192542 -2.171870 UNKNOWN
-0.255586 -2.193159 -2.172081 UNKNOWN
-0.256634 -2.193677 -2.172204 UNKNOWN
-0.257673 -2.194095 -2.172238 UNKNOWN
-0.258700 -2.194414 -2.172184 UNKNOWN
-0.259717 -2.194632 -2.172041 UNKNOWN
-0.260723 -2.194750 -2.171811 UNKNOWN
-0.261718 -2.194768 -2.171491 UNKNOWN
-0.262703 -2.194687 -2.171083 UNKNOWN
-0.263677 -2.194505 -2.170587 UNKNOWN
-0.264640 -2.194223 -2.170002 UNKNOWN
-0.265593 -2.193842 -2.169328 UNKNOWN
-0.266535 -2.193360 -2.168566 UNKNOWN
-0.267466 -2.192777 -2.167715 UNKNOWN
-0.268386 -2.192095 -2.166776 UNKNOWN
-0.269296 -2.191313 -2.165748 UNKNOWN
-0.270195 -2.190430 -2.164631 UNKNOWN
-0.271084 -2.189447 -2.163426 UNKNOWN
-0.271961 -2.188363 -2.162131 UNKNOWN
-0.272828 -2.187180 -2.160748 UNKNOWN
-0.273684 -2.185896 -2.159276 UNKNOWN
-0.274530 -2.184511 -2.157716 UNKNOWN
-0.275365 -2.183026 -2.156066 UNKNOWN
-0.276189 -2.181441 -2.154327 UNKNOWN
-0.277002 -2.179755 -2.152500 UNKNOWN
-0.277805 -2.177968 -2.150584 UNKNOWN
-0.278597 -2.176081 -2.148578 UNKNOWN
-0.279378 -2.174094 -2.146484 UNKNOWN
-0.280148 -2.172005 -2.144300 UNKNOWN
-0.280908 -2.169817 -2.142028 UNKNOWN
-0.281656 -2.167527 -2.139666 UNKNOWN
-0.282395 -2.165137 -2.137216 UNKNOWN
-0.283122 -2.162646 -2.134676 UNKNOWN
-0.283838 -2.160054 -2.132047 UNKNOWN
-0.284544 -2.157361 -2.129329 UNKNOWN
-0.285239 -2.154568 -2.126522 UNKNOWN
-0.285924 -2.151673 -2.123625 UNKNOWN
-0.286597 -2.148678 -2.120639 UNKNOWN
-0.287260 -2.145582 -2.117564 UNKNOWN
-0.287912 -2.142384 -2.114399 UNKNOWN
-0.288553 -2.139086 -2.111145 UNKNOWN
-0.289183 -2.135687 -2.107802 UNKNOWN
-0.289803 -2.132187 -2.104370 UNKNOWN
-0.290411 -2.128585 -2.100847 UNKNOWN
-0.291009 -2.124883 -2.097236 UNKNOWN
-0.291597 -2.121079 -2.093535 UNKNOWN
-0.292173 -2.117174 -2.089744 UNKNOWN
-0.292739 -2.113168 -2.085864 UNKNOWN
-0.293293 -2.109060 -2.081895 UNKNOWN
-0.293837 -2.104852 -2.077835 UNKNOWN
-0.294370 -2.100542 -2.073686 UNKNOWN
-0.294893 -2.096130 -2.069448 UNKNOWN
-0.295404 -2.091618 -2.065120 UNKNOWN
-0.295905 -2.087004 -2.060702 UNKNOWN
-0.296395 -2.082288 -2.056194 UNKNOWN
-0.296874 -2.077471 -2.051597 UNKNOWN
-0.297342 -2.072552 -2.046909 UNKNOWN
-0.297799 -2.067532 -2.042132 UNKNOWN
-0.298246 -2.062411 -2.037266 UNKNOWN
-0.298681 -2.057187 -2.032309 UNKNOWN
-0.299106 -2.051862 -2.027262 UNKNOWN
-0.299520 -2.046436 -2.022126 UNKNOWN
-0.299923 -2.040908 -2.016899 UNKNOWN
-0.300315 -2.035278 -2.011583 UNKNOWN
-0.300697 -2.029546 -2.006176 UNKNOWN
-0.301067 -2.023712 -2.000680 UNKNOWN
-0.301427 -2.017777 -1.995093 UNKNOWN
-0.301775 -2.011740 -1.989417 UNKNOWN
-0.302113 -2.005601 -1.983650 UNKNOWN
-0.302440 -1.999360 -1.977793 UNKNOWN
-0.302757 -1.993017 -1.971846 UNKNOWN
-0.303062 -1.986572 -1.965809 UNKNOWN
-0.303356 -1.980025 -1.959682 UNKNOWN
-0.303640 -1.973376 -1.953464 UNKNOWN
-0.303912 -1.966625 -1.947156 UNKNOWN
-0.304174 -1.959771 -1.940758 UNKNOWN
-0.304425 -1.952816 -1.934269 UNKNOWN
-0.304665 -1.945759 -1.927690 UNKNOWN
-0.304893 -1.938599 -1.921021 UNKNOWN
-0.305112 -1.931337 -1.914261 UNKNOWN
-0.305319 -1.923973 -1.907411 UNKNOWN
-0.305515 -1.916506 -1.900471 UNKNOWN
-0.305700 -1.908938 -1.893440 UNKNOWN
-0.305875 -1.901267 -1.886318 UNKNOWN
-0.306038 -1.893493 -1.879106 UNKNOWN
-0.306191 -1.885617 -1.871803 UNKNOWN
-0.306332 -1.877639 -1.864410 UNKNOWN
-0.306463 -1.869558 -1.856926 UNKNOWN
-0.306583 -1.861374 -1.849352 UNKNOWN
-0.306692 -1.853088 -1.841687 UNKNOWN
-0.306789 -1.844700 -1.833931 UNKNOWN
-0.306876 -1.836209 -1.826084 UNKNOWN
-0.306952 -1.827615 -1.818147 UNKNOWN
-0.307017 -1.818919 -1.810119 UNKNOWN
-0.307071 -1.810120 -1.802000 UNKNOWN
-0.307114 -1.801218 -1.793790 UNKNOWN
-0.307147 -1.792213 -1.785489 UNKNOWN
-0.307168 -1.783106 -1.777098 UNKNOWN
-0.307178 -1.773896 -1.768615 UNKNOWN
-0.307177 -1.764582 -1.760042 UNKNOWN
-0.307165 -1.755166 -1.751378 UNKNOWN
-0.307143 -1.745648 -1.742622 UNKNOWN
-0.307109 -1.736026 -1.733776 UNKNOWN
-0.307064 -1.726301 -1.724838 UNKNOWN
-0.307009 -1.716473 -1.715810 UNKNOWN
-0.306942 -1.706542 -1.706690 UNKNOWN
-0.306864 -1.696508 -1.697480 UNKNOWN
-0.306776 -1.686371 -1.688178 UNKNOWN
-0.306676 -1.676131 -1.678785 UNKNOWN
-0.306565 -1.665787 -1.669300 UNKNOWN
-0.306444 -1.655341 -1.659725 UNKNOWN
-0.306311 -1.644791 -1.650058 UNKNOWN
-0.306167 -1.634138 -1.640300 UNKNOWN
-0.306013 -1.623382 -1.630450 UNKNOWN
-0.305847 -1.612522 -1.620510 UNKNOWN
-0.305670 -1.601559 -1.610478 UNKNOWN
-0.305482 -1.590492 -1.600354 UNKNOWN
-0.305284 -1.579322 -1.590139 UNKNOWN
-0.305074 -1.568049 -1.579833 UNKNOWN
-0.304853 -1.556672 -1.569435 UNKNOWN
-0.304621 -1.545192 -1.558946 UNKNOWN
-0.304378 -1.533608 -1.548365 UNKNOWN
-0.304124 -1.521920 -1.537692 UNKNOWN
-0.303859 -1.510129 -1.526928 UNKNOWN
-0.303583 -1.498235 -1.516072 UNKNOWN
-0.303296 -1.486236 -1.505125 UNKNOWN
-0.302997 -1.474134 -1.494086 UNKNOWN
-0.302688 -1.461928 -1.482955 UNKNOWN
-0.302368 -1.449619 -1.471733 UNKNOWN
-0.302036 -1.437205 -1.460419 UNKNOWN
-0.301694 -1.424688 -1.449013 UNKNOWN
-0.301340 -1.412067 -1.437515 UNKNOWN
-0.300976 -1.399342 -1.425926 UNKNOWN
-0.300600 -1.386513 -1.414244 UNKNOWN
-0.300213 -1.373580 -1.402471 UNKNOWN
-0.299815 -1.360543 -1.390606 UNKNOWN
-0.299406 -1.347402 -1.378648 UNKNOWN
-0.298986 -1.334157 -1.366599 UNKNOWN
-0.298555 -1.320808 -1.354458 UNKNOWN
-0.298113 -1.307355 -1.342225 UNKNOWN
-0.297660 -1.293798 -1.329900 UNKNOWN
-0.297195 -1.280136 -1.317483 UNKNOWN
-0.296720 -1.266371 -1.304973 UNKNOWN
-0.296233 -1.252501 -1.292372 UNKNOWN
-0.295735 -1.238527 -1.279678 UNKNOWN
-0.295226 -1.224448 -1.266893 UNKNOWN
-0.294706 -1.210265 -1.254015 UNKNOWN
-0.294175 -1.195978 -1.241044 UNKNOWN
-0.293633 -1.181586 -1.227982 UNKNOWN
-0.293079 -1.167090 -1.214827 UNKNOWN
-0.292515 -1.152490 -1.201580 UNKNOWN
-0.291939 -1.137785 -1.188240 UNKNOWN
-0.291352 -1.122976 -1.174809 UNKNOWN
-0.290754 -1.108062 -1.161284 UNKNOWN
-0.290145 -1.093043 -1.147668 UNKNOWN
-0.289525 -1.077920 -1.133959 UNKNOWN
-0.288894 -1.062692 -1.120157 UNKNOWN
-0.288251 -1.047359 -1.106263 UNKNOWN
-0.287597 -1.031922 -1.092277 UNKNOWN
-0.286932 -1.016380 -1.078197 UNKNOWN
-0.286256 -1.000733 -1.064026 UNKNOWN
-0.285569 -0.984982 -1.049761 UNKNOWN
-0.284871 -0.969125 -1.035404 UNKNOWN
-0.284161 -0.953164 -1.020955 UNKNOWN
-0.283440 -0.937098 -1.006412 UNKNOWN
-0.282708 -0.920926 -0.991777 UNKNOWN
-0.281965 -0.904650 -0.977050 UNKNOWN
-0.281211 -0.888269 -0.962229 UNKNOWN
-0.280445 -0.871783 -0.947316 UNKNOWN
-0.279669 -0.855192 -0.932310 UNKNOWN
-0.278881 -0.838496 -0.917210 UNKNOWN
-0.278082 -0.821694 -0.902019 UNKNOWN
-0.277271 -0.804788 -0.886734 UNKNOWN
-0.276450 -0.787776 -0.871356 UNKNOWN
-0.275617 -0.770659 -0.855885 UNKNOWN
-0.274773 -0.753437 -0.840322 UNKNOWN
-0.273918 -0.736110 -0.824665 UNKNOWN
-0.273052 -0.718677 -0.808915 UNKNOWN
-0.272174 -0.701139 -0.793072 UNKNOWN
-0.271285 -0.683495 -0.777136 UNKNOWN
-0.270385 -0.665746 -0.761107 UNKNOWN
-0.269474 -0.647892 -0.744985 UNKNOWN
-0.268552 -0.629932 -0.728770 UNKNOWN
-0.267618 -0.611867 -0.712461 UNKNOWN
-0.266673 -0.593696 -0.696059 UNKNOWN
-0.265717 -0.575420 -0.679564 UNKNOWN
-0.264749 -0.557038 -0.662976 UNKNOWN
-0.263770 -0.538551 -0.646294 UNKNOWN
-0.262780 -0.519957 -0.629519 UNKNOWN
-0.261779 -0.501259 -0.612651 UNKNOWN
-0.260767 -0.482454 -0.595689 UNKNOWN
-0.259743 -0.463544 -0.578634 UNKNOWN
-0.258708 -0.444527 -0.561486 UNKNOWN
-0.257662 -0.425406 -0.544244 UNKNOWN
-0.256604 -0.406178 -0.526908 UNKNOWN
-0.255535 -0.386844 -0.509479 UNKNOWN
-0.254455 -0.367405 -0.491956 UNKNOWN
-0.253364 -0.347859 -0.474340 UNKNOWN
-0.252261 -0.328208 -0.456630 UNKNOWN
-0.251147 -0.308450 -0.438827 UNKNOWN
-0.250022 -0.288587 -0.420930 UNKNOWN
-0.248885 -0.268617 -0.402939 UNKNOWN
-0.247737 -0.248542 -0.384854 UNKNOWN
-0.246578 -0.228360 -0.366676 UNKNOWN
-0.245408 -0.208072 -0.348404 UNKNOWN
-0.244226 -0.187678 -0.330038 UNKNOWN
-0.243033 -0.167177 -0.311579 UNKNOWN
-0.241828 -0.146571 -0.293025 UNKNOWN
-0.240612 -0.125858 -0.274378 UNKNOWN
-0.239385 -0.105039 -0.255637 UNKNOWN
-0.238147 -0.084113 -0.236801 UNKNOWN
-0.236897 -0.063081 -0.217872 UNKNOWN
-0.235636 -0.041943 -0.198849 UNKNOWN
-0.234364 -0.020698 -0.179732 UNKNOWN
-0.233080 0.000653 -0.160521 UNKNOWN
-0.231785 0.022110 -0.141215 UNKNOWN
-0.230479 0.043675 -0.121816 PIPETTE
-0.229082 0.066724 -0.101074 UNKNOWN
-0.227734 0.088823 -0.081197 UNKNOWN
-0.226436 0.109970 -0.062185 UNKNOWN
-0.225188 0.130167 -0.044039 UNKNOWN
-0.223990 0.149413 -0.026758 UNKNOWN
-0.222841 0.167707 -0.010343 UNKNOWN
-0.221743 0.185049 0.005206 UNKNOWN
-0.220694 0.201439 0.019889 UNKNOWN
-0.219695 0.216876 0.033705 UNKNOWN
-0.218745 0.231361 0.046654 UNKNOWN
-0.217846 0.244893 0.058736 UNKNOWN
-0.216996 0.257471 0.069950 UNKNOWN
-0.216197 0.269095 0.080296 UNKNOWN
-0.215447 0.279766 0.089775 UNKNOWN
-0.214747 0.289482 0.098385 UNKNOWN
-0.214097 0.298244 0.106127 UNKNOWN
-0.213497 0.306051 0.113000 UNKNOWN
-0.212947 0.312903 0.119004 UNKNOWN
-0.212447 0.318799 0.124139 UNKNOWN
-0.211996 0.323740 0.128404 UNKNOWN
-0.211596 0.327725 0.131799 UNKNOWN
-0.211246 0.330753 0.134324 UNKNOWN
-0.210946 0.332825 0.135978 UNKNOWN
-0.210696 0.333940 0.136762 UNKNOWN
-0.210496 0.334098 0.136675 UNKNOWN
-0.210346 0.333298 0.135717 UNKNOWN
-0.210246 0.331541 0.133887 UNKNOWN
-0.210197 0.328825 0.131186 UNKNOWN
-0.210197 0.325152 0.127612 UNKNOWN
-0.210248 0.320519 0.123167 UNKNOWN
-0.210348 0.314928 0.117848 UNKNOWN
-0.210499 0.308377 0.111657 UNKNOWN
-0.210700 0.300867 0.104593 UNKNOWN
-0.210952 0.292398 0.096656 UNKNOWN
-0.211253 0.282968 0.087845 UNKNOWN
-0.211605 0.272577 0.078160 UNKNOWN
-0.212007 0.261226 0.067601 UNKNOWN
-0.212459 0.248915 0.056167 UNKNOWN
-0.212962 0.235641 0.043859 UNKNOWN
-0.213515 0.221407 0.030676 UNKNOWN
-0.214118 0.206210 0.016618 UNKNOWN
-0.214771 0.190052 0.001684 UNKNOWN
-0.215475 0.172930 -0.014126 UNKNOWN
-0.216229 0.154847 -0.030811 UNKNOWN
-0.217034 0.135800 -0.048373 UNKNOWN
-0.217889 0.115790 -0.066811 UNKNOWN
-0.218794 0.094816 -0.086126 UNKNOWN
-0.219750 0.072878 -0.106319 PIPETTE
-0.219252 0.014766 -0.157316 PIPETTE
-0.221548 0.016669 -0.157407 UNKNOWN
-0.223831 0.018561 -0.157499 UNKNOWN
-0.226099 0.020443 -0.157589 UNKNOWN
-0.228354 0.022313 -0.157680 UNKNOWN
-0.230594 0.024173 -0.157770 UNKNOWN
-0.232821 0.026022 -0.157859 UNKNOWN
-0.235034 0.027860 -0.157948 UNKNOWN
-0.237233 0.029687 -0.158036 UNKNOWN
-0.239418 0.031503 -0.158124 UNKNOWN
-0.241589 0.033309 -0.158212 UNKNOWN
-0.243746 0.035104 -0.158299 UNKNOWN
-0.245889 0.036887 -0.158385 UNKNOWN
-0.248018 0.038660 -0.158472 UNKNOWN
-0.250133 0.040423 -0.158557 UNKNOWN
-0.252235 0.042174 -0.158643 UNKNOWN
-0.254322 0.043914 -0.158727 UNKNOWN
-0.256395 0.045644 -0.158812 UNKNOWN
-0.258455 0.047363 -0.158895 UNKNOWN
-0.260500 0.049071 -0.158979 UNKNOWN
-0.262532 0.050768 -0.159062 UNKNOWN
-0.264549 0.052454 -0.159144 UNKNOWN
-0.266553 0.054129 -0.159226 UNKNOWN
-0.268542 0.055793 -0.159307 UNKNOWN
-0.270518 0.057447 -0.159388 UNKNOWN
-0.272480 0.059089 -0.159469 UNKNOWN
-0.274427 0.060721 -0.159549 UNKNOWN
-0.276361 0.062342 -0.159629 UNKNOWN
-0.278280 0.063952 -0.159708 UNKNOWN
-0.280186 0.065551 -0.159787 UNKNOWN
-0.282078 0.067139 -0.159865 UNKNOWN
-0.283955 0.068717 -0.159943 UNKNOWN
-0.285819 0.070283 -0.160020 UNKNOWN
-0.287668 0.071839 -0.160097 UNKNOWN
-0.289504 0.073383 -0.160173 UNKNOWN
-0.291325 0.074917 -0.160249 UNKNOWN
-0.293133 0.076440 -0.160324 UNKNOWN
-0.294926 0.077951 -0.160399 UNKNOWN
-0.296705 0.079452 -0.160474 UNKNOWN
-0.298470 0.080942 -0.160548 UNKNOWN
-0.300222 0.082422 -0.160622 UNKNOWN
-0.301959 0.083890 -0.160695 UNKNOWN
-0.303682 0.085347 -0.160767 UNKNOWN
-0.305391 0.086793 -0.160840 UNKNOWN
-0.307086 0.088229 -0.160911 UNKNOWN
-0.308767 0.089653 -0.160983 UNKNOWN
-0.310434 0.091067 -0.161053 UNKNOWN
-0.312086 0.092469 -0.161124 UNKNOWN
-0.313725 0.093861 -0.161193 UNKNOWN
-0.315349 0.095242 -0.161263 UNKNOWN
-0.316960 0.096612 -0.161332 UNKNOWN
-0.318556 0.097970 -0.161400 UNKNOWN
-0.320138 0.099318 -0.161468 UNKNOWN
-0.321706 0.100655 -0.161536 UNKNOWN
-0.323260 0.101981 -0.161603 UNKNOWN
-0.324800 0.103296 -0.161669 UNKNOWN
-0.326326 0.104600 -0.161735 UNKNOWN
-0.327838 0.105893 -0.161801 UNKNOWN
-0.329335 0.107175 -0.161866 UNKNOWN
-0.330818 0.108447 -0.161931 UNKNOWN
-0.332288 0.109707 -0.161995 UNKNOWN
-0.333743 0.110956 -0.162059 UNKNOWN
-0.335184 0.112194 -0.162122 UNKNOWN
-0.336610 0.113421 -0.162185 UNKNOWN
-0.338023 0.114638 -0.162248 UNKNOWN
-0.339421 0.115843 -0.162309 UNKNOWN
-0.340806 0.117037 -0.162371 UNKNOWN
-0.342176 0.118221 -0.162432 UNKNOWN
-0.343532 0.119393 -0.162492 UNKNOWN
-0.344873 0.120554 -0.162552 UNKNOWN
-0.346201 0.121704 -0.162612 UNKNOWN
-0.347514 0.122844 -0.162671 UNKNOWN
-0.348813 0.123972 -0.162730 UNKNOWN
-0.350098 0.125089 -0.162788 UNKNOWN
-0.351369 0.126196 -0.162846 UNKNOWN
-0.352626 0.127291 -0.162903 UNKNOWN
-0.353868 0.128375 -0.162960 UNKNOWN
-0.355096 0.129448 -0.163016 UNKNOWN
-0.356310 0.130511 -0.163072 UNKNOWN
-0.357510 0.131562 -0.163127 UNKNOWN
-0.358695 0.132602 -0.163182 UNKNOWN
-0.359866 0.133631 -0.163236 UNKNOWN
-0.361023 0.134649 -0.163290 UNKNOWN
-0.362166 0.135656 -0.163344 UNKNOWN
-0.363295 0.136652 -0.163397 UNKNOWN
-0.364409 0.137637 -0.163449 UNKNOWN
-0.365509 0.138611 -0.163502 UNKNOWN
-0.366595 0.139574 -0.163553 UNKNOWN
-0.367666 0.140526 -0.163604 UNKNOWN
-0.368724 0.141467 -0.163655 UNKNOWN
-0.369766 0.142396 -0.163705 UNKNOWN
-0.370795 0.143315 -0.163755 UNKNOWN
-0.371810 0.144223 -0.163804 UNKNOWN
-0.372810 0.145119 -0.163853 UNKNOWN
-0.373795 0.146005 -0.163901 UNKNOWN
-0.374767 0.146879 -0.163949 UNKNOWN
-0.375724 0.147743 -0.163997 UNKNOWN
-0.376667 0.148595 -0.164044 UNKNOWN
-0.377596 0.149436 -0.164090 UNKNOWN
-0.378510 0.150266 -0.164136 UNKNOWN
-0.379410 0.151085 -0.164181 UNKNOWN
-0.380296 0.151893 -0.164227 UNKNOWN
-0.381167 0.152690 -0.164271 UNKNOWN
-0.382024 0.153476 -0.164315 UNKNOWN
-0.382867 0.154251 -0.164359 UNKNOWN
-0.383695 0.155014 -0.164402 UNKNOWN
-0.384509 0.155767 -0.164445 UNKNOWN
-0.385309 0.156508 -0.164487 UNKNOWN
-0.386095 0.157239 -0.164529 UNKNOWN
-0.386866 0.157958 -0.164570 UNKNOWN
-0.387622 0.158666 -0.164611 UNKNOWN
-0.388364 0.159363 -0.164651 UNKNOWN
-0.389092 0.160049 -0.164691 UNKNOWN
-0.389806 0.160724 -0.164730 UNKNOWN
-0.390505 0.161387 -0.164769 UNKNOWN
-0.391190 0.162040 -0.164808 UNKNOWN
-0.391860 0.162681 -0.164846 UNKNOWN
-0.392516 0.163312 -0.164883 UNKNOWN
-0.393158 0.163931 -0.164920 UNKNOWN
-0.393785 0.164539 -0.164957 UNKNOWN
-0.394398 0.165136 -0.164993 UNKNOWN
-0.394997 0.165721 -0.165029 UNKNOWN
-0.395581 0.166296 -0.165064 UNKNOWN
-0.396150 0.166860 -0.165099 UNKNOWN
-0.396705 0.167412 -0.165133 UNKNOWN
-0.397246 0.167953 -0.165167 UNKNOWN
-0.397773 0.168483 -0.165200 UNKNOWN
-0.398285 0.169002 -0.165233 UNKNOWN
-0.398782 0.169510 -0.165265 UNKNOWN
-0.399265 0.170006 -0.165297 UNKNOWN
-0.399734 0.170492 -0.165328 UNKNOWN
-0.400188 0.170966 -0.165359 UNKNOWN
-0.400628 0.171429 -0.165390 UNKNOWN
-0.401053 0.171881 -0.165420 UNKNOWN
-0.401464 0.172322 -0.165449 UNKNOWN
-0.401860 0.172751 -0.165478 UNKNOWN
-0.402242 0.173170 -0.165507 UNKNOWN
-0.402609 0.173577 -0.165535 UNKNOWN
-0.402962 0.173973 -0.165562 UNKNOWN
-0.403301 0.174358 -0.165590 UNKNOWN
-0.403625 0.174732 -0.165616 UNKNOWN
-0.403934 0.175094 -0.165642 UNKNOWN
-0.404229 0.175445 -0.165668 UNKNOWN
-0.404510 0.175785 -0.165693 UNKNOWN
-0.404776 0.176114 -0.165718 UNKNOWN
-0.405027 0.176432 -0.165743 UNKNOWN
-0.405264 0.176739 -0.165766 UNKNOWN
-0.405486 0.177034 -0.165790 UNKNOWN
-0.405694 0.177318 -0.165813 UNKNOWN
-0.405888 0.177591 -0.165835 UNKNOWN
-0.406067 0.177852 -0.165857 UNKNOWN
-0.406231 0.178103 -0.165879 UNKNOWN
-0.406381 0.178342 -0.165900 UNKNOWN
-0.406516 0.178570 -0.165920 UNKNOWN
-0.406637 0.178787 -0.165940 UNKNOWN
-0.406743 0.178992 -0.165960 UNKNOWN
-0.406835 0.179187 -0.165979 UNKNOWN
-0.406912 0.179370 -0.165998 UNKNOWN
-0.406974 0.179542 -0.166016 UNKNOWN
-0.407022 0.179702 -0.166033 UNKNOWN
-0.407055 0.179852 -0.166051 UNKNOWN
-0.407074 0.179990 -0.166067 UNKNOWN
-0.407078 0.180117 -0.166084 UNKNOWN
-0.407068 0.180232 -0.166100 UNKNOWN
-0.407043 0.180337 -0.166115 UNKNOWN
-0.407004 0.180430 -0.166130 UNKNOWN
-0.406949 0.180512 -0.166144 UNKNOWN
-0.406881 0.180582 -0.166158 UNKNOWN
-0.406797 0.180642 -0.166171 UNKNOWN
-0.406699 0.180690 -0.166184 UNKNOWN
-0.406587 0.180727 -0.166197 UNKNOWN
-0.406459 0.180752 -0.166209 UNKNOWN
-0.406318 0.180766 -0.166220 UNKNOWN
-0.406161 0.180769 -0.166232 UNKNOWN
-0.405990 0.180761 -0.166242 UNKNOWN
-0.405804 0.180742 -0.166252 UNKNOWN
-0.405604 0.180711 -0.166262 UNKNOWN
-0.405389 0.180669 -0.166271 UNKNOWN
-0.405159 0.180615 -0.166280 UNKNOWN
-0.404915 0.180550 -0.166288 UNKNOWN
-0.404656 0.180474 -0.166296 UNKNOWN
-0.404383 0.180387 -0.166303 UNKNOWN
-0.404094 0.180289 -0.166310 UNKNOWN
-0.403791 0.180179 -0.166316 UNKNOWN
-0.403474 0.180057 -0.166322 UNKNOWN
-0.403141 0.179925 -0.166327 UNKNOWN
-0.402794 0.179781 -0.166332 UNKNOWN
-0.402433 0.179626 -0.166337 UNKNOWN
-0.402056 0.179460 -0.166341 UNKNOWN
-0.401665 0.179282 -0.166344 UNKNOWN
-0.401259 0.179093 -0.166347 UNKNOWN
-0.400839 0.178892 -0.166350 UNKNOWN
-0.400404 0.178681 -0.166352 UNKNOWN
-0.399954 0.178457 -0.166353 UNKNOWN
-0.399489 0.178223 -0.166354 UNKNOWN
-0.399010 0.177977 -0.166355 UNKNOWN
-0.398516 0.177720 -0.166355 UNKNOWN
-0.398007 0.177452 -0.166355 UNKNOWN
-0.397484 0.177172 -0.166354 UNKNOWN
-0.396945 0.176881 -0.166353 UNKNOWN
-0.396392 0.176579 -0.166351 UNKNOWN
-0.395825 0.176265 -0.166349 UNKNOWN
-0.395242 0.175940 -0.166346 UNKNOWN
-0.394645 0.175603 -0.166343 UNKNOWN
-0.394033 0.175255 -0.166339 UNKNOWN
-0.393406 0.174896 -0.166335 UNKNOWN
-0.392765 0.174525 -0.166331 UNKNOWN
-0.392108 0.174143 -0.166325 UNKNOWN
-0.391437 0.173750 -0.166320 UNKNOWN
-0.390751 0.173345 -0.166314 UNKNOWN
-0.390051 0.172929 -0.166307 UNKNOWN
-0.389335 0.172502 -0.166300 UNKNOWN
-0.388605 0.172063 -0.166293 UNKNOWN
-0.387860 0.171613 -0.166285 UNKNOWN
-0.387100 0.171151 -0.166276 UNKNOWN
-0.386325 0.170678 -0.166268 UNKNOWN
-0.385536 0.170194 -0.166258 UNKNOWN
-0.384732 0.169698 -0.166248 UNKNOWN
-0.383912 0.169191 -0.166238 UNKNOWN
-0.383079 0.168672 -0.166227 UNKNOWN
-0.382230 0.168143 -0.166216 UNKNOWN
-0.381366 0.167601 -0.166204 UNKNOWN
-0.380488 0.167048 -0.166192 UNKNOWN
-0.379594 0.166484 -0.166179 UNKNOWN
-0.378686 0.165909 -0.166166 UNKNOWN
-0.377763 0.165322 -0.166152 UNKNOWN
-0.376826 0.164723 -0.166138 UNKNOWN
-0.375873 0.164113 -0.166124 UNKNOWN
-0.374905 0.163492 -0.166109 UNKNOWN
-0.373923 0.162859 -0.166093 UNKNOWN
-0.372926 0.162215 -0.166077 UNKNOWN
-0.371914 0.161560 -0.166060 UNKNOWN
-0.370886 0.160893 -0.166043 UNKNOWN
-0.369845 0.160214 -0.166026 UNKNOWN
-0.368788 0.159524 -0.166008 UNKNOWN
-0.367716 0.158823 -0.165989 UNKNOWN
-0.366629 0.158110 -0.165971 UNKNOWN
-0.365528 0.157386 -0.165951 UNKNOWN
-0.364412 0.156651 -0.165931 UNKNOWN
-0.363280 0.155903 -0.165911 UNKNOWN
-0.362134 0.155145 -0.165890 UNKNOWN
-0.360973 0.154375 -0.165869 UNKNOWN
-0.359797 0.153593 -0.165847 UNKNOWN
-0.358606 0.152801 -0.165825 UNKNOWN
-0.357400 0.151996 -0.165802 UNKNOWN
-0.356179 0.151180 -0.165779 UNKNOWN
-0.354943 0.150353 -0.165755 UNKNOWN
-0.353692 0.149514 -0.165731 UNKNOWN
-0.352427 0.148664 -0.165706 UNKNOWN
-0.351146 0.147802 -0.165681 UNKNOWN
-0.349850 0.146929 -0.165655 UNKNOWN
-0.348540 0.146044 -0.165629 UNKNOWN
-0.347214 0.145148 -0.165603 UNKNOWN
-0.345874 0.144240 -0.165576 UNKNOWN
-0.344518 0.143321 -0.165548 UNKNOWN
-0.343148 0.142390 -0.165520 UNKNOWN
-0.341762 0.141448 -0.165492 UNKNOWN
-0.340362 0.140494 -0.165463 UNKNOWN
-0.338947 0.139529 -0.165433 UNKNOWN
-0.337516 0.138553 -0.165403 UNKNOWN
-0.336071 0.137564 -0.165373 UNKNOWN
-0.334610 0.136565 -0.165342 UNKNOWN
-0.333135 0.135553 -0.165311 UNKNOWN
-0.331644 0.134531 -0.165279 UNKNOWN
-0.330139 0.133496 -0.165247 UNKNOWN
-0.328618 0.132451 -0.165214 UNKNOWN
-0.327083 0.131393 -0.165180 UNKNOWN
-0.325532 0.130325 -0.165147 UNKNOWN
-0.323967 0.129244 -0.165112 UNKNOWN
-0.322386 0.128152 -0.165078 UNKNOWN
-0.320791 0.127049 -0.165042 UNKNOWN
-0.319180 0.125934 -0.165007 UNKNOWN
-0.317554 0.124807 -0.164971 UNKNOWN
-0.315913 0.123669 -0.164934 UNKNOWN
-0.314257 0.122520 -0.164897 UNKNOWN
-0.312586 0.121359 -0.164859 UNKNOWN
-0.310900 0.120186 -0.164821 UNKNOWN
-0.309199 0.119002 -0.164783 UNKNOWN
-0.307483 0.117806 -0.164744 UNKNOWN
-0.305752 0.116598 -0.164704 UNKNOWN
-0.304006 0.115380 -0.164664 UNKNOWN
-0.302244 0.114149 -0.164624 UNKNOWN
-0.300468 0.112907 -0.164583 UNKNOWN
-0.298676 0.111653 -0.164541 UNKNOWN
-0.296869 0.110388 -0.164499 UNKNOWN
-0.295047 0.109111 -0.164457 UNKNOWN
-0.293210 0.107823 -0.164414 UNKNOWN
-0.291358 0.106523 -0.164370 UNKNOWN
-0.289491 0.105212 -0.164327 UNKNOWN
-0.287609 0.103888 -0.164282 UNKNOWN
-0.285712 0.102554 -0.164237 UNKNOWN
-0.283799 0.101207 -0.164192 UNKNOWN
-0.281871 0.099850 -0.164146 UNKNOWN
-0.279928 0.098480 -0.164100 UNKNOWN
-0.277970 0.097099 -0.164053 UNKNOWN
-0.275997 0.095706 -0.164006 UNKNOWN
-0.274009 0.094302 -0.163958 UNKNOWN
-0.272005 0.092886 -0.163910 UNKNOWN
-0.269987 0.091459 -0.163862 UNKNOWN
-0.267953 0.090020 -0.163812 UNKNOWN
-0.265904 0.088569 -0.163763 UNKNOWN
-0.263840 0.087106 -0.163713 UNKNOWN
-0.261761 0.085633 -0.163662 UNKNOWN
-0.259666 0.084147 -0.163611 UNKNOWN
-0.257556 0.082650 -0.163559 UNKNOWN
-0.255432 0.081141 -0.163507 UNKNOWN
-0.253291 0.079620 -0.163455 UNKNOWN
-0.251136 0.078088 -0.163402 UNKNOWN
-0.248966 0.076545 -0.163348 UNKNOWN
-0.246780 0.074989 -0.163294 UNKNOWN
-0.244579 0.073422 -0.163240 UNKNOWN
-0.242363 0.071843 -0.163185 UNKNOWN
-0.240132 0.070253 -0.163130 PIPETTE
-0.237858 0.068620 -0.163072 UNKNOWN
-0.235590 0.066999 -0.163015 UNKNOWN
-0.233328 0.065390 -0.162959 UNKNOWN
-0.231070 0.063794 -0.162904 UNKNOWN
-0.228818 0.062210 -0.162850 UNKNOWN
-0.226571 0.060639 -0.162796 UNKNOWN
-0.224329 0.059080 -0.162743 UNKNOWN
-0.222093 0.057533 -0.162691 UNKNOWN
-0.219862 0.055999 -0.162639 UNKNOWN
-0.217636 0.054477 -0.162588 UNKNOWN
-0.215416 0.052967 -0.162538 UNKNOWN
-0.213200 0.051470 -0.162489 UNKNOWN
-0.210990 0.049985 -0.162441 UNKNOWN
-0.208786 0.048513 -0.162393 UNKNOWN
-0.206586 0.047053 -0.162346 UNKNOWN
-0.204392 0.045605 -0.162300 UNKNOWN
-0.202204 0.044170 -0.162254 UNKNOWN
-0.200020 0.042747 -0.162210 UNKNOWN
-0.197842 0.041337 -0.162166 UNKNOWN
-0.195669 0.039939 -0.162123 UNKNOWN
-0.193502 0.038554 -0.162080 UNKNOWN
-0.191339 0.037181 -0.162039 UNKNOWN
-0.189182 0.035820 -0.161998 UNKNOWN
-0.187031 0.034472 -0.161958 UNKNOWN
-0.184884 0.033136 -0.161918 UNKNOWN
-0.182743 0.031813 -0.161880 UNKNOWN
-0.180608 0.030503 -0.161842 UNKNOWN
-0.178477 0.029204 -0.161805 UNKNOWN
-0.176352 0.027919 -0.161768 UNKNOWN
-0.174233 0.026645 -0.161733 UNKNOWN
-0.172118 0.025384 -0.161698 UNKNOWN
-0.170009 0.024136 -0.161664 UNKNOWN
-0.167905 0.022900 -0.161631 UNKNOWN
-0.165807 0.021677 -0.161598 UNKNOWN
-0.163714 0.020466 -0.161567 UNKNOWN
-0.161626 0.019268 -0.161536 UNKNOWN
-0.159544 0.018082 -0.161505 UNKNOWN
-0.157467 0.016909 -0.161476 UNKNOWN
-0.155395 0.015748 -0.161447 UNKNOWN
-0.153328 0.014600 -0.161419 UNKNOWN
-0.151267 0.013464 -0.161392 UNKNOWN
-0.149212 0.012341 -0.161366 UNKNOWN
-0.147161 0.011230 -0.161340 UNKNOWN
-0.145116 0.010132 -0.161315 UNKNOWN
-0.143077 0.009046 -0.161291 UNKNOWN
-0.141042 0.007973 -0.161268 UNKNOWN
-0.139013 0.006913 -0.161245 UNKNOWN
-0.136990 0.005865 -0.161224 UNKNOWN
-0.134971 0.004830 -0.161203 UNKNOWN
-0.132959 0.003807 -0.161182 UNKNOWN
-0.130951 0.002797 -0.161163 UNKNOWN
-0.128949 0.001799 -0.161144 UNKNOWN
-0.126952 0.000814 -0.161126 UNKNOWN
-0.124961 -0.000158 -0.161109 UNKNOWN
-0.122975 -0.001118 -0.161093 UNKNOWN
-0.120994 -0.002065 -0.161077 UNKNOWN
-0.119019 -0.003000 -0.161062 UNKNOWN
-0.117049 -0.003922 -0.161048 UNKNOWN
-0.115084 -0.004831 -0.161035 UNKNOWN
-0.113125 -0.005728 -0.161022 UNKNOWN
-0.111172 -0.006612 -0.161010 UNKNOWN
-0.109223 -0.007484 -0.160999 UNKNOWN
-0.107280 -0.008343 -0.160989 UNKNOWN
-0.105343 -0.009189 -0.160980 UNKNOWN
-0.103410 -0.010023 -0.160971 UNKNOWN
-0.101484 -0.010844 -0.160963 UNKNOWN
-0.099562 -0.011652 -0.160956 UNKNOWN
-0.097646 -0.012448 -0.160949 UNKNOWN
-0.095736 -0.013231 -0.160944 UNKNOWN
-0.093830 -0.014001 -0.160939 UNKNOWN
-0.091930 -0.014759 -0.160935 UNKNOWN
-0.090036 -0.015504 -0.160932 UNKNOWN
-0.088147 -0.016236 -0.160929 UNKNOWN
-0.086263 -0.016955 -0.160927 UNKNOWN
-0.084385 -0.017662 -0.160926 UNKNOWN
-0.082513 -0.018357 -0.160926 UNKNOWN
-0.080645 -0.019038 -0.160927 UNKNOWN
-0.078783 -0.019707 -0.160928 UNKNOWN
-0.076927 -0.020363 -0.160930 UNKNOWN
-0.075076 -0.021007 -0.160933 UNKNOWN
-0.073230 -0.021637 -0.160937 UNKNOWN
-0.071390 -0.022255 -0.160942 UNKNOWN
-0.069555 -0.022861 -0.160947 UNKNOWN
-0.067726 -0.023453 -0.160953 UNKNOWN
-0.065902 -0.024033 -0.160960 UNKNOWN
-0.064083 -0.024600 -0.160967 UNKNOWN
-0.062270 -0.025154 -0.160976 UNKNOWN
-0.060462 -0.025696 -0.160985 UNKNOWN
-0.058660 -0.026225 -0.160995 UNKNOWN
-0.056863 -0.026741 -0.161006 UNKNOWN
-0.055072 -0.027244 -0.161017 UNKNOWN
-0.053286 -0.027735 -0.161029 UNKNOWN
-0.051506 -0.028212 -0.161042 UNKNOWN
-0.049731 -0.028677 -0.161056 UNKNOWN
-0.047961 -0.029130 -0.161071 UNKNOWN
-0.046197 -0.029569 -0.161086 UNKNOWN
-0.044439 -0.029996 -0.161103 UNKNOWN
-0.042685 -0.030409 -0.161119 UNKNOWN
-0.040938 -0.030811 -0.161137 UNKNOWN
-0.039195 -0.031199 -0.161156 UNKNOWN
-0.037459 -0.031574 -0.161175 UNKNOWN
-0.035727 -0.031937 -0.161195 UNKNOWN
-0.034002 -0.032287 -0.161216 UNKNOWN
-0.032281 -0.032623 -0.161238 UNKNOWN
-0.030566 -0.032948 -0.161260 UNKNOWN
-0.028857 -0.033259 -0.161284 UNKNOWN
-0.027153 -0.033557 -0.161308 UNKNOWN
-0.025454 -0.033843 -0.161332 UNKNOWN
-0.023761 -0.034116 -0.161358 UNKNOWN
-0.022074 -0.034376 -0.161384 UNKNOWN
-0.020392 -0.034623 -0.161412 UNKNOWN
-0.018715 -0.034857 -0.161440 UNKNOWN
-0.017044 -0.035078 -0.161468 UNKNOWN
-0.015379 -0.035287 -0.161498 UNKNOWN
-0.013719 -0.035482 -0.161528 UNKNOWN
-0.012064 -0.035665 -0.161559 UNKNOWN
-0.010415 -0.035835 -0.161591 UNKNOWN
-0.008771 -0.035992 -0.161624 UNKNOWN
-0.007133 -0.036136 -0.161658 UNKNOWN
-0.005501 -0.036267 -0.161692 UNKNOWN
-0.003873 -0.036385 -0.161727 UNKNOWN
-0.002252 -0.036491 -0.161763 UNKNOWN
-0.000636 -0.036583 -0.161800 UNKNOWN
0.000975 -0.036662 -0.161837 UNKNOWN
0.002580 -0.036729 -0.161875 UNKNOWN
0.004179 -0.036783 -0.161914 UNKNOWN
0.005773 -0.036823 -0.161954 UNKNOWN
0.007362 -0.036851 -0.161995 UNKNOWN
0.008945 -0.036866 -0.162036 UNKNOWN
0.010522 -0.036868 -0.162078 UNKNOWN
0.012094 -0.036857 -0.162121 UNKNOWN
0.013661 -0.036833 -0.162165 UNKNOWN
0.015222 -0.036796 -0.162210 UNKNOWN
0.016777 -0.036746 -0.162255 UNKNOWN
0.018327 -0.036683 -0.162301 UNKNOWN
0.019871 -0.036607 -0.162348 UNKNOWN
0.021410 -0.036518 -0.162396 UNKNOWN
0.022943 -0.036417 -0.162445 UNKNOWN
0.024471 -0.036302 -0.162494 UNKNOWN
0.025993 -0.036174 -0.162544 UNKNOWN
0.027510 -0.036033 -0.162595 UNKNOWN
0.029021 -0.035879 -0.162647 UNKNOWN
0.030526 -0.035713 -0.162700 UNKNOWN
0.032026 -0.035533 -0.162753 UNKNOWN
0.033521 -0.035340 -0.162807 UNKNOWN
0.035010 -0.035134 -0.162862 UNKNOWN
0.036493 -0.034915 -0.162918 UNKNOWN
0.037971 -0.034683 -0.162974 UNKNOWN
0.039443 -0.034438 -0.163032 UNKNOWN
0.040910 -0.034180 -0.163090 UNKNOWN
0.042371 -0.033909 -0.163149 UNKNOWN
0.043826 -0.033625 -0.163208 UNKNOWN
0.045276 -0.033328 -0.163269 UNKNOWN
0.046721 -0.033018 -0.163330 UNKNOWN
0.048159 -0.032695 -0.163392 UNKNOWN
0.049593 -0.032358 -0.163455 UNKNOWN
0.051020 -0.032009 -0.163519 UNKNOWN
0.052442 -0.031647 -0.163584 UNKNOWN
0.053859 -0.031271 -0.163649 UNKNOWN
0.055270 -0.030882 -0.163715 UNKNOWN
0.056675 -0.030481 -0.163782 UNKNOWN
0.058075 -0.030066 -0.163850 UNKNOWN
0.059469 -0.029638 -0.163919 UNKNOWN
0.060858 -0.029197 -0.163988 UNKNOWN
0.062241 -0.028743 -0.164058 UNKNOWN
0.063618 -0.028276 -0.164129 UNKNOWN
0.064990 -0.027795 -0.164201 UNKNOWN
0.066356 -0.027302 -0.164274 UNKNOWN
0.067717 -0.026795 -0.164347 UNKNOWN
0.069072 -0.026276 -0.164421 UNKNOWN
0.070421 -0.025743 -0.164496 UNKNOWN
0.071765 -0.025197 -0.164572 UNKNOWN
0.073103 -0.024638 -0.164649 UNKNOWN
0.074436 -0.024065 -0.164726 UNKNOWN
0.075763 -0.023480 -0.164804 UNKNOWN
0.077084 -0.022881 -0.164883 UNKNOWN
0.078400 -0.022269 -0.164963 UNKNOWN
0.079710 -0.021645 -0.165044 UNKNOWN
0.081015 -0.021006 -0.165125 UNKNOWN
0.082314 -0.020355 -0.165208 UNKNOWN
0.083607 -0.019691 -0.165291 UNKNOWN
0.084895 -0.019013 -0.165375 UNKNOWN
0.086177 -0.018322 -0.165459 UNKNOWN
0.087453 -0.017618 -0.165545 UNKNOWN
0.088724 -0.016901 -0.165631 UNKNOWN
0.089989 -0.016170 -0.165718 UNKNOWN
0.091249 -0.015427 -0.165806 UNKNOWN
0.092502 -0.014670 -0.165895 UNKNOWN
0.093751 -0.013900 -0.165985 UNKNOWN
0.094993 -0.013116 -0.166075 UNKNOWN
0.096230 -0.012320 -0.166166 UNKNOWN
0.097462 -0.011510 -0.166258 UNKNOWN
0.098687 -0.010687 -0.166351 UNKNOWN
0.099907 -0.009851 -0.166445 UNKNOWN
0.101122 -0.009001 -0.166539 UNKNOWN
0.102330 -0.008138 -0.166634 UNKNOWN
0.103533 -0.007262 -0.166731 UNKNOWN
0.104731 -0.006373 -0.166827 UNKNOWN
0.105923 -0.005470 -0.166925 UNKNOWN
0.107109 -0.004554 -0.167024 UNKNOWN
0.108289 -0.003625 -0.167123 UNKNOWN
0.109464 -0.002683 -0.167223 UNKNOWN
0.110633 -0.001727 -0.167324 UNKNOWN
0.111796 -0.000758 -0.167426 UNKNOWN
0.112954 0.000224 -0.167529 UNKNOWN
0.114106 0.001220 -0.167632 UNKNOWN
0.115253 0.002228 -0.167736 UNKNOWN
0.116393 0.003251 -0.167841 UNKNOWN
0.117528 0.004286 -0.167947 UNKNOWN
0.118658 0.005335 -0.168054 UNKNOWN
0.119782 0.006397 -0.168162 UNKNOWN
0.120900 0.007473 -0.168270 UNKNOWN
0.122012 0.008561 -0.168379 UNKNOWN
0.123119 0.009664 -0.168489 UNKNOWN
0.124220 0.010779 -0.168600 UNKNOWN
0.125315 0.011908 -0.168711 UNKNOWN
0.126404 0.013050 -0.168824 UNKNOWN
0.127488 0.014206 -0.168937 UNKNOWN
0.128566 0.015374 -0.169051 UNKNOWN
0.129639 0.016557 -0.169166 UNKNOWN
0.130706 0.017752 -0.169282 UNKNOWN
0.131767 0.018961 -0.169399 UNKNOWN
0.132822 0.020184 -0.169516 UNKNOWN
0.133872 0.021419 -0.169634 UNKNOWN
0.134916 0.022669 -0.169753 UNKNOWN
0.135954 0.023931 -0.169873 UNKNOWN
0.136987 0.025207 -0.169994 UNKNOWN
0.138013 0.026496 -0.170115 UNKNOWN
0.139034 0.027799 -0.170237 UNKNOWN
0.140050 0.029115 -0.170361 UNKNOWN
0.141059 0.030445 -0.170485 UNKNOWN
0.142063 0.031788 -0.170609 UNKNOWN
0.143062 0.033144 -0.170735 UNKNOWN
0.144054 0.034514 -0.170861 UNKNOWN
0.145041 0.035898 -0.170989 UNKNOWN
0.146022 0.037294 -0.171117 UNKNOWN
0.146997 0.038705 -0.171246 UNKNOWN
0.147967 0.040128 -0.171376 UNKNOWN
0.148931 0.041565 -0.171506 UNKNOWN
0.149889 0.043016 -0.171638 UNKNOWN
0.150841 0.044480 -0.171770 UNKNOWN
0.151788 0.045957 -0.171903 UNKNOWN
0.152728 0.047448 -0.172037 UNKNOWN
0.153663 0.048953 -0.172172 UNKNOWN
0.154593 0.050471 -0.172307 UNKNOWN
0.155516 0.052002 -0.172444 UNKNOWN
0.156434 0.053547 -0.172581 UNKNOWN
0.157346 0.055105 -0.172719 UNKNOWN
0.158253 0.056677 -0.172858 UNKNOWN
0.159153 0.058262 -0.172997 UNKNOWN
0.160048 0.059861 -0.173138 UNKNOWN
0.160937 0.061474 -0.173279 UNKNOWN
0.161820 0.063100 -0.173422 UNKNOWN
0.162698 0.064739 -0.173565 UNKNOWN
0.163570 0.066392 -0.173708 UNKNOWN
0.164436 0.068059 -0.173853 UNKNOWN
0.165296 0.069739 -0.173999 UNKNOWN
0.166150 0.071432 -0.174145 UNKNOWN
0.166999 0.073139 -0.174292 UNKNOWN
0.167842 0.074860 -0.174440 UNKNOWN
0.168679 0.076594 -0.174589 UNKNOWN
0.169510 0.078342 -0.174739 UNKNOWN
0.170336 0.080104 -0.174890 UNKNOWN
0.171155 0.081879 -0.175041 UNKNOWN
0.171969 0.083667 -0.175193 UNKNOWN
0.172778 0.085469 -0.175346 UNKNOWN
0.173580 0.087285 -0.175500 UNKNOWN
0.174377 0.089114 -0.175655 UNKNOWN
0.175167 0.090957 -0.175810 UNKNOWN
0.175952 0.092813 -0.175967 UNKNOWN
0.176731 0.094684 -0.176124 UNKNOWN
0.177505 0.096567 -0.176282 UNKNOWN
0.178272 0.098465 -0.176441 UNKNOWN
0.179034 0.100375 -0.176601 UNKNOWN
0.179790 0.102300 -0.176761 UNKNOWN
0.180540 0.104238 -0.176923 UNKNOWN
0.181285 0.106190 -0.177085 UNKNOWN
0.182023 0.108155 -0.177248 UNKNOWN
0.182756 0.110134 -0.177412 UNKNOWN
0.183483 0.112127 -0.177577 UNKNOWN
0.184204 0.114134 -0.177743 UNKNOWN
0.184919 0.116154 -0.177909 UNKNOWN
0.185628 0.118187 -0.178077 UNKNOWN
0.186332 0.120235 -0.178245 UNKNOWN
0.187030 0.122296 -0.178414 UNKNOWN
0.187722 0.124370 -0.178584 UNKNOWN
0.188408 0.126459 -0.178754 UNKNOWN
0.189088 0.128561 -0.178926 UNKNOWN
0.189762 0.130676 -0.179098 UNKNOWN
0.190431 0.132806 -0.179271 UNKNOWN
0.191094 0.134949 -0.179446 UNKNOWN
0.191751 0.137106 -0.179620 UNKNOWN
0.192402 0.139276 -0.179796 UNKNOWN
0.193047 0.141460 -0.179973 UNKNOWN
0.193686 0.143658 -0.180150 UNKNOWN
0.194320 0.145870 -0.180329 UNKNOWN
0.194947 0.148096 -0.180508 UNKNOWN
0.195569 0.150335 -0.180688 UNKNOWN
0.196185 0.152587 -0.180869 UNKNOWN
0.196795 0.154854 -0.181050 UNKNOWN
0.197400 0.157134 -0.181233 UNKNOWN
0.197998 0.159429 -0.181416 UNKNOWN
0.198590 0.161736 -0.181600 UNKNOWN
0.199177 0.164058 -0.181786 UNKNOWN
0.199758 0.166393 -0.181971 PIPETTE
0.200446 0.169845 -0.181876 PIPETTE
0.201519 0.171842 -0.182611 UNKNOWN
0.202132 0.173485 -0.183093 UNKNOWN
0.202284 0.174773 -0.183323 UNKNOWN
0.201976 0.175708 -0.183299 UNKNOWN
0.201208 0.176287 -0.183022 UNKNOWN
0.199980 0.176512 -0.182492 UNKNOWN
0.198290 0.176382 -0.181708 UNKNOWN
0.196140 0.175897 -0.180671 PIPETTE
0.187929 0.174673 -0.176800 PIPETTE
0.189769 0.172317 -0.177680 UNKNOWN
0.190682 0.170722 -0.177967 UNKNOWN
0.190666 0.169888 -0.177663 UNKNOWN
0.189720 0.169815 -0.176765 UNKNOWN
0.187846 0.170504 -0.175275 PIPETTE
0.183744 0.172998 -0.172359 UNKNOWN
0.179709 0.175454 -0.169489 UNKNOWN
0.175743 0.177870 -0.166667 UNKNOWN
0.171845 0.180247 -0.163891 UNKNOWN
0.168014 0.182585 -0.161162 UNKNOWN
0.164252 0.184883 -0.158480 UNKNOWN
0.160558 0.187143 -0.155845 UNKNOWN
0.156932 0.189363 -0.153257 UNKNOWN
0.153374 0.191544 -0.150715 UNKNOWN
0.149884 0.193686 -0.148221 UNKNOWN
0.146463 0.195789 -0.145774 UNKNOWN
0.143110 0.197853 -0.143373 UNKNOWN
0.139824 0.199877 -0.141020 UNKNOWN
0.136608 0.201862 -0.138713 UNKNOWN
0.133459 0.203808 -0.136454 UNKNOWN
0.130379 0.205714 -0.134241 UNKNOWN
0.127367 0.207581 -0.132076 UNKNOWN
0.124423 0.209409 -0.129958 UNKNOWN
0.121547 0.211198 -0.127886 UNKNOWN
0.118740 0.212947 -0.125862 UNKNOWN
0.116002 0.214657 -0.123885 UNKNOWN
0.113332 0.216328 -0.121955 UNKNOWN
0.110730 0.217959 -0.120073 UNKNOWN
0.108196 0.219551 -0.118237 UNKNOWN
0.105732 0.221103 -0.116448 UNKNOWN
0.103335 0.222617 -0.114707 UNKNOWN
0.101007 0.224090 -0.113013 UNKNOWN
0.098748 0.225525 -0.111366 UNKNOWN
0.096557 0.226920 -0.109766 UNKNOWN
0.094435 0.228275 -0.108214 UNKNOWN
0.092381 0.229591 -0.106709 UNKNOWN
0.090396 0.230868 -0.105251 UNKNOWN
0.088480 0.232105 -0.103840 UNKNOWN
0.086632 0.233302 -0.102477 UNKNOWN
0.084853 0.234460 -0.101161 UNKNOWN
0.083143 0.235579 -0.099892 UNKNOWN
0.081501 0.236658 -0.098671 UNKNOWN
0.079929 0.237698 -0.097497 UNKNOWN
0.078425 0.238698 -0.096370 UNKNOWN
0.076989 0.239658 -0.095291 UNKNOWN
0.075623 0.240579 -0.094259 UNKNOWN
0.074325 0.241461 -0.093274 UNKNOWN
0.073096 0.242302 -0.092337 UNKNOWN
0.071936 0.243105 -0.091448 UNKNOWN
0.070845 0.243867 -0.090605 UNKNOWN
0.069823 0.244590 -0.089811 UNKNOWN
0.068870 0.245274 -0.089063 UNKNOWN
0.067986 0.245917 -0.088364 UNKNOWN
0.067171 0.246521 -0.087711 UNKNOWN
0.066424 0.247086 -0.087107 UNKNOWN
0.065747 0.247610 -0.086550 UNKNOWN
0.065139 0.248095 -0.086040 UNKNOWN
0.064600 0.248541 -0.085578 UNKNOWN
0.064130 0.248946 -0.085164 UNKNOWN
0.063729 0.249312 -0.084797 UNKNOWN
0.063397 0.249638 -0.084478 UNKNOWN
0.063134 0.249925 -0.084206 UNKNOWN
0.062941 0.250171 -0.083982 UNKNOWN
0.062816 0.250378 -0.083806 UNKNOWN
0.062761 0.250545 -0.083677 UNKNOWN
0.062775 0.250673 -0.083596 UNKNOWN
0.062858 0.250760 -0.083563 UNKNOWN
0.063011 0.250808 -0.083578 UNKNOWN
0.063233 0.250816 -0.083640 UNKNOWN
0.063524 0.250784 -0.083750 UNKNOWN
0.063885 0.250712 -0.083908 UNKNOWN
0.064315 0.250600 -0.084113 UNKNOWN
0.064814 0.250449 -0.084367 UNKNOWN
0.065383 0.250257 -0.084668 UNKNOWN
0.066021 0.250026 -0.085017 UNKNOWN
0.066728 0.249755 -0.085414 UNKNOWN
0.067505 0.249444 -0.085858 UNKNOWN
0.068352 0.249093 -0.086351 UNKNOWN
0.069268 0.248701 -0.086891 UNKNOWN
0.070253 0.248271 -0.087479 UNKNOWN
0.071308 0.247800 -0.088116 UNKNOWN
0.072433 0.247289 -0.088800 UNKNOWN
0.073627 0.246738 -0.089532 UNKNOWN
0.074891 0.246147 -0.090312 UNKNOWN
0.076224 0.245516 -0.091140 UNKNOWN
0.077628 0.244845 -0.092016 UNKNOWN
0.079100 0.244134 -0.092940 UNKNOWN
0.080643 0.243383 -0.093912 UNKNOWN
0.082255 0.242592 -0.094932 UNKNOWN
0.083937 0.241761 -0.096000 UNKNOWN
0.085689 0.240890 -0.097116 UNKNOWN
0.087510 0.239978 -0.098280 UNKNOWN
0.089401 0.239027 -0.099493 UNKNOWN
0.091362 0.238035 -0.100753 UNKNOWN
0.093393 0.237004 -0.102061 UNKNOWN
0.095494 0.235932 -0.103418 UNKNOWN
0.097665 0.234820 -0.104823 UNKNOWN
0.099905 0.233668 -0.106276 UNKNOWN
0.102216 0.232476 -0.107777 UNKNOWN
0.104596 0.231243 -0.109326 UNKNOWN
0.107046 0.229971 -0.110924 UNKNOWN
0.109567 0.228658 -0.112569 UNKNOWN
0.112157 0.227305 -0.114263 UNKNOWN
0.114818 0.225911 -0.116005 UNKNOWN
0.117548 0.224478 -0.117796 UNKNOWN
0.120349 0.223004 -0.119635 UNKNOWN
0.123219 0.221490 -0.121522 UNKNOWN
0.126160 0.219936 -0.123457 UNKNOWN
0.129171 0.218341 -0.125441 UNKNOWN
0.132252 0.216706 -0.127473 UNKNOWN
0.135403 0.215031 -0.129553 UNKNOWN
0.138624 0.213315 -0.131682 UNKNOWN
0.141916 0.211560 -0.133859 UNKNOWN
0.145278 0.209763 -0.136084 UNKNOWN
0.148710 0.207927 -0.138358 UNKNOWN
0.152212 0.206050 -0.140680 UNKNOWN
0.155785 0.204132 -0.143051 UNKNOWN
0.159428 0.202175 -0.145470 UNKNOWN
0.163142 0.200177 -0.147938 UNKNOWN
0.166925 0.198138 -0.150454 UNKNOWN
0.170779 0.196059 -0.153019 UNKNOWN
0.174704 0.193940 -0.155632 UNKNOWN
0.178699 0.191780 -0.158294 UNKNOWN
0.182764 0.189580 -0.161004 UNKNOWN
0.186900 0.187339 -0.163763 UNKNOWN
0.191107 0.185058 -0.166570 UNKNOWN
0.195384 0.182736 -0.169426 PIPETTE
0.200588 0.181028 -0.173395 UNKNOWN
0.205205 0.178778 -0.176594 UNKNOWN
0.209233 0.175985 -0.179025 UNKNOWN
0.212673 0.172650 -0.180687 UNKNOWN
0.215524 0.168772 -0.181579 PIPETTE
0.217046 0.163535 -0.180685 UNKNOWN
0.218548 0.158381 -0.179802 UNKNOWN
0.220030 0.153310 -0.178930 UNKNOWN
0.221493 0.148321 -0.178070 UNKNOWN
0.222936 0.143416 -0.177221 UNKNOWN
0.224360 0.138593 -0.176383 UNKNOWN
0.225763 0.133854 -0.175556 UNKNOWN
0.227148 0.129197 -0.174741 UNKNOWN
0.228512 0.124624 -0.173937 UNKNOWN
0.229857 0.120133 -0.173145 UNKNOWN
0.231182 0.115726 -0.172363 UNKNOWN
0.232487 0.111401 -0.171593 UNKNOWN
0.233773 0.107160 -0.170835 UNKNOWN
0.235039 0.103002 -0.170088 UNKNOWN
0.236286 0.098927 -0.169352 UNKNOWN
0.237512 0.094936 -0.168627 UNKNOWN
0.238719 0.091027 -0.167914 UNKNOWN
0.239906 0.087202 -0.167212 UNKNOWN
0.241074 0.083460 -0.166521 UNKNOWN
0.242222 0.079801 -0.165842 UNKNOWN
0.243350 0.076226 -0.165174 UNKNOWN
0.244458 0.072734 -0.164517 UNKNOWN
0.245546 0.069326 -0.163872 UNKNOWN
0.246615 0.066001 -0.163238 UNKNOWN
0.247664 0.062759 -0.162616 UNKNOWN
0.248693 0.059601 -0.162005 UNKNOWN
0.249703 0.056526 -0.161405 UNKNOWN
0.250692 0.053535 -0.160817 UNKNOWN
0.251662 0.050627 -0.160240 UNKNOWN
0.252612 0.047803 -0.159674 UNKNOWN
0.253542 0.045063 -0.159120 UNKNOWN
0.254453 0.042406 -0.158577 UNKNOWN
0.255343 0.039833 -0.158046 UNKNOWN
0.256214 0.037343 -0.157526 UNKNOWN
0.257065 0.034937 -0.157017 UNKNOWN
0.257896 0.032615 -0.156520 UNKNOWN
0.258707 0.030377 -0.156034 UNKNOWN
0.259499 0.028222 -0.155560 UNKNOWN
0.260270 0.026152 -0.155097 UNKNOWN
0.261022 0.024165 -0.154646 UNKNOWN
0.261754 0.022262 -0.154205 UNKNOWN
0.262466 0.020443 -0.153777 UNKNOWN
0.263158 0.018707 -0.153360 UNKNOWN
0.263830 0.017056 -0.152954 UNKNOWN
0.264482 0.015489 -0.152559 UNKNOWN
0.265115 0.014006 -0.152177 UNKNOWN
0.265727 0.012606 -0.151805 UNKNOWN
0.266320 0.011291 -0.151445 UNKNOWN
0.266892 0.010060 -0.151097 UNKNOWN
0.267445 0.008913 -0.150759 UNKNOWN
0.267978 0.007850 -0.150434 UNKNOWN
0.268491 0.006871 -0.150120 UNKNOWN
0.268984 0.005977 -0.149817 UNKNOWN
0.269457 0.005166 -0.149526 UNKNOWN
0.269910 0.004440 -0.149246 UNKNOWN
0.270343 0.003798 -0.148978 UNKNOWN
0.270756 0.003241 -0.148721 UNKNOWN
0.271149 0.002767 -0.148476 UNKNOWN
0.271522 0.002379 -0.148242 UNKNOWN
0.271875 0.002074 -0.148019 UNKNOWN
0.272208 0.001854 -0.147809 UNKNOWN
0.272522 0.001718 -0.147609 UNKNOWN
0.272815 0.001667 -0.147421 UNKNOWN
0.273088 0.001700 -0.147245 UNKNOWN
0.273341 0.001818 -0.147080 UNKNOWN
0.273574 0.002020 -0.146927 UNKNOWN
0.273787 0.002307 -0.146785 UNKNOWN
0.273980 0.002678 -0.146655 UNKNOWN
0.274153 0.003134 -0.146536 UNKNOWN
0.274306 0.003674 -0.146429 UNKNOWN
0.274439 0.004300 -0.146334 UNKNOWN
0.274552 0.005009 -0.146249 UNKNOWN
0.274644 0.005804 -0.146177 UNKNOWN
0.274717 0.006683 -0.146116 UNKNOWN
0.274770 0.007648 -0.146066 UNKNOWN
0.274802 0.008697 -0.146028 UNKNOWN
0.274815 0.009830 -0.146002 UNKNOWN
0.274807 0.011049 -0.145987 UNKNOWN
0.274779 0.012352 -0.145984 UNKNOWN
0.274731 0.013741 -0.145992 UNKNOWN
0.274663 0.015214 -0.146012 UNKNOWN
0.274575 0.016772 -0.146044 UNKNOWN
0.274467 0.018415 -0.146087 UNKNOWN
0.274338 0.020143 -0.146141 UNKNOWN
0.274190 0.021957 -0.146208 UNKNOWN
0.274021 0.023855 -0.146285 UNKNOWN
0.273832 0.025838 -0.146375 UNKNOWN
0.273623 0.027907 -0.146476 UNKNOWN
0.273394 0.030060 -0.146588 UNKNOWN
0.273144 0.032299 -0.146712 UNKNOWN
0.272875 0.034623 -0.146848 UNKNOWN
0.272585 0.037032 -0.146996 UNKNOWN
0.272275 0.039527 -0.147155 UNKNOWN
0.271945 0.042106 -0.147325 UNKNOWN
0.271595 0.044771 -0.147507 UNKNOWN
0.271224 0.047522 -0.147701 UNKNOWN
0.270833 0.050357 -0.147907 UNKNOWN
0.270422 0.053278 -0.148124 UNKNOWN
0.269991 0.056285 -0.148353 UNKNOWN
0.269540 0.059377 -0.148593 UNKNOWN
0.269068 0.062554 -0.148845 UNKNOWN
0.268576 0.065817 -0.149109 UNKNOWN
0.268064 0.069165 -0.149384 UNKNOWN
0.267531 0.072599 -0.149671 UNKNOWN
0.266978 0.076118 -0.149970 UNKNOWN
0.266405 0.079723 -0.150280 UNKNOWN
0.265812 0.083414 -0.150602 UNKNOWN
0.265198 0.087190 -0.150936 UNKNOWN
0.264564 0.091052 -0.151281 UNKNOWN
0.263910 0.094999 -0.151638 UNKNOWN
0.263236 0.099033 -0.152007 UNKNOWN
0.262541 0.103152 -0.152387 UNKNOWN
0.261826 0.107356 -0.152779 UNKNOWN
0.261090 0.111647 -0.153183 UNKNOWN
0.260334 0.116023 -0.153598 UNKNOWN
0.259558 0.120486 -0.154025 UNKNOWN
0.258762 0.125034 -0.154464 UNKNOWN
0.257945 0.129668 -0.154915 UNKNOWN
0.257108 0.134388 -0.155377 UNKNOWN
0.256250 0.139194 -0.155851 UNKNOWN
0.255372 0.144086 -0.156336 UNKNOWN
0.254474 0.149064 -0.156834 UNKNOWN
0.253555 0.154128 -0.157343 UNKNOWN
0.252616 0.159278 -0.157864 UNKNOWN
0.251657 0.164514 -0.158396 UNKNOWN
0.250677 0.169836 -0.158940 UNKNOWN
0.249676 0.175244 -0.159496 UNKNOWN
0.248656 0.180739 -0.160064 UNKNOWN
0.247615 0.186320 -0.160644 UNKNOWN
0.246553 0.191987 -0.161235 UNKNOWN
0.245471 0.197740 -0.161838 UNKNOWN
0.244369 0.203579 -0.162452 UNKNOWN
0.243246 0.209505 -0.163079 UNKNOWN
0.242102 0.215517 -0.163717 UNKNOWN
0.240939 0.221616 -0.164367 UNKNOWN
0.239754 0.227800 -0.165029 UNKNOWN
0.238550 0.234072 -0.165703 UNKNOWN
0.237324 0.240429 -0.166388 UNKNOWN
0.236079 0.246873 -0.167085 PIPETTE
0.234786 0.253517 -0.167809 UNKNOWN
0.233493 0.260160 -0.168533 UNKNOWN
0.232200 0.266804 -0.169258 UNKNOWN
0.230907 0.273447 -0.169982 UNKNOWN
0.229615 0.280090 -0.170706 UNKNOWN
0.228322 0.286734 -0.171430 UNKNOWN
0.227029 0.293377 -0.172155 UNKNOWN
0.225736 0.300021 -0.172879 UNKNOWN
0.224443 0.306664 -0.173603 UNKNOWN
0.223150 0.313308 -0.174327 UNKNOWN
0.221857 0.319951 -0.175052 UNKNOWN
0.220565 0.326594 -0.175776 UNKNOWN
0.219272 0.333238 -0.176500 UNKNOWN
0.217979 0.339881 -0.177224 UNKNOWN
0.216686 0.346525 -0.177948 UNKNOWN
0.215393 0.353168 -0.178673 UNKNOWN
0.214100 0.359812 -0.179397 UNKNOWN
0.212808 0.366455 -0.180121 UNKNOWN
0.211515 0.373098 -0.180845 UNKNOWN
0.210222 0.379742 -0.181570 UNKNOWN
0.208929 0.386385 -0.182294 UNKNOWN
0.207636 0.393029 -0.183018 UNKNOWN
0.206343 0.399672 -0.183742 UNKNOWN
0.205051 0.406316 -0.184467 UNKNOWN
0.203758 0.412959 -0.185191 UNKNOWN
0.202465 0.419602 -0.185915 UNKNOWN
0.201172 0.426246 -0.186639 UNKNOWN
0.199879 0.432889 -0.187363 UNKNOWN
0.198586 0.439533 -0.188088 UNKNOWN
0.197293 0.446176 -0.188812 UNKNOWN
0.196001 0.452819 -0.189536 UNKNOWN
0.194708 0.459463 -0.190260 UNKNOWN
0.193415 0.466106 -0.190985 UNKNOWN
0.192122 0.472750 -0.191709 UNKNOWN
0.190829 0.479393 -0.192433 UNKNOWN
0.189536 0.486037 -0.193157 UNKNOWN
0.188244 0.492680 -0.193882 UNKNOWN
0.186951 0.499323 -0.194606 UNKNOWN
0.185658 0.505967 -0.195330 UNKNOWN
0.184365 0.512610 -0.196054 UNKNOWN
0.183072 0.519254 -0.196779 UNKNOWN
0.181779 0.525897 -0.197503 UNKNOWN
0.180487 0.532541 -0.198227 UNKNOWN
0.179194 0.539184 -0.198951 UNKNOWN
0.177901 0.545827 -0.199675 UNKNOWN
0.176608 0.552471 -0.200400 UNKNOWN
0.175315 0.559114 -0.201124 UNKNOWN
0.174022 0.565758 -0.201848 UNKNOWN
0.172729 0.572401 -0.202572 UNKNOWN
0.171437 0.579044 -0.203297 UNKNOWN
0.170144 0.585688 -0.204021 UNKNOWN
0.168851 0.592331 -0.204745 UNKNOWN
0.167558 0.598975 -0.205469 UNKNOWN
0.166265 0.605618 -0.206194 UNKNOWN
0.164972 0.612262 -0.206918 UNKNOWN
0.163680 0.618905 -0.207642 UNKNOWN
0.162387 0.625548 -0.208366 UNKNOWN
0.161094 0.632192 -0.209090 UNKNOWN
0.159801 0.638835 -0.209815 UNKNOWN
0.158508 0.645479 -0.210539 UNKNOWN
0.157215 0.652122 -0.211263 UNKNOWN
0.155923 0.658766 -0.211987 UNKNOWN
0.154630 0.665409 -0.212712 UNKNOWN
0.153337 0.672052 -0.213436 UNKNOWN
0.152044 0.678696 -0.214160 UNKNOWN
0.150751 0.685339 -0.214884 UNKNOWN
0.149458 0.691983 -0.215609 UNKNOWN
0.148165 0.698626 -0.216333 UNKNOWN
0.146873 0.705269 -0.217057 UNKNOWN
0.145580 0.711913 -0.217781 UNKNOWN
0.144287 0.718556 -0.218506 UNKNOWN
0.142994 0.725200 -0.219230 UNKNOWN
0.141701 0.731843 -0.219954 UNKNOWN
0.140408 0.738487 -0.220678 UNKNOWN
0.139116 0.745130 -0.221402 UNKNOWN
0.137823 0.751773 -0.222127 UNKNOWN
0.136530 0.758417 -0.222851 UNKNOWN
0.135237 0.765060 -0.223575 UNKNOWN
0.133944 0.771704 -0.224299 UNKNOWN
0.132651 0.778347 -0.225024 UNKNOWN
0.131359 0.784991 -0.225748 UNKNOWN
0.130066 0.791634 -0.226472 UNKNOWN
0.128773 0.798277 -0.227196 UNKNOWN
0.127480 0.804921 -0.227921 UNKNOWN
0.126187 0.811564 -0.228645 UNKNOWN
0.124894 0.818208 -0.229369 UNKNOWN
0.123602 0.824851 -0.230093 UNKNOWN
0.122309 0.831495 -0.230818 UNKNOWN
0.121016 0.838138 -0.231542 UNKNOWN
0.119723 0.844781 -0.232266 UNKNOWN
0.118430 0.851425 -0.232990 UNKNOWN
0.117137 0.858068 -0.233714 UNKNOWN
0.115844 0.864712 -0.234439 UNKNOWN
0.114552 0.871355 -0.235163 UNKNOWN
0.113259 0.877998 -0.235887 UNKNOWN
0.111966 0.884642 -0.236611 UNKNOWN
0.110673 0.891285 -0.237336 UNKNOWN
0.109380 0.897929 -0.238060 UNKNOWN
0.108087 0.904572 -0.238784 UNKNOWN
0.106795 0.911216 -0.239508 UNKNOWN
0.105502 0.917859 -0.240233 UNKNOWN
0.104209 0.924502 -0.240957 UNKNOWN
0.102916 0.931146 -0.241681 UNKNOWN
0.101623 0.937789 -0.242405 UNKNOWN
0.100330 0.944433 -0.243129 UNKNOWN
0.099038 0.951076 -0.243854 UNKNOWN
0.097745 0.957720 -0.244578 UNKNOWN
0.096452 0.964363 -0.245302 UNKNOWN
0.095159 0.971006 -0.246026 UNKNOWN
0.093866 0.977650 -0.246751 UNKNOWN
0.092573 0.984293 -0.247475 UNKNOWN
0.091280 0.990937 -0.248199 UNKNOWN
0.089988 0.997580 -0.248923 UNKNOWN
0.088695 1.004223 -0.249648 UNKNOWN
0.087402 1.010867 -0.250372 UNKNOWN
0.086109 1.017510 -0.251096 UNKNOWN
0.084816 1.024154 -0.251820 UNKNOWN
0.083523 1.030797 -0.252545 UNKNOWN
0.082231 1.037441 -0.253269 UNKNOWN
0.080938 1.044084 -0.253993 UNKNOWN
0.079645 1.050727 -0.254717 UNKNOWN
0.078352 1.057371 -0.255441 UNKNOWN
0.077059 1.064014 -0.256166 UNKNOWN
0.075766 1.070658 -0.256890 UNKNOWN
0.074474 1.077301 -0.257614 UNKNOWN
0.073181 1.083945 -0.258338 UNKNOWN
0.071888 1.090588 -0.259063 UNKNOWN
0.070595 1.097231 -0.259787 UNKNOWN
0.069302 1.103875 -0.260511 UNKNOWN
0.068009 1.110518 -0.261235 UNKNOWN
0.066716 1.117162 -0.261960 UNKNOWN
0.065424 1.123805 -0.262684 UNKNOWN
0.064131 1.130448 -0.263408 UNKNOWN
0.062838 1.137092 -0.264132 UNKNOWN
0.061545 1.143735 -0.264856 UNKNOWN
0.060252 1.150379 -0.265581 UNKNOWN
0.058959 1.157022 -0.266305 UNKNOWN
0.057667 1.163666 -0.267029 UNKNOWN
0.056374 1.170309 -0.267753 UNKNOWN
0.055081 1.176952 -0.268478 UNKNOWN
0.053788 1.183596 -0.269202 UNKNOWN
0.052495 1.190239 -0.269926 UNKNOWN
0.051202 1.196883 -0.270650 UNKNOWN
0.049910 1.203526 -0.271375 UNKNOWN
0.048617 1.210170 -0.272099 UNKNOWN
0.047324 1.216813 -0.272823 UNKNOWN
0.046031 1.223456 -0.273547 UNKNOWN
0.044738 1.230100 -0.274272 UNKNOWN
0.043445 1.236743 -0.274996 UNKNOWN
0.042152 1.243387 -0.275720 UNKNOWN
0.040860 1.250030 -0.276444 UNKNOWN
0.039567 1.256674 -0.277168 UNKNOWN
0.038274 1.263317 -0.277893 UNKNOWN
0.036981 1.269960 -0.278617 UNKNOWN
0.035688 1.276604 -0.279341 UNKNOWN
0.034395 1.283247 -0.280065 UNKNOWN
0.033103 1.289891 -0.280790 UNKNOWN
0.031810 1.296534 -0.281514 UNKNOWN
0.030517 1.303177 -0.282238 UNKNOWN
0.029224 1.309821 -0.282962 UNKNOWN
0.027931 1.316464 -0.283687 UNKNOWN
0.026638 1.323108 -0.284411 UNKNOWN
0.025346 1.329751 -0.285135 UNKNOWN
0.024053 1.336395 -0.285859 UNKNOWN
0.022760 1.343038 -0.286583 UNKNOWN
0.021467 1.349681 -0.287308 UNKNOWN
0.020174 1.356325 -0.288032 UNKNOWN
0.018881 1.362968 -0.288756 UNKNOWN
0.017588 1.369612 -0.289480 UNKNOWN
0.016296 1.376255 -0.290205 UNKNOWN
0.015003 1.382899 -0.290929 UNKNOWN
0.013710 1.389542 -0.291653 UNKNOWN
0.012417 1.396185 -0.292377 UNKNOWN
0.011124 1.402829 -0.293102 UNKNOWN
0.009831 1.409472 -0.293826 UNKNOWN
0.008539 1.416116 -0.294550 UNKNOWN
0.007246 1.422759 -0.295274 UNKNOWN
0.005953 1.429402 -0.295999 UNKNOWN
0.004660 1.436046 -0.296723 UNKNOWN
