-0.272575 -0.135123 0.254365 False
-0.298978 -0.146945 0.281738 False
-0.325474 -0.158871 0.309106 False
-0.351974 -0.170857 0.336397 False
-0.378391 -0.182860 0.363536 False
-0.404636 -0.194837 0.390448 False
-0.430622 -0.206743 0.417059 False
-0.456261 -0.218537 0.443295 False
-0.481463 -0.230175 0.469082 False
-0.506142 -0.241612 0.494345 False
-0.530210 -0.252807 0.519010 False
-0.553577 -0.263716 0.543003 False
-0.576157 -0.274295 0.566251 False
-0.597860 -0.284501 0.588677 False
-0.618600 -0.294291 0.610209 False
-0.638288 -0.303622 0.630772 False
-0.656835 -0.312450 0.650292 False
-0.674154 -0.320732 0.668694 False
-0.690158 -0.328424 0.685905 False
-0.704756 -0.335484 0.701849 False
-0.717863 -0.341868 0.716454 False
-0.729389 -0.347532 0.729644 False
-0.739247 -0.352434 0.741345 False
-0.747348 -0.356531 0.751484 False
-0.753605 -0.359778 0.759985 False
-0.757929 -0.362132 0.766775 False
-0.760232 -0.363551 0.771780 False
-0.760426 -0.363991 0.774925 False
-0.758424 -0.363408 0.776135 False
-0.754137 -0.361760 0.775338 False
-0.747477 -0.359003 0.772458 False
-0.738356 -0.355093 0.767421 False
-0.726686 -0.349988 0.760153 False
-0.712379 -0.343644 0.750579 False
-0.695347 -0.336018 0.738627 False
-0.675502 -0.327067 0.724220 False
-0.652755 -0.316747 0.707286 False
-0.627019 -0.305014 0.687749 False
-0.598206 -0.291826 0.665536 False
-0.566227 -0.277140 0.640573 False
-0.530995 -0.260912 0.612784 False
-0.492421 -0.243098 0.582096 False
-0.450417 -0.223656 0.548435 False
-0.404896 -0.202542 0.511726 False
-0.355770 -0.179712 0.471895 False
-0.302949 -0.155124 0.428869 False
-0.246347 -0.128735 0.382571 False
-0.185874 -0.100500 0.332930 False
-0.121444 -0.070377 0.279869 False
-0.052968 -0.038322 0.223316 False
0.019643 -0.004293 0.163195 False
0.096475 0.031755 0.099432 False
0.177618 0.069865 0.031954 False
0.263159 0.110080 -0.039314 False
0.371207 0.165036 -0.113707 False
0.463385 0.200056 -0.198118 False
0.515849 0.216304 -0.294615 False
0.543769 0.207218 -0.365132 False
0.576749 0.175400 -0.416343 False
0.595453 0.167197 -0.421454 False
0.601549 0.186522 -0.391006 False
0.594273 0.163106 -0.409262 False
0.552665 0.175511 -0.396621 False
0.468812 0.198198 -0.363728 False
0.377019 0.224896 -0.325000 False
0.303208 0.192642 -0.312004 False
0.258216 0.179070 -0.293126 False
0.228712 0.172484 -0.275667 False
0.217812 0.164688 -0.268380 False
0.214216 0.153541 -0.272307 False
0.210841 0.144746 -0.278645 False
0.211048 0.140866 -0.287613 False
0.210155 0.143089 -0.292274 False
0.199633 0.142133 -0.286254 False
0.158382 0.150008 -0.258939 False
0.121748 0.156667 -0.189618 False
0.104699 0.135014 -0.113132 False
0.108492 0.115146 -0.062372 False
0.128561 0.113104 -0.051602 False
0.157464 0.122907 -0.058617 False
0.192414 0.143296 -0.070815 False
0.226248 0.159388 -0.093457 False
0.243165 0.165255 -0.121507 False
0.244280 0.153324 -0.141272 False
0.250017 0.144243 -0.140799 False
0.232491 0.137061 -0.136105 False
0.224180 0.134567 -0.132639 False
0.219295 0.137492 -0.125445 False
0.223492 0.141328 -0.115302 False
0.240236 0.152750 -0.106661 False
0.210992 0.149175 -0.102196 False
0.211577 0.156048 -0.101174 False
0.202272 0.157575 -0.102628 False
0.201549 0.154621 -0.103542 False
0.206279 0.152196 -0.108708 False
0.211131 0.153984 -0.118256 False
0.214500 0.158508 -0.130639 False
0.204383 0.162831 -0.131426 False
0.211182 0.166207 -0.127002 False
0.259236 0.171295 -0.126351 False
0.262808 0.169719 -0.124085 False
0.225623 0.159861 -0.123803 False
0.205955 0.151923 -0.123275 False
0.226215 0.158911 -0.114505 False
0.205820 0.140272 -0.115828 False
0.181256 0.136320 -0.111114 False
0.153617 0.133488 -0.134015 False
0.144644 0.139786 -0.180559 False
0.133070 0.142996 -0.215301 False
0.133584 0.138905 -0.224773 False
0.146442 0.136924 -0.226215 False
0.153751 0.136927 -0.224817 False
0.157362 0.142972 -0.225912 False
0.155446 0.143594 -0.228276 False
0.154251 0.143083 -0.229549 False
0.154329 0.142143 -0.232784 False
0.153871 0.142971 -0.237997 False
0.150850 0.145033 -0.237926 False
0.151904 0.153479 -0.231790 False
0.163576 0.160947 -0.215961 False
0.174648 0.140473 -0.191645 False
0.179617 0.111755 -0.184083 False
0.179918 0.087244 -0.185464 False
0.179660 0.075303 -0.189669 False
0.178550 0.066382 -0.195246 False
0.179734 0.059408 -0.198347 False
0.196512 0.052194 -0.203274 False
0.257923 0.043849 -0.221424 False
0.266623 0.039066 -0.221745 False
0.267928 0.040557 -0.218833 True
0.268874 0.042461 -0.217377 False
0.268405 0.044129 -0.215049 False
0.249681 0.050402 -0.207381 False
0.172784 0.077104 -0.180466 False
0.144458 0.092075 -0.171033 False
0.130390 0.108273 -0.169299 False
0.141807 0.107611 -0.176838 False
0.254899 0.057485 -0.214788 False
0.270343 0.061317 -0.234832 False
0.279845 0.064598 -0.215679 False
0.292464 0.088331 -0.200957 False
0.299059 0.099236 -0.188728 False
0.269285 0.104523 -0.169805 False
0.088381 0.087957 -0.146943 False
0.086767 0.081050 -0.166507 False
0.162253 0.097021 -0.191755 False
0.247154 0.103016 -0.209055 False
0.311849 0.109084 -0.194461 False
0.364659 0.156722 -0.100389 False
0.394231 0.170353 -0.069860 False
0.425327 0.175713 -0.056056 False
0.451448 0.168588 -0.048956 False
0.469850 0.172810 -0.049430 False
0.467268 0.211543 -0.061957 False
0.497675 0.186762 -0.056896 False
0.506652 0.161430 -0.063672 False
0.509749 0.155470 -0.073101 False
0.511846 0.156234 -0.079290 False
0.514258 0.156819 -0.085719 False
0.516731 0.157713 -0.092760 False
0.514991 0.168781 -0.108879 False
0.488776 0.204931 -0.162163 False
0.406087 0.177966 -0.271248 False
0.296714 0.153357 -0.237464 False
0.232459 0.122521 -0.173448 False
0.206559 0.109110 -0.130749 False
0.199437 0.105932 -0.118273 False
0.208202 0.110396 -0.126438 False
0.242877 0.130320 -0.158337 False
0.240489 0.118068 -0.128987 False
0.261609 0.138422 -0.116476 False
0.301253 0.171398 -0.114352 False
0.277818 0.155582 -0.084575 False
0.290934 0.131342 -0.105709 False
0.362364 0.186882 -0.168418 False
0.350925 0.171822 -0.194712 False
0.351037 0.142529 -0.189313 False
0.349261 0.132927 -0.189994 False
0.347146 0.128482 -0.189605 False
0.345249 0.130556 -0.189466 False
0.336249 0.129486 -0.186345 False
0.340076 0.130579 -0.181290 False
0.336645 0.134494 -0.183954 False
0.342122 0.132046 -0.181909 False
0.343302 0.128493 -0.181903 False
0.343652 0.127344 -0.181983 False
0.344131 0.126515 -0.181637 False
0.345914 0.127625 -0.181623 False
0.345482 0.128109 -0.183347 False
0.345532 0.128378 -0.184741 False
0.347412 0.127697 -0.184302 False
0.351552 0.128553 -0.186438 False
0.350946 0.130721 -0.188495 False
0.354371 0.127682 -0.188406 False
0.355906 0.127346 -0.188998 False
0.359028 0.127553 -0.189421 False
0.359261 0.127653 -0.191338 False
0.358564 0.129239 -0.189856 False
0.353520 0.125891 -0.179541 False
0.312141 0.106132 -0.141795 False
0.268140 0.122142 -0.135983 False
0.254995 0.129966 -0.136777 False
0.252863 0.136409 -0.137020 False
0.269867 0.144769 -0.137609 False
0.322775 0.178305 -0.142334 False
0.322643 0.190634 -0.137716 False
0.326205 0.182468 -0.152367 False
0.323600 0.184531 -0.146658 False
0.298091 0.172582 -0.131538 False
0.278184 0.163982 -0.141798 False
0.278203 0.166753 -0.154831 False
0.268521 0.160647 -0.184890 False
0.250864 0.151967 -0.177123 False
0.239206 0.141792 -0.153364 False
0.221529 0.126704 -0.130183 False
0.208593 0.117278 -0.119718 False
0.204224 0.110981 -0.115667 False
0.204708 0.112611 -0.113119 False
0.201470 0.123459 -0.106768 False
0.177701 0.123246 -0.092110 False
0.148519 0.118076 -0.080414 False
0.131282 0.119951 -0.082871 False
0.122677 0.136604 -0.092466 False
0.117159 0.146151 -0.107483 False
0.120182 0.155187 -0.135044 False
0.154873 0.169608 -0.177263 False
0.201084 0.186544 -0.215418 False
0.133002 0.170174 -0.145644 False
0.115257 0.152075 -0.134818 False
0.200674 0.141580 -0.220615 False
0.222657 0.140137 -0.243071 False
0.226623 0.139867 -0.247022 False
0.226361 0.140519 -0.246865 False
0.225514 0.141146 -0.246921 False
0.226563 0.143657 -0.250467 False
0.238325 0.155117 -0.266631 False
0.270470 0.172436 -0.295161 False
0.321596 0.177922 -0.296583 False
0.370501 0.143305 -0.131658 False
0.411828 0.134447 -0.137445 False
0.430274 0.148656 -0.381528 False
0.432377 0.148790 -0.444982 False
0.425105 0.151887 -0.455089 False
0.393173 0.165017 -0.435665 False
0.363660 0.179346 -0.359443 False
0.343253 0.141670 -0.246044 False
0.323967 0.111690 -0.161176 False
0.294589 0.102171 -0.113885 False
0.255829 0.099705 -0.082756 False
0.224920 0.096366 -0.062717 False
0.212439 0.098456 -0.064743 False
0.212393 0.106782 -0.087748 False
0.215493 0.125824 -0.123399 False
0.215581 0.144542 -0.158416 False
0.207816 0.153093 -0.183428 False
0.221124 0.184077 -0.210970 False
0.206905 0.177656 -0.210653 False
0.199701 0.176631 -0.206854 False
0.203568 0.177760 -0.205604 False
0.201479 0.178742 -0.208096 False
0.180921 0.173819 -0.199739 False
0.170028 0.105160 -0.187562 False
0.150097 0.092440 -0.180961 False
0.143193 0.088355 -0.173613 False
0.156162 0.101156 -0.183102 False
0.188896 0.137842 -0.195172 False
0.187081 0.118486 -0.187990 False
0.203672 0.168217 -0.193631 False
0.205836 0.185823 -0.199455 False
0.195343 0.195040 -0.217999 False
0.189834 0.179753 -0.204160 False
0.188970 0.193885 -0.201685 False
0.193938 0.187377 -0.199194 False
0.199732 0.191952 -0.209311 False
0.195622 0.182970 -0.201438 False
0.194740 0.181873 -0.199617 False
0.198014 0.188068 -0.192157 False
0.185764 0.118507 -0.183933 False
0.181941 0.101070 -0.182011 False
0.181802 0.097826 -0.181760 False
0.181946 0.097028 -0.181886 False
0.183388 0.094965 -0.181979 False
0.184139 0.093944 -0.182525 False
0.183150 0.096349 -0.181875 False
0.183342 0.095091 -0.181671 False
0.183965 0.093485 -0.181603 False
0.185126 0.096772 -0.182559 False
0.195372 0.117250 -0.187804 False
0.232321 0.205010 -0.207420 False
0.225470 0.220175 -0.202598 False
0.208740 0.212410 -0.192882 False
0.216171 0.228542 -0.197055 False
0.216769 0.221090 -0.213003 False
0.163712 0.137396 -0.183382 False
0.170572 0.118892 -0.324286 True
0.151449 0.114455 -0.206042 False
0.135881 0.112102 -0.165605 False
0.114223 0.100063 -0.133161 False
0.095318 0.099890 -0.096534 False
0.087185 0.112799 -0.063387 False
0.105617 0.132658 -0.049777 False
0.130425 0.135065 -0.046631 False
0.148200 0.139756 -0.050237 False
0.157666 0.149206 -0.049258 False
0.151680 0.154239 -0.046835 False
0.138680 0.170722 -0.052077 False
0.126575 0.204982 -0.070232 False
0.114506 0.245387 -0.093763 False
0.108494 0.257885 -0.110109 False
0.092893 0.252287 -0.114412 False
0.076831 0.239360 -0.113208 False
0.066656 0.231717 -0.112951 False
0.060109 0.230212 -0.125702 False
0.053882 0.227759 -0.153072 False
0.089692 0.221739 -0.183608 False
0.274314 0.226678 -0.131215 False
0.286817 0.195168 -0.157003 False
0.103891 0.113707 -0.353704 False
0.056041 0.086196 -0.411410 False
0.046554 0.075508 -0.424339 False
0.052151 0.075884 -0.425638 False
0.052000 0.087559 -0.410190 False
0.055900 0.110001 -0.354540 False
0.095648 0.092888 -0.239575 False
0.112118 0.054638 -0.162269 False
0.124868 0.019839 -0.123057 True
0.127248 0.016445 -0.152695 True
0.123611 0.046186 -0.337386 False
0.124258 0.045158 -0.386511 False
0.123586 0.039368 -0.386241 False
0.123197 0.034274 -0.338843 False
0.122309 0.020421 -0.154848 True
0.123212 0.019389 -0.148420 True
0.124484 0.029004 -0.282512 False
0.126141 0.012122 -0.144464 True
0.126203 0.008016 -0.106311 True
0.126874 0.006131 -0.099549 True
0.127318 0.007807 -0.100092 True
0.127398 0.008390 -0.100921 True
0.127867 0.008283 -0.101218 True
0.128066 0.007800 -0.101323 True
0.128017 0.007192 -0.101221 True
0.127414 0.006036 -0.101087 True
0.126144 0.005051 -0.100738 True
0.123423 0.008088 -0.097935 True
0.119717 0.022166 -0.094730 True
0.116678 0.086992 -0.083584 False
0.148055 0.170949 -0.074844 False
0.222748 0.230890 -0.086641 False
0.212281 0.234987 -0.098851 False
0.148003 0.209083 -0.109472 False
0.121635 0.193105 -0.140806 False
0.106440 0.161114 -0.128895 False
0.127031 0.142066 -0.139035 False
0.159083 0.128597 -0.166719 False
0.194595 0.148842 -0.182570 False
0.198957 0.142169 -0.185952 False
0.190993 0.127608 -0.186266 False
0.192799 0.158603 -0.190304 False
0.190070 0.139660 -0.187943 False
0.196984 0.183075 -0.192976 False
0.205850 0.186299 -0.196748 False
0.194471 0.188733 -0.201756 False
0.207354 0.195754 -0.195422 False
0.217812 0.218100 -0.195989 False
0.221829 0.220926 -0.196241 False
0.159634 0.144744 -0.167507 False
0.130143 0.153166 -0.131182 False
0.136962 0.185186 -0.100414 False
0.164498 0.201279 -0.077229 False
0.192382 0.201102 -0.062160 False
0.221174 0.195663 -0.056464 False
0.245029 0.188054 -0.058253 False
0.268677 0.186490 -0.065752 False
0.286401 0.190414 -0.080610 False
0.242872 0.203974 -0.093715 False
0.165251 0.135922 -0.085786 False
0.136720 0.110703 -0.139083 False
0.157666 0.091340 -0.177933 False
0.163631 0.098515 -0.172397 False
0.098703 0.143227 -0.144520 False
0.109110 0.229574 -0.256849 False
0.237238 0.281891 -0.349330 False
0.238180 0.279440 -0.406450 False
0.213092 0.249592 -0.445110 False
0.198202 0.213124 -0.471103 False
0.191819 0.198035 -0.478410 False
0.178044 0.184669 -0.480508 False
0.135701 0.142702 -0.465745 False
0.180397 0.177113 -0.482743 False
0.193521 0.181786 -0.486292 False
0.199293 0.182074 -0.488509 False
0.194717 0.179263 -0.488280 False
0.197300 0.177414 -0.486444 False
0.195108 0.179089 -0.487338 False
0.189763 0.177121 -0.487560 False
0.192473 0.177594 -0.487070 False
0.187124 0.178863 -0.487897 False
0.186604 0.175187 -0.486035 False
0.191241 0.176089 -0.485652 False
0.190926 0.177716 -0.486836 False
0.189659 0.176118 -0.484591 False
0.188714 0.176732 -0.481848 False
0.184473 0.176122 -0.482344 False
0.182365 0.172381 -0.482152 False
0.184455 0.172134 -0.481667 False
0.184274 0.169968 -0.481086 False
0.189152 0.170072 -0.480678 False
0.194531 0.167693 -0.480290 False
0.196901 0.171304 -0.479439 False
0.194526 0.173495 -0.480196 False
0.191774 0.171498 -0.479803 False
0.195016 0.169975 -0.476848 False
0.195638 0.173423 -0.477138 False
0.191695 0.174315 -0.476682 False
0.192120 0.173595 -0.474341 False
0.195610 0.177478 -0.472487 False
0.195191 0.179002 -0.471344 False
0.192191 0.179267 -0.468403 False
0.189527 0.177157 -0.467519 False
0.190194 0.178043 -0.466135 False
0.188548 0.180975 -0.467453 False
0.183619 0.180196 -0.468754 False
0.186406 0.174171 -0.467936 False
0.195313 0.174734 -0.464729 False
0.197608 0.176996 -0.466011 False
0.192544 0.173748 -0.468757 False
0.195440 0.169869 -0.466839 False
0.204809 0.170535 -0.465318 False
0.206994 0.171991 -0.466847 False
0.209804 0.169793 -0.466412 False
0.215607 0.170056 -0.466080 True
0.211351 0.168964 -0.466533 False
0.210748 0.165274 -0.464402 False
0.214626 0.165358 -0.463263 False
0.207736 0.165541 -0.464183 False
0.211264 0.163716 -0.461862 False
0.210460 0.165379 -0.462881 True
0.205637 0.163829 -0.461829 False
0.209345 0.168439 -0.450715 False
0.194461 0.188806 -0.425807 False
0.200556 0.168408 -0.452211 False
0.210487 0.162544 -0.456862 False
0.206209 0.164215 -0.459840 False
0.203948 0.162356 -0.459562 False
0.210826 0.160691 -0.455558 False
0.205608 0.163976 -0.455691 False
0.208329 0.163220 -0.453256 False
0.213138 0.169242 -0.449514 False
0.205973 0.176672 -0.445695 False
0.197725 0.198404 -0.432970 False
0.184215 0.231488 -0.401462 False
0.157584 0.247860 -0.338243 False
0.057483 0.201750 -0.244661 False
0.061026 0.171318 -0.272633 False
0.079012 0.162139 -0.266736 False
0.096121 0.156179 -0.251285 False
0.112220 0.146165 -0.224612 False
0.130385 0.145494 -0.185619 False
0.135211 0.127278 -0.102233 False
0.165385 0.110671 -0.161946 False
0.184043 0.125859 -0.178844 False
0.175553 0.102747 -0.181146 False
0.174179 0.097634 -0.181527 False
0.181124 0.110719 -0.180434 False
0.175942 0.093748 -0.181369 False
0.172908 0.090226 -0.180508 False
0.168531 0.093024 -0.180123 False
0.160301 0.088151 -0.179141 False
0.150624 0.095461 -0.174715 False
0.149491 0.110457 -0.175708 False
0.157490 0.114855 -0.180926 False
0.169964 0.113278 -0.185213 False
0.173619 0.117818 -0.182682 False
0.176324 0.128852 -0.183791 False
0.184145 0.170218 -0.194132 False
0.195052 0.177454 -0.191051 False
0.203838 0.187819 -0.188659 False
0.202301 0.181557 -0.188856 False
0.205150 0.192072 -0.203184 False
0.237829 0.212196 -0.198165 False
0.206589 0.177572 -0.191841 False
0.206045 0.172129 -0.193692 False
0.202982 0.169933 -0.189041 False
0.203699 0.162987 -0.183938 False
0.202902 0.159224 -0.183897 False
0.197693 0.153281 -0.183406 False
0.176162 0.139698 -0.176979 False
0.165757 0.136318 -0.150035 False
0.171760 0.127162 -0.126496 False
0.187957 0.116854 -0.109908 False
0.202008 0.103791 -0.099126 False
0.208919 0.096201 -0.092909 False
0.211036 0.089677 -0.085587 False
0.210093 0.086981 -0.078299 False
0.210382 0.084189 -0.072039 False
0.212187 0.085063 -0.069417 False
0.213338 0.087897 -0.068759 False
0.209146 0.089337 -0.067418 False
0.204298 0.088110 -0.063057 False
0.196157 0.087790 -0.056885 False
0.183068 0.089760 -0.054455 False
0.162462 0.094763 -0.052984 False
0.146860 0.101172 -0.051377 False
0.124453 0.104537 -0.044803 False
0.107320 0.093039 -0.040869 False
0.102726 0.076759 -0.042758 False
0.095643 0.059096 -0.039150 False
0.087566 0.051136 -0.035548 False
0.092939 0.040534 -0.035955 True
0.093469 0.039534 -0.038183 True
0.094099 0.040553 -0.042555 True
0.094289 0.042759 -0.047622 True
0.096267 0.044213 -0.052253 True
0.100837 0.045096 -0.057996 True
0.108008 0.041679 -0.063770 True
0.115940 0.034139 -0.070547 True
0.119447 0.030255 -0.071926 True
0.120071 0.032107 -0.071182 True
0.118834 0.033495 -0.071087 True
0.116279 0.030200 -0.072828 True
0.118768 0.028583 -0.069083 True
0.118320 0.026454 -0.067141 True
0.117228 0.027176 -0.066282 True
0.113471 0.033333 -0.074989 True
0.132557 0.063021 -0.104759 False
0.157026 0.121633 -0.161352 False
0.176614 0.165126 -0.198746 False
0.225941 0.226860 -0.220743 False
0.216664 0.210861 -0.218494 False
0.188044 0.150689 -0.217327 False
0.182907 0.134157 -0.218550 False
0.184367 0.129350 -0.216166 False
0.184631 0.130093 -0.215418 False
0.184401 0.129557 -0.214779 False
0.182531 0.130224 -0.212255 False
0.183961 0.132842 -0.212626 False
0.191480 0.145521 -0.212632 False
0.220234 0.191419 -0.212498 False
0.216011 0.194313 -0.209719 False
0.210717 0.197157 -0.209795 False
0.198457 0.166182 -0.207427 False
0.199631 0.159732 -0.206892 False
0.195297 0.146957 -0.207245 False
0.194816 0.140387 -0.207692 False
0.200021 0.167138 -0.208503 False
0.195821 0.148158 -0.208339 False
0.200360 0.175239 -0.210946 False
0.196147 0.149768 -0.209110 False
0.200725 0.175640 -0.210460 False
0.201865 0.154475 -0.208709 False
0.221320 0.192846 -0.209023 False
0.199061 0.144079 -0.208017 False
0.192714 0.131703 -0.207552 False
0.191875 0.129237 -0.207509 False
0.192641 0.128856 -0.207867 False
0.192701 0.129004 -0.207819 False
0.192447 0.128704 -0.208764 False
0.186290 0.129037 -0.211061 False
0.158819 0.138300 -0.205575 False
0.120608 0.145585 -0.186980 False
0.079279 0.138784 -0.168769 False
0.060205 0.132816 -0.163266 False
0.055979 0.130466 -0.167430 False
0.050628 0.129527 -0.184044 False
0.052488 0.132915 -0.205007 False
0.061815 0.141761 -0.223523 False
0.079249 0.154207 -0.234298 False
0.087241 0.159984 -0.231832 False
0.090055 0.171611 -0.224829 False
0.093730 0.189791 -0.219449 False
0.124555 0.221801 -0.250570 False
0.131680 0.240780 -0.238041 False
0.120129 0.264609 -0.172854 False
0.127267 0.265094 -0.173593 False
0.180090 0.245255 -0.221024 False
0.184798 0.239525 -0.233136 False
0.158386 0.240276 -0.235303 False
0.154218 0.244536 -0.231774 False
0.159432 0.252930 -0.226723 False
0.161418 0.259594 -0.223051 False
0.163645 0.263997 -0.221501 False
0.170593 0.267836 -0.221059 False
0.174219 0.268299 -0.219380 False
0.178185 0.271693 -0.217927 False
0.183965 0.274695 -0.218023 False
0.183456 0.273782 -0.214829 False
0.186970 0.274066 -0.212474 False
0.190921 0.274048 -0.209694 False
0.193721 0.273517 -0.206491 False
0.196618 0.272791 -0.205533 False
0.196594 0.273481 -0.203680 False
0.196917 0.273422 -0.203336 False
0.195985 0.271678 -0.204820 False
0.194495 0.270209 -0.204930 False
0.194545 0.268365 -0.205982 False
0.193831 0.267428 -0.204809 False
0.192099 0.266465 -0.204694 False
0.189613 0.266549 -0.204729 False
0.188388 0.266579 -0.204654 False
0.185956 0.265255 -0.207455 False
0.179294 0.264599 -0.212566 False
0.165842 0.256498 -0.223160 False
0.163116 0.239811 -0.229788 False
0.157972 0.233902 -0.237163 False
0.146533 0.222210 -0.251421 False
0.129182 0.216578 -0.243455 False
0.125681 0.147710 -0.163224 False
0.129297 0.109566 -0.106503 False
0.125802 0.098412 -0.091566 False
0.119341 0.097968 -0.092122 False
0.120618 0.102139 -0.103132 False
0.125930 0.117501 -0.121109 False
0.135375 0.132296 -0.138075 False
0.146093 0.146078 -0.158060 False
0.162510 0.158135 -0.174313 False
0.181486 0.176055 -0.185490 False
0.229071 0.237850 -0.201437 False
0.228839 0.214617 -0.194360 False
0.232028 0.209764 -0.194024 False
0.244574 0.230166 -0.201870 False
0.246291 0.248144 -0.204032 False
0.243414 0.263224 -0.203184 False
0.248320 0.269753 -0.205121 False
0.249857 0.272285 -0.209883 False
0.251391 0.269491 -0.215400 False
0.243903 0.269631 -0.221950 False
0.257367 0.269418 -0.220179 False
0.248472 0.272982 -0.221293 False
0.257219 0.269073 -0.213838 False
0.244444 0.256487 -0.203796 False
0.221815 0.225200 -0.196418 False
0.199349 0.194423 -0.188935 False
0.156339 0.156289 -0.161255 False
0.083172 0.097366 -0.088667 False
0.052809 0.032825 -0.039124 True
0.096957 0.032949 -0.030058 True
0.280847 0.116483 -0.028948 False
0.310550 0.128722 -0.023638 False
0.245463 0.100391 -0.015017 False
0.094735 0.043344 -0.027737 True
0.082683 0.092102 -0.081227 False
0.109617 0.152007 -0.132103 False
0.151339 0.163288 -0.187590 False
0.179424 0.155119 -0.204001 False
0.188748 0.143099 -0.201997 False
0.191214 0.139019 -0.201727 False
0.193646 0.142413 -0.201032 False
0.202599 0.161649 -0.200476 False
0.207928 0.180047 -0.200529 False
0.196462 0.182009 -0.201398 False
0.197755 0.168201 -0.201867 False
0.197901 0.186160 -0.204315 False
0.195164 0.160193 -0.203201 False
0.201564 0.187098 -0.208929 False
0.193289 0.149176 -0.201311 False
0.192720 0.140089 -0.198704 False
0.193942 0.140280 -0.198225 False
0.199079 0.146664 -0.200571 False
0.211162 0.177815 -0.201269 False
0.204346 0.161129 -0.199845 False
0.208936 0.190953 -0.198736 False
0.200525 0.151540 -0.199272 False
0.197581 0.140748 -0.199273 False
0.197440 0.138348 -0.199606 False
0.198714 0.138125 -0.200380 False
0.199805 0.137669 -0.201225 False
0.199993 0.138056 -0.202012 False
0.198617 0.138434 -0.203228 False
0.190790 0.140290 -0.201798 False
0.165466 0.146957 -0.187411 False
0.123748 0.145863 -0.151150 False
0.101153 0.135426 -0.113870 False
0.100131 0.133350 -0.078673 False
0.124993 0.146786 -0.060533 False
0.166887 0.170930 -0.053765 False
0.216460 0.176603 -0.053853 False
0.283579 0.184464 -0.053305 False
0.359622 0.178548 -0.038326 False
0.545823 0.211903 -0.045320 False
0.661466 0.229100 -0.104933 False
0.687045 0.232871 -0.122677 False
0.672830 0.230057 -0.130114 False
0.621226 0.211727 -0.122416 False
0.594478 0.204454 -0.118605 False
0.555451 0.202305 -0.135782 False
0.526506 0.200536 -0.115242 False
0.448819 0.171974 -0.070058 False
0.539729 0.201511 -0.111261 False
0.566745 0.214489 -0.114391 False
0.566301 0.221955 -0.105121 False
0.539667 0.220302 -0.090154 False
0.467323 0.205415 -0.057429 False
0.442535 0.247545 -0.063305 False
0.384269 0.270643 -0.054660 False
0.323058 0.282589 -0.040374 False
0.268726 0.288617 -0.028818 False
0.212002 0.296914 -0.021034 False
0.162231 0.306766 -0.016665 False
0.129327 0.318613 -0.019705 False
0.119310 0.331849 -0.029389 False
0.121885 0.345070 -0.043114 False
0.133695 0.357362 -0.059512 False
0.151383 0.367811 -0.077215 False
0.171591 0.375501 -0.094858 False
0.190962 0.379520 -0.111072 False
0.206139 0.378951 -0.124490 False
0.213764 0.372881 -0.133746 False
0.210482 0.360396 -0.137472 False
0.194039 0.339043 -0.138159 False
0.113124 0.297653 -0.106864 False
0.095877 0.281411 -0.089605 False
0.089511 0.272137 -0.075357 False
0.087515 0.263909 -0.089362 False
0.091020 0.264500 -0.079428 False
0.092055 0.263352 -0.079297 False
0.093489 0.261031 -0.082071 False
0.095340 0.260747 -0.084928 False
0.099509 0.260814 -0.094292 False
0.110843 0.259459 -0.117802 False
0.122533 0.261140 -0.134155 False
0.138432 0.260779 -0.144884 False
0.154888 0.259825 -0.154782 False
0.159393 0.264543 -0.160208 False
0.167288 0.268598 -0.173075 False
0.172021 0.271199 -0.181793 False
0.175735 0.276415 -0.187867 False
0.181956 0.280104 -0.192416 False
0.186199 0.286599 -0.194342 False
0.191211 0.291458 -0.197639 False
0.196008 0.294780 -0.200709 False
0.197709 0.296467 -0.202835 False
0.198364 0.298352 -0.203931 False
0.199409 0.299747 -0.204101 False
0.201920 0.300169 -0.204930 False
0.205370 0.301021 -0.206582 False
0.207874 0.301344 -0.207488 False
0.208583 0.302404 -0.208809 False
0.210744 0.302773 -0.209925 False
0.211645 0.303874 -0.210674 False
0.211423 0.305056 -0.210725 False
0.211737 0.305945 -0.211340 False
0.211834 0.306661 -0.211993 False
0.211247 0.306762 -0.212177 False
0.210383 0.305921 -0.211783 False
0.210273 0.305628 -0.211609 False
0.210513 0.305596 -0.211421 False
0.211165 0.305606 -0.211295 False
0.211097 0.306110 -0.211349 False
0.211302 0.305940 -0.211842 False
0.211196 0.305897 -0.212146 False
0.211299 0.305873 -0.212621 False
0.211547 0.306304 -0.213126 False
0.212601 0.306725 -0.213780 False
0.212409 0.307289 -0.214276 False
0.212993 0.307471 -0.214552 False
0.212887 0.307729 -0.214246 False
0.212755 0.307530 -0.214086 False
0.212767 0.307546 -0.213913 False
0.213336 0.307742 -0.214047 False
0.214112 0.307557 -0.214220 False
0.213750 0.307579 -0.213969 False
0.213782 0.307203 -0.213898 False
0.214570 0.306873 -0.214048 False
0.214219 0.307272 -0.213759 False
0.214318 0.307131 -0.213721 False
0.214151 0.306975 -0.213745 False
0.213429 0.305950 -0.213735 False
0.210150 0.303259 -0.213837 False
0.202883 0.300277 -0.214026 False
0.190158 0.298603 -0.213060 False
0.172637 0.292628 -0.206117 False
0.150518 0.278910 -0.194700 False
0.132189 0.252673 -0.188704 False
0.115793 0.234833 -0.160182 False
0.109155 0.223806 -0.166931 False
0.109991 0.214276 -0.164873 False
0.105686 0.196712 -0.158828 False
0.101860 0.181283 -0.136600 False
0.107694 0.183746 -0.148652 False
0.117964 0.192481 -0.157083 False
0.154698 0.222347 -0.183207 False
0.158577 0.195165 -0.196155 False
0.138951 0.105320 -0.203189 False
0.158677 0.192405 -0.191384 False
0.168574 0.235983 -0.184933 False
0.170798 0.268148 -0.185836 False
0.167930 0.279999 -0.182515 False
0.164877 0.274137 -0.176449 False
0.175008 0.283491 -0.180001 False
0.177884 0.284733 -0.182495 False
0.177703 0.283552 -0.179694 False
0.177676 0.283761 -0.175207 False
0.176364 0.283384 -0.173929 False
0.178024 0.280305 -0.177446 False
0.176620 0.281233 -0.181091 False
0.182239 0.284495 -0.182651 False
0.182889 0.277225 -0.186560 False
0.186536 0.265813 -0.183294 False
0.174451 0.238880 -0.169149 False
0.118629 0.186560 -0.140206 False
0.114807 0.189040 -0.147738 False
0.124016 0.211363 -0.132332 False
0.054077 0.202319 -0.056840 False
0.039049 0.191767 -0.105048 False
0.027714 0.190234 -0.105021 False
0.023109 0.178041 -0.083749 False
0.032230 0.160736 -0.065885 False
0.071355 0.139778 -0.057622 False
0.118849 0.126155 -0.059840 False
0.149726 0.123729 -0.067680 False
0.163718 0.119773 -0.068947 False
0.168456 0.113219 -0.058945 False
0.184929 0.107502 -0.042101 False
0.267648 0.128590 -0.036317 False
0.569869 0.183682 -0.061853 False
0.514470 0.160161 -0.062829 False
0.216848 0.062661 -0.036638 True
0.389314 0.118159 -0.042008 False
0.427842 0.125371 -0.037877 False
0.421893 0.126932 -0.036090 False
0.388614 0.127002 -0.035673 False
0.349837 0.121791 -0.030171 False
0.316789 0.116155 -0.019375 False
0.284363 0.108551 -0.011560 False
0.193098 0.094186 -0.010381 False
0.114611 0.086026 -0.023073 False
0.128265 0.100070 -0.067306 False
0.165634 0.135291 -0.134690 False
0.217088 0.161630 -0.211408 False
0.251326 0.162112 -0.248196 False
0.270482 0.158959 -0.254375 False
0.270609 0.155383 -0.227950 False
0.264325 0.175876 -0.147773 False
0.291605 0.191061 -0.224462 False
0.293456 0.186602 -0.245582 False
0.276977 0.153579 -0.251005 False
0.272762 0.146544 -0.251277 False
0.275729 0.153968 -0.250945 False
0.289801 0.188902 -0.249522 False
0.300258 0.218103 -0.250525 False
0.318101 0.258941 -0.255619 False
0.317336 0.255299 -0.253567 False
0.315132 0.255443 -0.256812 False
0.334022 0.272377 -0.262771 False
0.312513 0.230530 -0.254260 False
0.312822 0.231723 -0.259146 False
0.285240 0.169056 -0.253114 False
0.282959 0.169085 -0.251306 False
0.276407 0.153664 -0.250864 False
0.269471 0.153630 -0.249698 False
0.229812 0.129179 -0.239475 False
0.187953 0.112327 -0.202014 False
0.180918 0.105520 -0.163005 False
0.208086 0.114220 -0.170184 False
0.245712 0.145056 -0.181894 False
0.262105 0.173215 -0.165258 False
0.276327 0.149985 -0.167557 False
0.280936 0.171624 -0.163397 False
0.284434 0.180621 -0.150206 False
0.275041 0.164036 -0.155817 False
0.274234 0.166810 -0.159746 False
0.258653 0.171056 -0.162834 False
0.250285 0.141909 -0.172951 False
0.250163 0.115077 -0.178390 False
0.243864 0.117911 -0.173012 False
0.231236 0.116706 -0.167118 False
0.216029 0.130851 -0.155344 False
0.229962 0.112262 -0.169994 False
0.230369 0.084776 -0.184725 False
0.231819 0.104973 -0.188158 False
0.229375 0.104470 -0.186112 False
0.226756 0.085412 -0.190494 False
0.229494 0.111767 -0.190262 False
0.232034 0.106987 -0.184086 False
0.226696 0.091245 -0.183862 False
0.233714 0.104202 -0.182184 False
0.233787 0.109534 -0.178849 False
0.231935 0.089794 -0.178419 False
0.238198 0.095952 -0.177074 False
0.242289 0.088308 -0.175911 False
0.242098 0.066811 -0.187633 False
0.232756 0.062353 -0.189331 False
0.227429 0.046405 -0.177346 False
0.217374 0.013968 -0.153396 True
0.215372 0.006059 -0.149310 True
0.217290 0.011027 -0.152108 True
0.231454 0.040968 -0.167793 True
0.283831 0.146812 -0.225825 True
0.230962 0.040255 -0.166678 True
0.216366 0.010292 -0.151116 True
0.217829 0.010348 -0.152631 True
0.235777 0.041153 -0.172016 True
0.295999 0.156451 -0.234959 True
0.215597 0.099469 -0.133691 False
0.158214 0.091062 -0.052983 False
0.111270 0.083075 0.014070 False
0.064327 0.075088 0.081122 False
0.017384 0.067101 0.148175 False
-0.029559 0.059114 0.215228 False
-0.076502 0.051127 0.282281 False
-0.123445 0.043140 0.349334 False
-0.170388 0.035153 0.416387 False
-0.217331 0.027166 0.483440 False
-0.264274 0.019179 0.550492 False
-0.311218 0.011192 0.617545 False
-0.358161 0.003205 0.684598 False
-0.405104 -0.004782 0.751651 False
-0.452047 -0.012769 0.818704 False
-0.498990 -0.020756 0.885757 False
-0.545933 -0.028743 0.952810 False
-0.592876 -0.036730 1.019862 False
-0.639819 -0.044717 1.086915 False
-0.686762 -0.052704 1.153968 False
-0.733706 -0.060691 1.221021 False
-0.780649 -0.068678 1.288074 False
-0.827592 -0.076665 1.355127 False
-0.874535 -0.084652 1.422180 False
-0.921478 -0.092639 1.489232 False
-0.968421 -0.100627 1.556285 False
-1.015364 -0.108614 1.623338 False
-1.062307 -0.116601 1.690391 False
-1.109250 -0.124588 1.757444 False
-1.156193 -0.132575 1.824497 False
-1.203137 -0.140562 1.891550 False
-1.250080 -0.148549 1.958602 False
-1.297023 -0.156536 2.025655 False
-1.343966 -0.164523 2.092708 False
-1.390909 -0.172510 2.159761 False
-1.437852 -0.180497 2.226814 False
-1.484795 -0.188484 2.293867 False
-1.531738 -0.196471 2.360920 False
-1.578681 -0.204458 2.427972 False
-1.625625 -0.212445 2.495025 False
-1.672568 -0.220432 2.562078 False
-1.719511 -0.228419 2.629131 False
-1.766454 -0.236406 2.696184 False
-1.813397 -0.244393 2.763237 False
-1.860340 -0.252380 2.830290 False
-1.907283 -0.260367 2.897342 False
-1.954226 -0.268354 2.964395 False
-2.001169 -0.276341 3.031448 False
-2.048113 -0.284328 3.098501 False
-2.095056 -0.292315 3.165554 False
-2.141999 -0.300302 3.232607 False
-2.188942 -0.308289 3.299660 False
-2.235885 -0.316276 3.366712 False
-2.282828 -0.324263 3.433765 False
-2.329771 -0.332250 3.500818 False
-2.376714 -0.340237 3.567871 False
-2.423657 -0.348224 3.634924 False
-2.470601 -0.356211 3.701977 False
-2.517544 -0.364198 3.769030 False
-2.564487 -0.372185 3.836082 False
-2.611430 -0.380172 3.903135 False
-2.658373 -0.388159 3.970188 False
-2.705316 -0.396146 4.037241 False
-2.752259 -0.404133 4.104294 False
-2.799202 -0.412120 4.171347 False
-2.846145 -0.420107 4.238400 False
-2.893088 -0.428094 4.305452 False
-2.940032 -0.436081 4.372505 False
-2.986975 -0.444068 4.439558 False
-3.033918 -0.452055 4.506611 False
-3.080861 -0.460042 4.573664 False
-3.127804 -0.468029 4.640717 False
-3.174747 -0.476016 4.707770 False
-3.221690 -0.484003 4.774822 False
-3.268633 -0.491990 4.841875 False
-3.315576 -0.499977 4.908928 False
-3.362520 -0.507964 4.975981 False
-3.409463 -0.515951 5.043034 False
-3.456406 -0.523938 5.110087 False
-3.503349 -0.531925 5.177140 False
-3.550292 -0.539912 5.244193 False
-3.597235 -0.547899 5.311245 False
-3.644178 -0.555886 5.378298 False
-3.691121 -0.563873 5.445351 False
-3.738064 -0.571860 5.512404 False
-3.785008 -0.579847 5.579457 False
-3.831951 -0.587834 5.646510 False
-3.878894 -0.595821 5.713563 False
-3.925837 -0.603808 5.780615 False
-3.972780 -0.611795 5.847668 False
-4.019723 -0.619782 5.914721 False
-4.066666 -0.627769 5.981774 False
-4.113609 -0.635756 6.048827 False
-4.160552 -0.643743 6.115880 False
-4.207495 -0.651730 6.182933 False
-4.254439 -0.659717 6.249985 False
-4.301382 -0.667704 6.317038 False
-4.348325 -0.675691 6.384091 False
-4.395268 -0.683678 6.451144 False
-4.442211 -0.691665 6.518197 False
-4.489154 -0.699652 6.585250 False
-4.536097 -0.707639 6.652303 False
-4.583040 -0.715626 6.719355 False
-4.629983 -0.723613 6.786408 False
