0.741565 0.184213 -0.422889 False
0.743603 0.185109 -0.424526 False
0.745509 0.185971 -0.426088 False
0.747082 0.186756 -0.427471 False
0.748121 0.187419 -0.428570 False
0.747841 0.187887 -0.429365 False
0.747805 0.188542 -0.429083 False
0.747665 0.187352 -0.428707 False
0.747550 0.187889 -0.428823 False
0.747650 0.188050 -0.428594 False
0.747400 0.187718 -0.428616 False
0.747957 0.186893 -0.428800 False
0.748195 0.187336 -0.428433 False
0.748019 0.187548 -0.428544 False
0.747850 0.187498 -0.428752 False
0.747760 0.187576 -0.428508 False
0.747538 0.187489 -0.428624 False
0.747494 0.187653 -0.429480 False
0.747504 0.187427 -0.429681 False
0.747645 0.187041 -0.429553 False
0.746717 0.187454 -0.429570 False
0.746059 0.189420 -0.429523 False
0.745863 0.190075 -0.429817 False
0.746286 0.191812 -0.430017 False
0.746861 0.191148 -0.430024 False
0.746469 0.190204 -0.429745 False
0.746499 0.190042 -0.429823 False
0.746442 0.190318 -0.429732 False
0.746181 0.190585 -0.429305 False
0.746418 0.189795 -0.429396 False
0.746412 0.190007 -0.429581 False
0.746744 0.189313 -0.429595 False
0.746579 0.189667 -0.429489 False
0.746527 0.189902 -0.429783 False
0.746934 0.189935 -0.430434 False
0.746476 0.189843 -0.430547 False
0.746361 0.190632 -0.430277 False
0.746532 0.190277 -0.429210 False
0.746544 0.191634 -0.429207 False
0.746529 0.190345 -0.429909 False
0.746308 0.189985 -0.429742 False
0.746283 0.189845 -0.429565 False
0.746314 0.190078 -0.430587 False
0.746277 0.190613 -0.430192 False
0.746275 0.189780 -0.430330 False
0.746298 0.189658 -0.430491 False
0.746415 0.189636 -0.429421 False
0.746681 0.189786 -0.429677 False
0.746376 0.191177 -0.430353 False
0.746160 0.190632 -0.430112 False
0.746332 0.190166 -0.430019 False
0.746658 0.189967 -0.429895 False
0.746372 0.189813 -0.430440 False
0.746327 0.189256 -0.430089 False
0.746459 0.189654 -0.430269 False
0.746442 0.190010 -0.429924 False
0.746634 0.190322 -0.429652 False
0.746210 0.190301 -0.429489 False
0.746372 0.190008 -0.429510 False
0.746856 0.189944 -0.429159 False
0.747020 0.189816 -0.428963 False
0.746470 0.189802 -0.429451 False
0.746439 0.189396 -0.430045 False
0.746832 0.189724 -0.430301 False
0.746058 0.189818 -0.429799 False
0.745649 0.190640 -0.430154 False
0.745781 0.190645 -0.430258 False
0.745957 0.191160 -0.430470 False
0.745970 0.190914 -0.430966 False
0.745983 0.192103 -0.431020 False
0.745971 0.191939 -0.430053 False
0.745832 0.190838 -0.430154 False
0.745976 0.190843 -0.430371 False
0.745983 0.191082 -0.430820 False
0.745830 0.190365 -0.431325 False
0.745464 0.190835 -0.430979 False
0.745835 0.191196 -0.430591 False
0.745769 0.190739 -0.430661 False
0.745829 0.190582 -0.430253 False
0.746168 0.190943 -0.429814 False
0.746151 0.191169 -0.430607 False
0.745845 0.190996 -0.430454 False
0.745894 0.190627 -0.430479 False
0.746342 0.190621 -0.430085 False
0.745600 0.190881 -0.430483 False
0.745815 0.190546 -0.430502 False
0.745341 0.190788 -0.430334 False
0.745323 0.190993 -0.430127 False
0.745770 0.190915 -0.430623 False
0.746359 0.191666 -0.430751 False
0.746116 0.190911 -0.430573 False
0.745975 0.191071 -0.430355 False
0.745697 0.190782 -0.430109 False
0.745451 0.191090 -0.430541 False
0.745961 0.191135 -0.430331 False
0.746153 0.190681 -0.430027 False
0.746524 0.190746 -0.430199 False
0.745863 0.190929 -0.430021 False
0.745483 0.190786 -0.430010 False
0.745180 0.191664 -0.430423 False
0.745597 0.190992 -0.430414 False
0.745632 0.190715 -0.430749 False
0.745427 0.191013 -0.430922 False
0.745977 0.191067 -0.430073 False
0.745694 0.190812 -0.430414 False
0.745799 0.191048 -0.431083 False
0.745384 0.190725 -0.431156 False
0.745405 0.190996 -0.431329 False
0.745199 0.192652 -0.431062 False
0.745192 0.192885 -0.431059 False
0.745339 0.192788 -0.430973 False
0.745266 0.192302 -0.430421 False
0.744831 0.192052 -0.430750 False
0.744983 0.192274 -0.430967 False
0.744824 0.192762 -0.430948 False
0.745085 0.192853 -0.430721 False
0.745268 0.192615 -0.431043 False
0.745718 0.191851 -0.430946 False
0.745472 0.192172 -0.431086 False
0.745026 0.192457 -0.431254 False
0.745015 0.192528 -0.431405 False
0.744787 0.191930 -0.431028 False
0.745070 0.193033 -0.431056 False
0.745216 0.192998 -0.430517 False
0.745459 0.192967 -0.430735 False
0.744903 0.193037 -0.431095 False
0.745024 0.192017 -0.431106 False
0.744672 0.192927 -0.430805 False
0.744520 0.192417 -0.430964 False
0.744882 0.192329 -0.430950 False
0.745075 0.192521 -0.430592 False
0.745027 0.191714 -0.430861 False
0.745089 0.191578 -0.430476 False
0.744821 0.191751 -0.430666 False
0.745069 0.190774 -0.430735 False
0.744914 0.190724 -0.431083 False
0.745015 0.191616 -0.430597 False
0.744463 0.193236 -0.430954 False
0.743578 0.192042 -0.431502 False
0.744429 0.192346 -0.430849 False
0.744833 0.193326 -0.430767 False
0.744356 0.193354 -0.431116 False
0.744657 0.193057 -0.430914 False
0.745099 0.192902 -0.430875 False
0.745155 0.192697 -0.430417 False
0.745134 0.192090 -0.430714 False
0.744776 0.192281 -0.430654 False
0.744877 0.192812 -0.430306 False
0.744912 0.192919 -0.430523 False
0.745694 0.192677 -0.430564 False
0.745420 0.191788 -0.430705 False
0.744759 0.191918 -0.431142 False
0.744570 0.192445 -0.431143 False
0.745061 0.192245 -0.431194 False
0.745067 0.192063 -0.431406 False
0.745173 0.191617 -0.430712 False
0.745064 0.192435 -0.430853 False
0.744532 0.192339 -0.430706 False
0.744569 0.191771 -0.431506 False
0.745241 0.192057 -0.431548 False
0.745132 0.192156 -0.430852 False
0.744758 0.191974 -0.430463 False
0.745377 0.191704 -0.431146 False
0.744736 0.191426 -0.430950 False
0.744991 0.191940 -0.430870 False
0.744664 0.192407 -0.430710 False
0.744472 0.191506 -0.430570 False
0.744661 0.191695 -0.430407 False
0.744973 0.193619 -0.430694 False
0.744644 0.192464 -0.431108 False
0.745048 0.191657 -0.430852 False
0.745189 0.191535 -0.430941 False
0.745111 0.191796 -0.430741 False
0.744648 0.191603 -0.430470 False
0.744285 0.192630 -0.430717 False
0.744490 0.192845 -0.429893 False
0.744449 0.192600 -0.430183 False
0.744694 0.192448 -0.430572 False
0.745121 0.192098 -0.430306 False
0.745087 0.191755 -0.430494 False
0.744838 0.192487 -0.430894 False
0.745008 0.192113 -0.430617 False
0.744568 0.191579 -0.430119 False
0.744764 0.191462 -0.430324 False
0.745353 0.191632 -0.430439 False
0.745068 0.192320 -0.430635 False
0.744979 0.192217 -0.430087 False
0.745030 0.192259 -0.430196 False
0.744572 0.192447 -0.430487 False
0.744746 0.192549 -0.430467 False
0.744403 0.192106 -0.430751 False
0.744443 0.192367 -0.431016 False
0.744721 0.192586 -0.430641 False
0.744633 0.192027 -0.429904 False
0.744446 0.192981 -0.430122 False
0.744602 0.192786 -0.430994 False
0.744792 0.192813 -0.431027 False
0.744550 0.192942 -0.430728 False
0.744175 0.193068 -0.430744 False
0.744202 0.192017 -0.430882 False
0.743985 0.191484 -0.430688 False
0.744293 0.191619 -0.431419 False
0.744521 0.191556 -0.430567 False
0.744423 0.191747 -0.430457 False
0.744528 0.191659 -0.430980 False
0.744398 0.192124 -0.431214 False
0.744498 0.192016 -0.431048 False
0.744924 0.192309 -0.431114 False
0.744523 0.193468 -0.431167 False
0.744599 0.194683 -0.430923 False
0.744636 0.193243 -0.430302 False
0.744677 0.192489 -0.430674 False
0.744452 0.192127 -0.430758 False
0.744494 0.192194 -0.430861 False
0.744848 0.192093 -0.431033 False
0.744445 0.192315 -0.430756 False
0.744320 0.193253 -0.430977 False
0.744260 0.193292 -0.431658 False
0.744701 0.193275 -0.431344 False
0.744250 0.193208 -0.431009 False
0.744395 0.191888 -0.431223 False
0.744758 0.191552 -0.430789 False
0.744576 0.192170 -0.430659 False
0.744969 0.192796 -0.430307 False
0.744632 0.192377 -0.431714 False
0.744389 0.192487 -0.431014 False
0.744395 0.193052 -0.430520 False
0.744570 0.194067 -0.430761 False
0.744771 0.194160 -0.431256 False
0.745025 0.192941 -0.431434 False
0.745407 0.192301 -0.431211 False
0.744750 0.193105 -0.431274 False
0.744361 0.193055 -0.431171 False
0.744189 0.193386 -0.431309 False
0.744456 0.192762 -0.431474 False
0.744675 0.193403 -0.431073 False
0.744400 0.193253 -0.431256 False
0.744351 0.193545 -0.431278 False
0.745004 0.193206 -0.431211 False
0.744338 0.192938 -0.431508 False
0.744307 0.192744 -0.431277 False
0.744269 0.193044 -0.431435 False
0.744126 0.193626 -0.431608 False
0.744211 0.193575 -0.431461 False
0.744681 0.192945 -0.430978 False
0.744967 0.193096 -0.430667 False
0.745786 0.192486 -0.432018 False
0.745558 0.192040 -0.434317 False
0.740198 0.195446 -0.442117 False
0.726983 0.222877 -0.442961 False
0.681195 0.270250 -0.431566 False
0.596512 0.339454 -0.387146 False
0.495162 0.380848 -0.314058 False
0.423618 0.395323 -0.269695 False
0.363228 0.393192 -0.233823 False
0.313056 0.377851 -0.205552 False
0.272166 0.352695 -0.183990 False
0.239620 0.321120 -0.168246 False
0.214482 0.286519 -0.157429 False
0.195816 0.252290 -0.150645 False
0.182685 0.221827 -0.147005 False
0.173841 0.201526 -0.145178 False
0.169079 0.187848 -0.145286 False
0.167884 0.180255 -0.147013 False
0.169739 0.178208 -0.150042 False
0.174130 0.181169 -0.154059 False
0.180539 0.188598 -0.158746 False
0.188452 0.199959 -0.163786 False
0.197351 0.214712 -0.168865 False
0.206723 0.232319 -0.173665 False
0.216050 0.252241 -0.177870 False
0.224136 0.275639 -0.180709 False
0.232069 0.298048 -0.182917 False
0.240256 0.316702 -0.184771 False
0.249104 0.328835 -0.186550 False
0.259019 0.331681 -0.188534 False
0.270409 0.322474 -0.191002 False
0.283680 0.298448 -0.194232 False
0.299240 0.256837 -0.198502 False
0.325290 0.173406 -0.208756 False
0.334543 0.100215 -0.208613 False
0.341193 0.067201 -0.207334 False
0.342144 0.054521 -0.203369 False
0.336672 0.058943 -0.196655 False
0.324052 0.077235 -0.187131 False
0.303560 0.106165 -0.174734 False
0.263687 0.155380 -0.149571 False
0.239161 0.172859 -0.145278 False
0.220205 0.182449 -0.149277 False
0.207090 0.188973 -0.159984 False
0.200089 0.197253 -0.175815 False
0.199473 0.212112 -0.195185 False
0.209809 0.254225 -0.220935 False
0.221252 0.291784 -0.241257 False
0.222575 0.285541 -0.233128 False
0.221163 0.282139 -0.238542 False
0.220176 0.275875 -0.240029 False
0.228333 0.273856 -0.224176 False
0.229995 0.267831 -0.213733 False
0.229769 0.260223 -0.203153 False
0.228017 0.251448 -0.192662 False
0.225099 0.241922 -0.182489 False
0.221376 0.232063 -0.172862 False
0.217207 0.222286 -0.164009 False
0.212953 0.213009 -0.156156 False
0.208976 0.204647 -0.149533 False
0.205635 0.197618 -0.144366 False
0.203290 0.192339 -0.140884 False
0.203162 0.189804 -0.140347 False
0.203289 0.189735 -0.139751 False
0.203351 0.189450 -0.140461 False
0.203353 0.189997 -0.140741 False
0.203488 0.190364 -0.141019 False
0.204027 0.191306 -0.140906 False
0.204317 0.191571 -0.141248 False
0.203792 0.191820 -0.140814 False
0.203237 0.192406 -0.140318 False
0.203303 0.193894 -0.140210 False
0.203672 0.195964 -0.140278 False
0.204314 0.198563 -0.140508 False
0.205202 0.201640 -0.140887 False
0.206305 0.205141 -0.141401 False
0.207595 0.209015 -0.142039 False
0.209042 0.213208 -0.142786 False
0.210618 0.217669 -0.143629 False
0.212293 0.222344 -0.144557 False
0.214038 0.227182 -0.145555 False
0.215825 0.232130 -0.146610 False
0.217623 0.237136 -0.147710 False
0.219404 0.242147 -0.148842 False
0.221138 0.247110 -0.149992 False
0.222798 0.251974 -0.151147 False
0.224352 0.256686 -0.152294 False
0.225773 0.261192 -0.153421 False
0.227032 0.265442 -0.154514 False
0.228098 0.269383 -0.155560 False
0.228943 0.272961 -0.156546 False
0.229539 0.276125 -0.157460 False
0.229855 0.278822 -0.158287 False
0.229862 0.280999 -0.159015 False
0.229533 0.282605 -0.159631 False
0.228836 0.283587 -0.160122 False
0.227744 0.283892 -0.160475 False
0.226227 0.283468 -0.160677 False
0.224257 0.282262 -0.160714 False
0.221803 0.280223 -0.160574 False
0.218837 0.277297 -0.160243 False
0.215329 0.273432 -0.159709 False
0.211252 0.268575 -0.158959 False
0.206574 0.262675 -0.157979 False
0.201269 0.255679 -0.156757 False
0.195305 0.247534 -0.155278 False
0.186739 0.236356 -0.152888 False
0.180054 0.226325 -0.151059 False
0.181576 0.222532 -0.152008 False
0.185021 0.220995 -0.153365 False
0.185624 0.220232 -0.152725 False
0.181424 0.218982 -0.148214 False
0.201059 0.217920 -0.165788 False
0.190032 0.219149 -0.157267 False
0.190081 0.204767 -0.160147 False
0.195169 0.195020 -0.166438 False
0.210296 0.213126 -0.177846 False
0.229955 0.237230 -0.190698 False
0.251774 0.259090 -0.202949 False
0.273376 0.270464 -0.212550 False
0.292386 0.263112 -0.217456 False
0.303791 0.212143 -0.212023 False
0.311434 0.147787 -0.202511 False
0.316521 0.083625 -0.191581 False
0.321019 0.044974 -0.183999 False
0.324335 0.018293 -0.177574 False
0.326638 0.001777 -0.172215 False
0.328096 -0.006380 -0.167834 False
0.328881 -0.007981 -0.164340 False
0.329160 -0.004833 -0.161644 False
0.329104 0.001261 -0.159656 False
0.328882 0.008495 -0.158286 False
0.328664 0.015064 -0.157446 False
0.329005 0.017011 -0.156966 False
0.328340 0.018029 -0.157263 False
0.328023 0.017383 -0.157401 False
0.328518 0.017893 -0.157414 False
0.332751 0.017017 -0.157216 False
0.351219 0.015896 -0.155959 False
0.361319 0.014920 -0.155916 False
0.369482 0.013926 -0.156311 False
0.375854 0.012938 -0.157068 False
0.380585 0.011979 -0.158111 False
0.383820 0.011074 -0.159365 False
0.385708 0.010246 -0.160755 False
0.386397 0.009519 -0.162203 False
0.386034 0.008917 -0.163635 False
0.384766 0.008464 -0.164975 False
0.382741 0.008184 -0.166147 False
0.380107 0.008101 -0.167076 False
0.377012 0.008238 -0.167685 False
0.373602 0.008620 -0.167899 False
0.370025 0.009270 -0.167643 False
0.366430 0.010212 -0.166840 False
0.362963 0.011470 -0.165415 False
0.359772 0.013068 -0.163292 False
0.357134 0.015623 -0.159509 False
0.354893 0.017789 -0.156037 False
0.352035 0.017978 -0.154992 False
0.352644 0.016810 -0.155297 False
0.353274 0.016477 -0.156904 False
0.353420 0.018304 -0.154914 False
0.355567 0.017546 -0.155729 False
0.357809 0.014522 -0.159070 False
0.356438 0.014407 -0.157603 False
0.354882 0.015198 -0.155620 False
0.356763 0.018476 -0.155664 False
0.357477 0.015700 -0.156520 False
0.356106 0.015533 -0.157374 False
0.353850 0.016690 -0.154831 False
0.354531 0.017996 -0.155052 False
0.353142 0.017997 -0.153866 False
0.354367 0.016801 -0.154393 False
0.352372 0.015839 -0.153360 False
0.351057 0.015669 -0.153091 False
0.349510 0.015963 -0.152377 False
0.346601 0.018026 -0.153110 False
0.346521 0.016361 -0.152829 False
0.351136 0.015714 -0.153284 False
0.353100 0.015606 -0.153578 False
0.350449 0.016350 -0.152565 False
0.350795 0.017031 -0.152118 False
0.355043 0.016495 -0.152688 False
0.355215 0.017466 -0.155194 False
0.353879 0.031572 -0.168724 False
0.349825 0.097607 -0.224914 False
0.346478 0.153141 -0.271561 False
0.348623 0.124033 -0.245708 False
0.351840 0.076137 -0.203830 False
0.354451 0.033026 -0.166319 False
0.352873 0.044068 -0.175573 False
0.346562 0.118365 -0.240941 False
0.351334 0.041716 -0.175822 False
0.354878 0.020007 -0.158296 False
0.353352 0.017465 -0.153419 False
0.350437 0.015425 -0.151528 False
0.352990 0.015586 -0.153205 False
0.353768 0.016909 -0.154389 False
0.354208 0.017679 -0.153978 False
0.353431 0.019266 -0.154867 False
0.353760 0.016917 -0.155075 False
0.353766 0.017698 -0.153885 False
0.352901 0.017625 -0.153529 False
0.349991 0.017532 -0.153488 False
0.341713 0.017306 -0.153745 False
0.330925 0.018265 -0.155525 False
0.328419 0.018449 -0.155846 False
0.327932 0.018028 -0.155441 False
0.328920 0.016897 -0.155153 False
0.328690 0.017645 -0.156570 False
0.328780 0.016212 -0.157220 False
0.329154 0.016241 -0.156910 False
0.328762 0.017907 -0.155267 False
0.328870 0.017715 -0.155733 False
0.329064 0.016998 -0.156465 False
0.329277 0.015940 -0.156960 False
0.329380 0.014255 -0.155847 False
0.329438 0.013210 -0.154629 False
0.329457 0.013605 -0.153939 False
0.329732 0.014820 -0.155129 False
0.330154 0.016082 -0.153953 False
0.330620 0.028846 -0.158960 False
0.324071 0.087909 -0.176683 False
0.312164 0.158627 -0.195645 False
0.294438 0.226602 -0.210236 False
0.270432 0.277440 -0.214844 False
0.229816 0.274090 -0.187809 False
0.195376 0.254510 -0.160595 False
0.198291 0.245802 -0.168035 False
0.208467 0.236006 -0.180683 False
0.202969 0.217540 -0.180027 False
0.196854 0.219163 -0.178187 False
0.193164 0.222068 -0.158973 False
0.190392 0.219121 -0.157704 False
0.188759 0.214969 -0.161183 False
0.188434 0.210352 -0.167424 False
0.189588 0.206013 -0.174444 False
0.192392 0.202692 -0.180256 False
0.192476 0.198281 -0.179178 False
0.200706 0.200108 -0.177766 False
0.217156 0.209479 -0.176016 False
0.281215 0.256606 -0.187019 False
0.364461 0.307583 -0.209036 False
0.456819 0.346914 -0.243945 False
0.553723 0.343562 -0.308330 False
0.621846 0.310634 -0.363249 False
0.661658 0.271847 -0.401646 False
0.682366 0.244806 -0.424576 False
0.693843 0.225658 -0.437586 False
0.705163 0.207148 -0.446732 False
0.710805 0.202473 -0.451994 False
0.712787 0.211628 -0.455814 False
0.716305 0.214074 -0.457097 False
0.718680 0.212694 -0.454567 False
0.720130 0.207873 -0.450589 False
0.725378 0.195848 -0.445556 False
0.726297 0.193013 -0.444416 False
0.726053 0.193966 -0.444402 False
0.726551 0.193203 -0.444646 False
0.726377 0.193796 -0.444455 False
0.725790 0.194566 -0.444783 False
0.725775 0.193379 -0.444867 False
0.726013 0.194005 -0.444373 False
0.725835 0.193600 -0.444159 False
0.726035 0.193347 -0.444257 False
0.726352 0.193839 -0.444396 False
0.726458 0.193160 -0.444551 False
0.726550 0.192994 -0.444751 False
0.726246 0.194164 -0.444545 False
0.725763 0.194729 -0.444977 False
0.725560 0.195684 -0.444794 False
0.726191 0.193599 -0.444319 False
0.726067 0.193388 -0.443987 False
0.726301 0.192945 -0.444021 False
0.725776 0.193949 -0.444502 False
0.726400 0.193920 -0.444282 False
0.726487 0.194364 -0.444478 False
0.726406 0.194772 -0.444196 False
0.725900 0.193757 -0.444196 False
0.725589 0.193897 -0.444521 False
0.725275 0.194356 -0.443943 False
0.725633 0.196526 -0.444208 False
0.726640 0.195689 -0.444377 False
0.726227 0.196307 -0.444265 False
0.726304 0.195002 -0.444194 False
0.726633 0.192924 -0.444451 False
0.726015 0.193343 -0.444608 False
0.726126 0.193212 -0.444401 False
0.725369 0.194971 -0.444478 False
0.725828 0.193337 -0.444453 False
0.725849 0.193545 -0.444370 False
0.725443 0.195065 -0.444517 False
0.725670 0.193538 -0.444164 False
0.726161 0.194151 -0.444829 False
0.726204 0.194083 -0.444708 False
0.725947 0.193211 -0.444467 False
0.726338 0.193796 -0.444661 False
0.726507 0.193037 -0.444564 False
0.726336 0.193807 -0.444539 False
0.726220 0.197435 -0.444497 False
0.726191 0.194607 -0.444476 False
0.726132 0.193587 -0.444291 False
0.725722 0.192355 -0.444162 False
0.725377 0.192803 -0.444292 False
0.725281 0.193830 -0.444428 False
0.725856 0.193646 -0.444290 False
0.726436 0.193289 -0.444095 False
0.726715 0.194470 -0.444453 False
0.727423 0.193514 -0.444094 False
0.726812 0.193743 -0.443818 False
0.726732 0.192961 -0.444442 False
0.726223 0.193280 -0.443910 False
0.725884 0.194273 -0.444157 False
0.726125 0.195188 -0.444658 False
0.725964 0.197766 -0.444333 False
0.725865 0.194565 -0.444096 False
0.726059 0.193396 -0.444418 False
0.725958 0.194130 -0.444012 False
0.726189 0.194054 -0.444062 False
0.726097 0.193130 -0.444275 False
0.725803 0.193127 -0.444422 False
0.726172 0.193143 -0.444259 False
0.726415 0.193453 -0.444523 False
0.726612 0.193228 -0.444279 False
0.726608 0.193591 -0.443979 False
0.726686 0.195240 -0.444073 False
0.726104 0.193881 -0.444111 False
0.726759 0.193208 -0.444175 False
0.726589 0.193158 -0.443990 False
0.726594 0.193597 -0.444223 False
0.725992 0.193694 -0.444111 False
0.726392 0.193568 -0.444079 False
0.726630 0.192972 -0.444037 False
0.726588 0.192831 -0.444411 False
0.726365 0.193367 -0.444456 False
0.726660 0.192952 -0.444221 False
0.726496 0.192309 -0.444348 False
0.726527 0.192444 -0.444245 False
0.726443 0.193033 -0.444102 False
0.726515 0.193188 -0.444441 False
0.727247 0.193474 -0.443991 False
0.726542 0.192549 -0.443968 False
0.725962 0.193216 -0.443763 False
0.726355 0.193509 -0.444373 False
0.726368 0.193219 -0.444409 False
0.726660 0.193562 -0.444164 False
0.726407 0.193649 -0.444134 False
0.726146 0.194944 -0.444290 False
0.726486 0.194436 -0.444590 False
0.726672 0.193751 -0.444038 False
0.726382 0.192911 -0.444064 False
0.726250 0.193216 -0.444209 False
0.726272 0.192896 -0.444259 False
0.725637 0.194041 -0.444238 False
0.726147 0.192849 -0.444115 False
0.726037 0.193931 -0.444110 False
0.726410 0.193778 -0.444236 False
0.726169 0.193623 -0.444724 False
0.725529 0.194403 -0.444233 False
0.725366 0.192755 -0.443948 False
0.726062 0.193256 -0.443922 False
0.726184 0.194233 -0.443990 False
0.726540 0.192391 -0.443864 False
0.726565 0.192822 -0.443692 False
0.726224 0.192610 -0.443829 False
0.726310 0.192662 -0.444010 False
0.726324 0.192315 -0.443856 False
0.726442 0.192713 -0.443626 False
0.726708 0.192863 -0.443953 False
0.726242 0.193105 -0.443993 False
0.726215 0.193406 -0.444269 False
0.725906 0.194391 -0.443883 False
0.726252 0.192836 -0.443754 False
0.726538 0.193522 -0.444008 False
0.726760 0.193715 -0.444173 False
0.726673 0.193125 -0.444539 False
0.726531 0.192397 -0.443896 False
0.726324 0.192966 -0.443865 False
0.726159 0.193320 -0.444493 False
0.725950 0.192637 -0.443947 False
0.725689 0.193480 -0.444199 False
0.726221 0.193705 -0.444264 False
0.726060 0.193325 -0.444132 False
0.726096 0.193838 -0.444070 False
0.725632 0.195313 -0.444095 False
0.725961 0.192882 -0.443859 False
0.726072 0.192962 -0.444315 False
0.726265 0.193420 -0.444194 False
0.725726 0.196258 -0.443955 False
0.725873 0.194531 -0.443988 False
0.727022 0.192778 -0.444385 False
0.726799 0.193331 -0.444358 False
0.726320 0.193190 -0.444492 False
0.726537 0.193497 -0.444082 False
0.726484 0.196449 -0.444435 False
0.726592 0.194823 -0.444526 False
0.726381 0.193349 -0.444091 False
0.726418 0.192891 -0.444263 False
0.726505 0.193445 -0.444558 False
0.726630 0.193360 -0.444527 False
0.726481 0.193313 -0.444245 False
0.726186 0.193186 -0.443986 False
0.726546 0.192576 -0.444078 False
0.726420 0.192637 -0.444207 False
0.725932 0.194612 -0.444088 False
0.725872 0.194535 -0.443948 False
0.726521 0.193094 -0.444094 False
0.726634 0.193451 -0.444851 False
0.726430 0.194849 -0.444837 False
0.726277 0.193158 -0.444458 False
0.726681 0.193328 -0.444514 False
0.726362 0.192302 -0.444470 False
0.726489 0.192149 -0.444280 False
0.726615 0.192316 -0.444179 False
0.726396 0.192546 -0.444852 False
0.725950 0.193066 -0.444323 False
0.725971 0.193234 -0.444561 False
0.726463 0.193507 -0.444316 False
0.726367 0.192932 -0.444101 False
0.726069 0.195405 -0.443968 False
0.726115 0.194229 -0.444130 False
0.726299 0.193833 -0.444390 False
0.726120 0.193717 -0.444182 False
0.725615 0.193995 -0.444122 False
0.725829 0.193114 -0.444179 False
0.726487 0.192368 -0.444442 False
0.726604 0.192592 -0.444345 False
0.726327 0.192680 -0.444315 False
0.726419 0.192563 -0.444295 False
0.726523 0.192376 -0.444226 False
0.726396 0.192903 -0.443829 False
0.726198 0.192907 -0.444043 False
0.726330 0.192347 -0.444113 False
0.725579 0.192051 -0.443683 False
0.726501 0.191959 -0.443911 False
0.726616 0.191938 -0.443751 False
0.726808 0.192134 -0.443864 False
0.726687 0.192797 -0.444041 False
0.726485 0.192574 -0.444027 False
0.726775 0.193854 -0.443898 False
0.726581 0.193693 -0.443935 False
0.726498 0.192771 -0.444158 False
0.726679 0.193734 -0.443936 False
0.726758 0.192629 -0.443859 False
0.726564 0.192685 -0.443779 False
0.726399 0.194004 -0.443990 False
0.726470 0.192887 -0.443931 False
0.725914 0.193629 -0.444641 False
0.725977 0.193566 -0.444160 False
0.726223 0.193009 -0.444401 False
0.726382 0.193161 -0.444435 False
0.726092 0.193263 -0.444342 False
0.726207 0.193086 -0.444322 False
0.726436 0.192745 -0.444483 False
0.726373 0.192781 -0.444441 False
0.726204 0.194381 -0.444114 False
0.726676 0.193292 -0.444473 False
0.726081 0.192651 -0.444174 False
0.726214 0.192637 -0.444081 False
0.726649 0.193744 -0.444026 False
0.726497 0.193070 -0.443907 False
0.726036 0.192322 -0.444395 False
0.726230 0.192741 -0.444122 False
0.726478 0.192454 -0.444015 False
0.726564 0.192785 -0.444311 False
0.726686 0.193307 -0.444004 False
0.726714 0.192140 -0.444154 False
0.726724 0.192702 -0.443997 False
0.726733 0.193302 -0.444155 False
0.726721 0.192450 -0.444498 False
0.726320 0.191943 -0.444265 False
0.725737 0.192771 -0.443955 False
0.726306 0.192859 -0.444351 False
0.726297 0.192955 -0.444446 False
0.725971 0.192504 -0.444346 False
0.726399 0.192875 -0.444316 False
0.726512 0.193789 -0.444442 False
0.726827 0.192971 -0.444499 False
0.726724 0.193014 -0.444599 False
0.726568 0.192662 -0.444414 False
0.726353 0.192645 -0.444279 False
0.726336 0.193007 -0.444081 False
0.726609 0.194281 -0.443927 False
0.726577 0.193370 -0.444042 False
0.726191 0.193909 -0.444513 False
0.726517 0.194730 -0.444452 False
0.726672 0.194017 -0.444127 False
0.726690 0.194221 -0.444399 False
0.726609 0.193536 -0.443927 False
0.726579 0.193267 -0.444098 False
0.726647 0.192856 -0.443801 False
0.726545 0.192037 -0.443911 False
0.726437 0.192140 -0.444186 False
0.726395 0.193618 -0.443998 False
0.726322 0.193911 -0.443676 False
0.726426 0.192649 -0.443940 False
0.726042 0.192523 -0.443863 False
0.725937 0.193038 -0.443802 False
0.725932 0.193445 -0.444123 False
0.726189 0.192793 -0.444061 False
0.726551 0.192892 -0.444004 False
0.726838 0.193695 -0.444357 False
0.727610 0.193078 -0.444803 False
0.726902 0.194478 -0.444307 False
0.726556 0.193573 -0.444239 False
0.726212 0.193555 -0.444014 False
0.726278 0.193460 -0.444115 False
0.726565 0.192493 -0.443625 False
0.726567 0.192157 -0.443826 False
0.726930 0.191778 -0.443936 False
0.728313 0.192348 -0.444264 False
0.726869 0.192618 -0.443823 False
0.726315 0.193689 -0.443802 False
0.726341 0.192738 -0.444177 False
0.726594 0.193066 -0.444264 False
0.726539 0.194489 -0.444231 False
0.726319 0.192964 -0.444444 False
0.726387 0.193100 -0.444299 False
0.726766 0.192681 -0.444075 False
0.726804 0.192393 -0.443860 False
0.726979 0.192785 -0.444260 False
0.726654 0.194417 -0.444461 False
0.726447 0.192792 -0.444361 False
0.726206 0.192332 -0.444282 False
0.726055 0.192179 -0.444139 False
0.726927 0.191978 -0.444232 False
0.726931 0.191886 -0.444290 False
0.727007 0.192204 -0.444094 False
0.726660 0.192402 -0.443884 False
0.726483 0.192047 -0.444472 False
0.726560 0.192104 -0.444879 False
0.726589 0.192717 -0.444453 False
0.726626 0.193245 -0.444359 False
0.726775 0.192320 -0.444286 False
0.726819 0.192168 -0.443607 False
0.727415 0.191809 -0.444046 False
0.726998 0.191602 -0.443833 False
0.727640 0.191703 -0.443985 False
0.726706 0.192443 -0.444434 False
0.726386 0.192620 -0.444477 False
0.726583 0.192741 -0.444212 False
0.726284 0.193864 -0.444172 False
0.726949 0.192371 -0.443814 False
0.727353 0.192156 -0.444355 False
0.726555 0.191833 -0.444390 False
0.726322 0.191966 -0.443982 False
0.726023 0.192361 -0.444390 False
0.725885 0.192920 -0.444345 False
0.726055 0.192543 -0.444143 False
0.726415 0.191935 -0.443937 False
0.726327 0.192403 -0.443785 False
0.726789 0.191820 -0.443960 False
0.726982 0.191331 -0.443748 False
0.727284 0.191586 -0.443795 False
0.726940 0.192155 -0.444234 False
0.726830 0.192383 -0.444431 False
0.726779 0.192242 -0.443824 False
0.727197 0.192282 -0.443753 False
0.726786 0.194227 -0.444051 False
0.726543 0.193140 -0.444395 False
0.726692 0.192812 -0.444268 False
0.726493 0.192744 -0.443995 False
0.726508 0.193126 -0.444193 False
0.726477 0.193677 -0.444631 False
0.726602 0.196376 -0.444501 False
0.726641 0.192722 -0.444788 False
0.726075 0.192117 -0.444491 False
0.725727 0.192539 -0.444144 False
0.726197 0.192543 -0.444651 False
0.726285 0.193322 -0.445420 False
0.726168 0.192828 -0.444904 False
0.726387 0.192328 -0.444317 False
0.726850 0.192742 -0.444439 False
0.727152 0.193141 -0.444348 False
0.726199 0.192960 -0.443996 False
0.726003 0.193598 -0.443975 False
0.725758 0.193903 -0.444280 False
0.725613 0.195746 -0.444459 False
0.725956 0.194587 -0.444345 False
0.726067 0.193621 -0.444280 False
0.726198 0.193872 -0.444242 False
0.726644 0.192957 -0.444103 False
0.726390 0.193075 -0.444084 False
0.726867 0.196204 -0.444549 False
0.726255 0.196384 -0.444393 False
0.726126 0.193816 -0.444377 False
0.726351 0.194396 -0.444536 False
0.725839 0.196682 -0.444148 False
0.726462 0.193822 -0.443850 False
0.726013 0.193739 -0.444095 False
0.726380 0.192104 -0.443990 False
0.726780 0.192255 -0.444215 False
0.726546 0.191874 -0.444145 False
0.726029 0.192322 -0.444183 False
0.725512 0.193336 -0.444409 False
0.726156 0.192775 -0.444723 False
0.725783 0.192838 -0.444230 False
0.726360 0.193277 -0.444037 False
0.726263 0.192408 -0.444238 False
0.725883 0.192799 -0.444221 False
0.726108 0.192214 -0.443837 False
0.727085 0.192575 -0.443848 False
0.726641 0.193364 -0.443813 False
0.726142 0.194705 -0.443646 False
0.725824 0.193890 -0.444143 False
0.726547 0.195602 -0.444825 False
0.726345 0.193211 -0.444815 False
0.726225 0.193235 -0.444351 False
0.726544 0.192747 -0.444582 False
0.726640 0.192657 -0.444550 False
0.726016 0.192527 -0.444576 False
0.726249 0.191984 -0.444745 False
0.726409 0.192271 -0.444213 False
0.726339 0.193256 -0.444043 False
0.726350 0.192764 -0.444359 False
0.726448 0.192367 -0.444182 False
0.726126 0.192460 -0.443767 False
0.726132 0.192961 -0.444318 False
0.726105 0.192950 -0.444417 False
0.726521 0.193962 -0.444703 False
0.726418 0.195329 -0.444415 False
0.726555 0.195523 -0.444280 False
0.726511 0.193053 -0.444128 False
0.726198 0.192698 -0.444179 False
0.726134 0.194397 -0.444336 False
0.726342 0.195262 -0.444001 False
0.726509 0.192758 -0.444028 False
0.726418 0.192361 -0.444044 False
0.726498 0.193810 -0.444062 False
0.726385 0.193774 -0.444040 False
0.727099 0.193664 -0.444269 False
0.726712 0.193394 -0.444370 False
0.726567 0.195891 -0.444084 False
0.726480 0.192595 -0.444464 False
0.727476 0.192674 -0.445081 False
0.726776 0.192456 -0.444652 False
0.726434 0.193488 -0.443959 False
0.726499 0.197650 -0.443579 False
0.726337 0.194077 -0.444015 False
0.726271 0.195714 -0.444445 False
0.726119 0.194055 -0.444584 False
0.726176 0.197145 -0.444680 False
0.726523 0.193256 -0.444371 False
0.725940 0.193404 -0.444173 False
0.726637 0.192858 -0.444133 False
0.726935 0.192689 -0.444117 False
0.726376 0.193014 -0.443511 False
0.726161 0.192510 -0.443712 False
0.726297 0.192549 -0.443605 False
0.726338 0.193548 -0.444132 False
0.726494 0.193986 -0.444130 False
0.726901 0.192999 -0.444178 False
0.726231 0.192800 -0.443924 False
0.725942 0.192303 -0.444218 False
0.725664 0.192253 -0.444213 False
0.726063 0.192716 -0.444538 False
0.726514 0.194718 -0.444231 False
0.726401 0.195186 -0.443643 False
0.726622 0.197558 -0.443896 False
0.726519 0.193715 -0.443823 False
0.726149 0.193636 -0.444184 False
0.726018 0.193694 -0.444468 False
0.725869 0.193704 -0.443964 False
0.726232 0.193534 -0.444354 False
0.726413 0.192815 -0.444153 False
0.726606 0.193334 -0.444040 False
0.726115 0.192770 -0.443362 False
0.726058 0.192654 -0.443849 False
0.726053 0.192355 -0.444359 False
0.726067 0.192970 -0.444357 False
0.726128 0.193375 -0.444473 False
0.726363 0.193189 -0.444421 False
0.726422 0.193248 -0.444046 False
0.726406 0.193800 -0.444150 False
0.725913 0.194153 -0.443982 False
0.726353 0.192772 -0.444202 False
0.726350 0.192921 -0.444169 False
0.726439 0.192898 -0.444286 False
0.726192 0.194813 -0.443795 False
0.727201 0.195272 -0.443828 False
0.726599 0.194518 -0.444009 False
0.726695 0.193830 -0.444069 False
0.726773 0.193055 -0.444135 False
0.726635 0.194114 -0.443814 False
0.726409 0.193973 -0.444230 False
0.726345 0.194326 -0.443987 False
0.726450 0.194006 -0.444212 False
0.726204 0.194433 -0.444331 False
0.726511 0.194372 -0.444491 False
0.726572 0.193805 -0.444516 False
0.726508 0.194760 -0.444465 False
0.726472 0.196655 -0.444330 False
0.726167 0.194869 -0.443700 False
0.726583 0.195856 -0.444119 False
0.727422 0.195489 -0.444123 False
0.726839 0.195080 -0.444217 False
0.726724 0.194472 -0.444026 False
0.726479 0.197868 -0.443831 False
0.726277 0.193592 -0.444779 False
0.726367 0.192751 -0.444046 False
0.726355 0.192890 -0.443820 False
0.726413 0.193948 -0.443577 False
0.725948 0.193879 -0.443942 False
0.726005 0.194196 -0.443977 False
0.726157 0.195579 -0.443866 False
0.725987 0.194536 -0.443940 False
0.726563 0.193944 -0.444507 False
0.726354 0.194464 -0.444416 False
0.726089 0.198528 -0.444422 False
0.726402 0.194766 -0.444078 False
0.726515 0.193803 -0.443784 False
0.726398 0.195989 -0.443944 False
0.726669 0.201994 -0.444403 False
0.726622 0.196456 -0.444543 False
0.726569 0.193183 -0.444739 False
0.726421 0.193183 -0.444860 False
0.726143 0.192990 -0.444186 False
0.726307 0.194060 -0.443955 False
0.726542 0.194145 -0.444212 False
0.726608 0.193407 -0.443831 False
0.726649 0.193654 -0.444202 False
0.726610 0.193924 -0.444389 False
0.726531 0.194505 -0.444180 False
0.726234 0.195115 -0.444261 False
0.725969 0.194230 -0.444180 False
0.725960 0.192866 -0.443830 False
0.726708 0.194323 -0.443631 False
0.726752 0.192777 -0.443708 False
0.726604 0.192933 -0.444182 False
0.726607 0.195152 -0.444326 False
0.726656 0.194555 -0.444468 False
0.726819 0.194073 -0.444419 False
0.726481 0.193484 -0.444125 False
0.726632 0.196151 -0.444693 False
0.726655 0.196473 -0.444499 False
0.726820 0.194769 -0.444222 False
0.726756 0.195458 -0.444286 False
0.726522 0.193634 -0.443849 False
0.726847 0.192670 -0.444197 False
0.727751 0.192734 -0.444408 False
0.726904 0.193783 -0.444331 False
0.726383 0.194952 -0.444338 False
0.725892 0.194923 -0.445009 False
0.726051 0.193737 -0.444700 False
0.726287 0.194895 -0.444231 False
0.726307 0.194355 -0.444175 False
0.726265 0.193496 -0.444432 False
0.726085 0.192758 -0.443901 False
0.725975 0.194148 -0.444201 False
0.725908 0.194987 -0.443867 False
0.726414 0.194293 -0.444343 False
0.726415 0.194922 -0.444525 False
