0.674203 0.234977 -0.103023 False
0.676662 0.235852 -0.103375 False
0.678986 0.236680 -0.103705 False
0.680966 0.237387 -0.103980 False
0.682393 0.237897 -0.104163 False
0.682641 0.237939 -0.103983 False
0.682593 0.237959 -0.104366 False
0.682417 0.238131 -0.104419 False
0.682824 0.238738 -0.104851 False
0.682793 0.238099 -0.104387 False
0.682270 0.238010 -0.103706 False
0.681972 0.238444 -0.103553 False
0.682131 0.238417 -0.104017 False
0.682128 0.239635 -0.103435 False
0.681963 0.238266 -0.103576 False
0.682231 0.237705 -0.103130 False
0.682588 0.237268 -0.102627 False
0.682919 0.236997 -0.102226 False
0.683112 0.236936 -0.102089 False
0.683050 0.237128 -0.102375 False
0.682098 0.237911 -0.104012 False
0.681910 0.238139 -0.104666 False
0.682065 0.239070 -0.104948 False
0.681742 0.239711 -0.104729 False
0.681247 0.239733 -0.105083 False
0.681384 0.241345 -0.105597 False
0.681511 0.241482 -0.105480 False
0.681783 0.240561 -0.105629 False
0.681884 0.239944 -0.105759 False
0.682018 0.240549 -0.105304 False
0.681488 0.240222 -0.103653 False
0.681005 0.239264 -0.102894 False
0.681648 0.240162 -0.103259 False
0.681823 0.240215 -0.104996 False
0.681904 0.239472 -0.105395 False
0.681977 0.239600 -0.106175 False
0.681402 0.239952 -0.106902 False
0.681839 0.240150 -0.106650 False
0.682383 0.239387 -0.105716 False
0.682314 0.239316 -0.105539 False
0.682376 0.239981 -0.105515 False
0.681839 0.239997 -0.105883 False
0.681367 0.242464 -0.106941 False
0.681805 0.242986 -0.105963 False
0.681160 0.242672 -0.107542 False
0.681672 0.240999 -0.107111 False
0.680859 0.240981 -0.107360 False
0.681572 0.240619 -0.106633 False
0.681593 0.240593 -0.106932 False
0.681057 0.240994 -0.107275 False
0.681525 0.240821 -0.106520 False
0.681151 0.241575 -0.107007 False
0.680974 0.241537 -0.106690 False
0.680605 0.240662 -0.105839 False
0.681084 0.240335 -0.106400 False
0.681474 0.239724 -0.107442 False
0.679818 0.239759 -0.107711 False
0.681095 0.240523 -0.106429 False
0.681675 0.241316 -0.102845 False
0.682699 0.240654 -0.106022 False
0.681751 0.240498 -0.107570 False
0.681469 0.241129 -0.107176 False
0.681339 0.239878 -0.107131 False
0.681934 0.239979 -0.106295 False
0.681718 0.239287 -0.105513 False
0.681214 0.239755 -0.105969 False
0.681292 0.240150 -0.106603 False
0.682077 0.239515 -0.106510 False
0.681543 0.239913 -0.106292 False
0.682203 0.239733 -0.107608 False
0.681860 0.240166 -0.107447 False
0.681565 0.241111 -0.107279 False
0.681758 0.240142 -0.106624 False
0.681877 0.241189 -0.107119 False
0.682230 0.240480 -0.106487 False
0.682462 0.239709 -0.106993 False
0.682071 0.239522 -0.106841 False
0.682315 0.239443 -0.106361 False
0.681909 0.240440 -0.106844 False
0.681882 0.241328 -0.107314 False
0.682206 0.240725 -0.106650 False
0.682567 0.240674 -0.105832 False
0.682702 0.240064 -0.104196 False
0.682054 0.239888 -0.106707 False
0.681977 0.240105 -0.106869 False
0.682150 0.239299 -0.105473 False
0.682173 0.239039 -0.106432 False
0.682037 0.239712 -0.106728 False
0.681613 0.240167 -0.104843 False
0.681818 0.239719 -0.103841 False
0.682115 0.239834 -0.106282 False
0.682034 0.240854 -0.107875 False
0.681487 0.240782 -0.107577 False
0.682195 0.241379 -0.107438 False
0.681916 0.240834 -0.106996 False
0.681833 0.241169 -0.107297 False
0.681869 0.241129 -0.107298 False
0.682064 0.239288 -0.106657 False
0.681888 0.239950 -0.107798 False
0.680816 0.240485 -0.107238 False
0.681372 0.240950 -0.105883 False
0.681818 0.242374 -0.106190 False
0.682037 0.239528 -0.104857 False
0.681792 0.238628 -0.102746 False
0.681474 0.239247 -0.105140 False
0.681384 0.239203 -0.104676 False
0.682395 0.239126 -0.105277 False
0.681691 0.240439 -0.106433 False
0.681426 0.240409 -0.106104 False
0.681402 0.240055 -0.104301 False
0.681369 0.240082 -0.106474 False
0.681193 0.240548 -0.107223 False
0.681173 0.240095 -0.106643 False
0.680258 0.240317 -0.107656 False
0.680275 0.240114 -0.107193 False
0.680287 0.240467 -0.105965 False
0.680480 0.240595 -0.105557 False
0.681251 0.240166 -0.106608 False
0.681455 0.240088 -0.107779 False
0.681504 0.240675 -0.107235 False
0.680713 0.240893 -0.108006 False
0.681131 0.240919 -0.108151 False
0.680838 0.240748 -0.107600 False
0.681086 0.240693 -0.107565 False
0.681294 0.240187 -0.107512 False
0.681095 0.240457 -0.107502 False
0.681082 0.240145 -0.107474 False
0.681003 0.240116 -0.107463 False
0.680788 0.240131 -0.107944 False
0.680786 0.241002 -0.107821 False
0.681211 0.243295 -0.108307 False
0.680982 0.242194 -0.108280 False
0.681565 0.241874 -0.107879 False
0.681435 0.242004 -0.108128 False
0.682114 0.241796 -0.107115 False
0.681262 0.241757 -0.106893 False
0.681161 0.242000 -0.107071 False
0.681622 0.243009 -0.106736 False
0.681552 0.243694 -0.107843 False
0.681624 0.242177 -0.107720 False
0.681205 0.242063 -0.107893 False
0.681281 0.243098 -0.108410 False
0.681893 0.244068 -0.108888 False
0.681324 0.242011 -0.108562 False
0.681298 0.241056 -0.108354 False
0.680885 0.241682 -0.108983 False
0.681085 0.242367 -0.108603 False
0.681262 0.241481 -0.108317 False
0.680951 0.243963 -0.108837 False
0.681203 0.243559 -0.108670 False
0.681863 0.244115 -0.107904 False
0.681390 0.242107 -0.108449 False
0.681603 0.242049 -0.109064 False
0.682119 0.242009 -0.109106 False
0.681021 0.242050 -0.109070 False
0.680916 0.241879 -0.109085 False
0.681597 0.242059 -0.109234 False
0.681475 0.242051 -0.109588 False
0.681345 0.242612 -0.109139 False
0.680923 0.241798 -0.109105 False
0.681329 0.241178 -0.109502 False
0.681367 0.241713 -0.108807 False
0.681128 0.241740 -0.108062 False
0.681078 0.241848 -0.108359 False
0.680943 0.242882 -0.108902 False
0.681480 0.241631 -0.108295 False
0.680891 0.242345 -0.108145 False
0.680869 0.241062 -0.107786 False
0.681272 0.241568 -0.108117 False
0.681096 0.241787 -0.108108 False
0.680868 0.242044 -0.108885 False
0.680978 0.242021 -0.108289 False
0.680890 0.242625 -0.108230 False
0.681230 0.242008 -0.108890 False
0.680966 0.242029 -0.108147 False
0.681453 0.242801 -0.107693 False
0.681893 0.242854 -0.108226 False
0.681301 0.242378 -0.109032 False
0.681416 0.243053 -0.109372 False
0.681675 0.243773 -0.108583 False
0.681528 0.242679 -0.108178 False
0.681635 0.241909 -0.107308 False
0.681207 0.241673 -0.107605 False
0.681206 0.241369 -0.108736 False
0.680773 0.241693 -0.108616 False
0.681567 0.241926 -0.108513 False
0.681707 0.242466 -0.108723 False
0.681482 0.242264 -0.107375 False
0.681418 0.242644 -0.109516 False
0.681405 0.241977 -0.109181 False
0.681402 0.241976 -0.108162 False
0.681392 0.242638 -0.108605 False
0.681393 0.242159 -0.107963 False
0.681399 0.242664 -0.108722 False
0.681460 0.241951 -0.108551 False
0.681662 0.241770 -0.108629 False
0.681482 0.241871 -0.107692 False
0.681542 0.242420 -0.107914 False
0.681909 0.242042 -0.107794 False
0.681567 0.242519 -0.107297 False
0.681561 0.242755 -0.108385 False
0.681797 0.241876 -0.108850 False
0.681855 0.241228 -0.107919 False
0.681841 0.241851 -0.108841 False
0.681697 0.241676 -0.108920 False
0.681223 0.241174 -0.108990 False
0.681173 0.241836 -0.108910 False
0.681328 0.242737 -0.108641 False
0.681117 0.242592 -0.108562 False
0.681082 0.242417 -0.107987 False
0.681142 0.241802 -0.108701 False
0.681275 0.241425 -0.108822 False
0.680867 0.242939 -0.109648 False
0.681013 0.242936 -0.109371 False
0.681058 0.242471 -0.109037 False
0.681005 0.242796 -0.109075 False
0.680816 0.242377 -0.108773 False
0.680899 0.242718 -0.108469 False
0.681591 0.242222 -0.108312 False
0.681444 0.242925 -0.108256 False
0.681257 0.242043 -0.108301 False
0.681582 0.241824 -0.108041 False
0.681300 0.241525 -0.107027 False
0.681537 0.240792 -0.107300 False
0.681066 0.240900 -0.107197 False
0.681506 0.240792 -0.106904 False
0.681085 0.241861 -0.108123 False
0.680934 0.242137 -0.108021 False
0.681570 0.242324 -0.107814 False
0.681553 0.242949 -0.108148 False
0.681915 0.243100 -0.107726 False
0.681569 0.242076 -0.107667 False
0.681584 0.242044 -0.107863 False
0.682155 0.241898 -0.107790 False
0.681540 0.242183 -0.108240 False
0.681336 0.241684 -0.107775 False
0.681912 0.243404 -0.108191 False
0.681777 0.242130 -0.108336 False
0.681394 0.241663 -0.108304 False
0.681970 0.241117 -0.108509 False
0.681707 0.241672 -0.108191 False
0.680944 0.241716 -0.107629 False
0.680795 0.242457 -0.108013 False
0.681207 0.240969 -0.108183 False
0.680066 0.246630 -0.111423 False
0.672038 0.276321 -0.129407 False
0.661529 0.314754 -0.152638 False
0.650210 0.355937 -0.177495 False
0.639752 0.393875 -0.200361 False
0.631828 0.422575 -0.217616 False
0.628108 0.436044 -0.225643 False
0.630264 0.428289 -0.220822 False
0.639968 0.393315 -0.199535 False
0.673628 0.271423 -0.125502 False
0.681124 0.244049 -0.108952 False
0.682512 0.238940 -0.106353 False
0.682635 0.241188 -0.107273 False
0.681684 0.242509 -0.107908 False
0.681206 0.242224 -0.108363 False
0.681115 0.242318 -0.108563 False
0.681292 0.241960 -0.107434 False
0.681196 0.242329 -0.106648 False
0.681412 0.242544 -0.107999 False
0.681612 0.242530 -0.108112 False
0.681279 0.240888 -0.107566 False
0.681629 0.240580 -0.107434 False
0.681477 0.241213 -0.107463 False
0.681311 0.240514 -0.107290 False
0.680932 0.241624 -0.108513 False
0.681320 0.241179 -0.107739 False
0.681398 0.241658 -0.107779 False
0.681404 0.241853 -0.107328 False
0.681371 0.242288 -0.107891 False
0.681265 0.241969 -0.107551 False
0.681789 0.242197 -0.107519 False
0.681223 0.241525 -0.107990 False
0.681127 0.241754 -0.107684 False
0.681318 0.242202 -0.107756 False
0.681287 0.242737 -0.108374 False
0.681953 0.242251 -0.107929 False
0.681900 0.241995 -0.108367 False
0.681024 0.241474 -0.108251 False
0.681157 0.243001 -0.108248 False
0.681594 0.244014 -0.107717 False
0.680473 0.241731 -0.107734 False
0.681034 0.240848 -0.108691 False
0.681667 0.240539 -0.108696 False
0.681831 0.242251 -0.109534 False
0.681979 0.241812 -0.109518 False
0.681580 0.242879 -0.108368 False
0.681698 0.242220 -0.107438 False
0.681582 0.242627 -0.106749 False
0.681965 0.241792 -0.106950 False
0.681769 0.241235 -0.108338 False
0.681442 0.242048 -0.107394 False
0.681313 0.242645 -0.108221 False
0.682049 0.241833 -0.109172 False
0.681299 0.241163 -0.108061 False
0.681120 0.240523 -0.107090 False
0.681172 0.241829 -0.108262 False
0.680663 0.242256 -0.107813 False
0.681260 0.241785 -0.107866 False
0.681330 0.242726 -0.107943 False
0.681024 0.241439 -0.106688 False
0.680659 0.241111 -0.107500 False
0.680580 0.241088 -0.107659 False
0.681187 0.241310 -0.108500 False
0.681142 0.242627 -0.108085 False
0.681475 0.241410 -0.107391 False
0.681956 0.241656 -0.107832 False
0.681701 0.241539 -0.107122 False
0.682033 0.240806 -0.107381 False
0.681785 0.241013 -0.107805 False
0.681489 0.240634 -0.107036 False
0.681510 0.240414 -0.107424 False
0.681743 0.239940 -0.106815 False
0.681843 0.239866 -0.106968 False
0.682098 0.240314 -0.107716 False
0.682177 0.241497 -0.107269 False
0.682099 0.241509 -0.106348 False
0.681869 0.240743 -0.107031 False
0.681871 0.240725 -0.106814 False
0.682074 0.241553 -0.107123 False
0.681870 0.241722 -0.107465 False
0.681820 0.241404 -0.106532 False
0.681782 0.240067 -0.105880 False
0.681465 0.240448 -0.106562 False
0.681296 0.241263 -0.106755 False
0.680899 0.240596 -0.107195 False
0.681261 0.240421 -0.106884 False
0.681314 0.240676 -0.106235 False
0.682112 0.241822 -0.106195 False
0.681397 0.240266 -0.106080 False
0.680487 0.240969 -0.107131 False
0.680197 0.243238 -0.109123 False
0.680882 0.241935 -0.108282 False
0.681091 0.240862 -0.107577 False
0.681318 0.241375 -0.108061 False
0.681238 0.242407 -0.107849 False
0.681614 0.241448 -0.107516 False
0.681410 0.241395 -0.106680 False
0.681064 0.240581 -0.107749 False
0.680721 0.241896 -0.107517 False
0.680520 0.241509 -0.105401 False
0.680781 0.241890 -0.107101 False
0.680387 0.242604 -0.107676 False
0.681253 0.241845 -0.107582 False
0.681678 0.241292 -0.106852 False
0.681738 0.241428 -0.108093 False
0.681395 0.240845 -0.108450 False
0.681935 0.241551 -0.108069 False
0.681566 0.241755 -0.106663 False
0.681421 0.241748 -0.106862 False
0.681195 0.241590 -0.107775 False
0.681309 0.240925 -0.109200 False
0.680741 0.240595 -0.108978 False
0.680173 0.240697 -0.108208 False
0.680291 0.241693 -0.107374 False
0.680415 0.242627 -0.108489 False
0.680808 0.242193 -0.108706 False
0.681297 0.242722 -0.109678 False
0.681065 0.241950 -0.108388 False
0.680485 0.241762 -0.108818 False
0.680422 0.241752 -0.108468 False
0.680801 0.241732 -0.108571 False
0.681630 0.241714 -0.108785 False
0.681673 0.241724 -0.108113 False
0.681085 0.241565 -0.108793 False
0.681501 0.241072 -0.107901 False
0.681001 0.242385 -0.107862 False
0.681278 0.241948 -0.108200 False
0.681098 0.241987 -0.108249 False
0.680847 0.242784 -0.108569 False
0.680985 0.242802 -0.108646 False
0.680798 0.241978 -0.107342 False
0.680940 0.241811 -0.107665 False
0.681614 0.241979 -0.108285 False
0.680461 0.242754 -0.107860 False
0.680686 0.242564 -0.107595 False
0.680972 0.241014 -0.107569 False
0.680851 0.241572 -0.108225 False
0.681111 0.241733 -0.108419 False
0.681360 0.241711 -0.108552 False
0.681077 0.241532 -0.108505 False
0.680682 0.240817 -0.108212 False
0.681193 0.242361 -0.108077 False
0.680892 0.241920 -0.107214 False
0.681178 0.241808 -0.107237 False
0.681761 0.241752 -0.108576 False
0.682080 0.241572 -0.108209 False
0.681695 0.240896 -0.106887 False
0.681623 0.241567 -0.106949 False
0.680670 0.241720 -0.107081 False
0.680623 0.241749 -0.108175 False
0.680528 0.241766 -0.109175 False
0.681049 0.241743 -0.108341 False
0.681275 0.241752 -0.106750 False
0.680559 0.241755 -0.108227 False
0.680487 0.241923 -0.107518 False
0.680808 0.242632 -0.106907 False
0.680225 0.242179 -0.108006 False
0.680352 0.242836 -0.107981 False
0.680471 0.242830 -0.108235 False
0.680863 0.242145 -0.107404 False
0.680577 0.242031 -0.108162 False
0.679946 0.242864 -0.108958 False
0.680759 0.243105 -0.107852 False
0.680737 0.243087 -0.107809 False
0.680635 0.242855 -0.108345 False
0.680289 0.242151 -0.108532 False
0.680782 0.242650 -0.108918 False
0.680365 0.242181 -0.108844 False
0.680039 0.243062 -0.109334 False
0.680076 0.244057 -0.108991 False
0.680511 0.243948 -0.108697 False
0.680262 0.242631 -0.109096 False
0.679834 0.243715 -0.108995 False
0.680305 0.243147 -0.109216 False
0.680655 0.242824 -0.109208 False
0.680702 0.241934 -0.109290 False
0.680543 0.241815 -0.108842 False
0.679913 0.242005 -0.108738 False
0.680391 0.242835 -0.108756 False
0.681158 0.242817 -0.108872 False
0.681034 0.242024 -0.108936 False
0.680737 0.241952 -0.109000 False
0.680516 0.242625 -0.109091 False
0.680900 0.242163 -0.109154 False
0.680726 0.242655 -0.109289 False
0.680542 0.242142 -0.109011 False
0.680838 0.242817 -0.108965 False
0.680338 0.242828 -0.108736 False
0.680249 0.242210 -0.109455 False
0.680014 0.242769 -0.109207 False
0.680009 0.242582 -0.108549 False
0.680222 0.242102 -0.108720 False
0.680242 0.242816 -0.108529 False
0.681034 0.242972 -0.108779 False
0.680616 0.243002 -0.108758 False
0.680946 0.243035 -0.108712 False
0.680937 0.243076 -0.109077 False
0.680459 0.243034 -0.109179 False
0.680435 0.243027 -0.108755 False
0.680816 0.243134 -0.108948 False
0.680422 0.243051 -0.108730 False
0.680343 0.243007 -0.109021 False
0.680486 0.242888 -0.108990 False
0.681159 0.242394 -0.109164 False
0.680970 0.243614 -0.109372 False
0.681501 0.242587 -0.109475 False
0.681189 0.243588 -0.108987 False
0.681093 0.242199 -0.108754 False
0.680116 0.242004 -0.108409 False
0.680718 0.242698 -0.109119 False
0.680402 0.242413 -0.109747 False
0.680330 0.242863 -0.109340 False
0.680312 0.242857 -0.109224 False
0.680284 0.242196 -0.109246 False
0.680206 0.242660 -0.109501 False
0.680748 0.242156 -0.108787 False
0.680381 0.242647 -0.108801 False
0.680188 0.242150 -0.109284 False
0.680639 0.242815 -0.109765 False
0.680838 0.243013 -0.110008 False
0.680265 0.243078 -0.110284 False
0.680597 0.243010 -0.110023 False
0.680620 0.242989 -0.109337 False
0.680444 0.242988 -0.109122 False
0.680469 0.243005 -0.108703 False
0.679785 0.242990 -0.108649 False
0.679850 0.243036 -0.108925 False
0.680807 0.243196 -0.108928 False
0.680924 0.243874 -0.109318 False
0.680467 0.243192 -0.108808 False
0.680446 0.242858 -0.108934 False
0.680811 0.242230 -0.108933 False
0.680490 0.243034 -0.108377 False
0.680628 0.243741 -0.109015 False
0.680623 0.242191 -0.109521 False
0.680490 0.242008 -0.108739 False
0.680891 0.242608 -0.108375 False
0.680731 0.242110 -0.108439 False
0.680737 0.242812 -0.108854 False
0.680912 0.242819 -0.108405 False
0.680775 0.242153 -0.107866 False
0.680897 0.242695 -0.108690 False
0.680680 0.242131 -0.108002 False
0.680564 0.242519 -0.107712 False
0.681176 0.241788 -0.107680 False
0.681165 0.242182 -0.108740 False
0.682998 0.242639 -0.109891 False
0.680761 0.252350 -0.115921 False
0.676942 0.266044 -0.124049 False
0.672080 0.282148 -0.133403 False
0.666713 0.299090 -0.143110 False
0.661379 0.315298 -0.152297 False
0.656618 0.329200 -0.160093 False
0.652966 0.339223 -0.165624 False
0.650964 0.343796 -0.168018 False
0.651150 0.341345 -0.166403 False
0.654061 0.330300 -0.159907 False
0.660237 0.309088 -0.147656 False
0.676978 0.254101 -0.116303 False
0.680753 0.242017 -0.109314 False
0.681274 0.241571 -0.108575 False
0.680707 0.242299 -0.108762 False
0.680644 0.242767 -0.109296 False
0.680334 0.242907 -0.109231 False
0.680076 0.242789 -0.109535 False
0.680267 0.242964 -0.109759 False
0.680380 0.242967 -0.109857 False
0.680643 0.242822 -0.109939 False
0.680618 0.243004 -0.109553 False
0.680453 0.243217 -0.109668 False
0.680724 0.243886 -0.109079 False
0.681129 0.243229 -0.109339 False
0.680581 0.242927 -0.109528 False
0.680781 0.242324 -0.109482 False
0.681135 0.243460 -0.109874 False
0.680505 0.243157 -0.109851 False
0.680399 0.243045 -0.109449 False
0.680565 0.242776 -0.109466 False
0.680300 0.241806 -0.109893 False
0.680310 0.242772 -0.110283 False
0.680377 0.243013 -0.109557 False
0.680654 0.243087 -0.109296 False
0.680923 0.242998 -0.108657 False
0.680789 0.242847 -0.108859 False
0.680891 0.242166 -0.108320 False
0.680551 0.242836 -0.108582 False
0.680843 0.243231 -0.108939 False
0.680436 0.243931 -0.109428 False
0.680347 0.243236 -0.109145 False
0.680316 0.242893 -0.109545 False
0.680361 0.241947 -0.108934 False
0.680555 0.241762 -0.108050 False
0.680386 0.241769 -0.109144 False
0.680406 0.241837 -0.108000 False
0.680604 0.242157 -0.107935 False
0.680518 0.243459 -0.107497 False
0.680849 0.242143 -0.107600 False
0.680606 0.241962 -0.108088 False
0.680168 0.242596 -0.108865 False
0.680418 0.242093 -0.108148 False
0.680363 0.242791 -0.109058 False
0.680399 0.242964 -0.109658 False
0.680660 0.243027 -0.109347 False
0.681047 0.243232 -0.109468 False
0.681279 0.243916 -0.109742 False
0.680917 0.243227 -0.109437 False
0.680233 0.242850 -0.109245 False
0.680497 0.242134 -0.108697 False
0.680476 0.242812 -0.108740 False
0.680974 0.243025 -0.109325 False
0.681292 0.243230 -0.109790 False
0.681098 0.243857 -0.109759 False
0.680854 0.243023 -0.109294 False
0.680543 0.242199 -0.109156 False
0.680898 0.242864 -0.108960 False
0.680925 0.243193 -0.108226 False
0.680551 0.243703 -0.108840 False
0.680896 0.242134 -0.108572 False
0.680869 0.241589 -0.108198 False
0.681261 0.241075 -0.107920 False
0.681150 0.242600 -0.108894 False
0.681405 0.242860 -0.109199 False
0.681582 0.242243 -0.109447 False
0.681197 0.242839 -0.108767 False
0.681292 0.242830 -0.109445 False
0.681013 0.242186 -0.109496 False
0.680732 0.242620 -0.109061 False
0.680717 0.241989 -0.109016 False
0.680759 0.242203 -0.108727 False
0.680882 0.243635 -0.108945 False
0.680465 0.242954 -0.109684 False
0.680488 0.242919 -0.109173 False
0.680459 0.242943 -0.108661 False
0.680861 0.244247 -0.109011 False
0.680812 0.244951 -0.108502 False
0.680974 0.243428 -0.109183 False
0.680849 0.242882 -0.109874 False
0.681187 0.242965 -0.108830 False
0.680855 0.242978 -0.108570 False
0.681030 0.242899 -0.108974 False
0.681134 0.242387 -0.109261 False
0.681198 0.241991 -0.108424 False
0.680506 0.242403 -0.109301 False
0.680413 0.241863 -0.108370 False
0.680621 0.241773 -0.107997 False
0.680747 0.241941 -0.108325 False
0.681058 0.242794 -0.108528 False
0.681197 0.243790 -0.108536 False
0.680571 0.243040 -0.108977 False
0.680692 0.242283 -0.108814 False
0.680902 0.243033 -0.108582 False
0.680681 0.243823 -0.108989 False
0.680596 0.242997 -0.108923 False
0.680373 0.242971 -0.108832 False
0.680450 0.242998 -0.108812 False
0.680960 0.243013 -0.108634 False
0.681110 0.243068 -0.109219 False
0.680296 0.243248 -0.108764 False
0.680574 0.244039 -0.109223 False
0.680596 0.243871 -0.108533 False
0.680330 0.242452 -0.108968 False
0.680138 0.243069 -0.109221 False
0.680513 0.244046 -0.109653 False
0.680424 0.244084 -0.109700 False
0.680578 0.243443 -0.109469 False
0.680428 0.244098 -0.109156 False
0.680541 0.244065 -0.108855 False
0.680187 0.242939 -0.108413 False
0.680653 0.242134 -0.108910 False
0.680889 0.242578 -0.108935 False
0.680470 0.241941 -0.109159 False
0.680537 0.242187 -0.109496 False
0.680149 0.243695 -0.109815 False
0.680434 0.243363 -0.109189 False
0.681036 0.243968 -0.108759 False
0.680492 0.243647 -0.109376 False
0.680396 0.245015 -0.109251 False
0.680612 0.244467 -0.109478 False
0.680596 0.243840 -0.109219 False
0.680326 0.241761 -0.108882 False
0.680136 0.241663 -0.108068 False
0.680559 0.241867 -0.108591 False
0.680665 0.242580 -0.107967 False
0.680616 0.242956 -0.108329 False
0.680332 0.243029 -0.108372 False
0.680186 0.243066 -0.108422 False
0.680751 0.243250 -0.107996 False
0.680441 0.243938 -0.108386 False
0.680326 0.243059 -0.109363 False
0.680312 0.242150 -0.109013 False
0.680315 0.242775 -0.108834 False
0.680444 0.242802 -0.107746 False
0.680755 0.242825 -0.108101 False
0.680126 0.242344 -0.108322 False
0.679975 0.243478 -0.108520 False
0.680006 0.242289 -0.108303 False
0.679377 0.242662 -0.107861 False
0.680341 0.243150 -0.106673 False
0.680353 0.243869 -0.107583 False
0.680339 0.243063 -0.108783 False
0.680360 0.242417 -0.108815 False
0.680399 0.243675 -0.109106 False
0.680671 0.243179 -0.109191 False
0.680837 0.243041 -0.109299 False
0.680359 0.243073 -0.109164 False
0.680838 0.243392 -0.108982 False
0.679728 0.244563 -0.108789 False
0.680233 0.242596 -0.107564 False
0.680556 0.242894 -0.108842 False
0.680285 0.243014 -0.110145 False
0.679881 0.243029 -0.109586 False
0.680331 0.242662 -0.109091 False
0.679863 0.241357 -0.108841 False
0.680370 0.242599 -0.108027 False
0.680925 0.242588 -0.108041 False
0.680829 0.242194 -0.108854 False
0.679892 0.242803 -0.108802 False
0.679744 0.242780 -0.109192 False
0.680121 0.241979 -0.109028 False
0.680012 0.242015 -0.108371 False
0.680109 0.242974 -0.108454 False
0.680583 0.243926 -0.108208 False
0.680671 0.243636 -0.107782 False
0.680469 0.244897 -0.108284 False
0.679680 0.243604 -0.108727 False
0.680404 0.242277 -0.108237 False
0.680411 0.242627 -0.109060 False
0.680570 0.242111 -0.109110 False
0.680366 0.242623 -0.108997 False
0.680217 0.242990 -0.109493 False
0.679831 0.243018 -0.108923 False
0.680278 0.242856 -0.109246 False
0.680570 0.242191 -0.108978 False
0.680357 0.242656 -0.108938 False
0.679957 0.242121 -0.108499 False
0.678403 0.242451 -0.101874 False
0.673441 0.241401 -0.073909 False
0.696349 0.241661 -0.069608 False
0.687980 0.244465 -0.081944 False
0.649021 0.250461 -0.125955 False
0.627982 0.252591 -0.146235 False
0.607474 0.262165 -0.141858 False
0.597724 0.272959 -0.156300 False
0.607885 0.276286 -0.147036 False
0.612974 0.277895 -0.154056 False
0.619211 0.286415 -0.140501 False
0.619197 0.297899 -0.121822 False
0.606057 0.305285 -0.109186 False
0.571458 0.317795 -0.087694 False
0.517912 0.338106 -0.074907 False
0.456056 0.353186 -0.055254 False
0.396969 0.351889 -0.035912 False
0.352306 0.349667 -0.023553 False
0.315939 0.343546 -0.015159 False
0.287292 0.333854 -0.010415 False
0.265788 0.320915 -0.009012 False
0.250852 0.305055 -0.010638 False
0.241905 0.286599 -0.014980 False
0.238371 0.265875 -0.021728 False
0.239674 0.243206 -0.030570 False
0.245236 0.218919 -0.041194 False
0.254482 0.193340 -0.053289 False
0.266834 0.166793 -0.066544 False
0.281715 0.139605 -0.080646 False
0.298549 0.112102 -0.095284 False
0.316760 0.084608 -0.110147 False
0.335769 0.057450 -0.124923 False
0.355002 0.030954 -0.139300 False
0.373880 0.005444 -0.152968 False
0.391409 -0.018503 -0.165373 False
0.408023 -0.041162 -0.176781 False
0.423738 -0.062555 -0.187216 False
0.438568 -0.082707 -0.196703 False
0.452531 -0.101641 -0.205266 False
0.465642 -0.119381 -0.212930 False
0.477917 -0.135951 -0.219719 False
0.489370 -0.151374 -0.225657 False
0.500019 -0.165674 -0.230770 False
0.509878 -0.178875 -0.235081 False
0.518963 -0.191000 -0.238615 False
0.527291 -0.202074 -0.241396 False
0.534877 -0.212120 -0.243450 False
0.541736 -0.221161 -0.244799 False
0.547884 -0.229221 -0.245469 False
0.553337 -0.236325 -0.245485 False
0.558112 -0.242495 -0.244869 False
0.562222 -0.247756 -0.243648 False
0.565685 -0.252130 -0.241846 False
0.568516 -0.255643 -0.239486 False
0.570730 -0.258317 -0.236594 False
0.572344 -0.260176 -0.233193 False
0.573372 -0.261244 -0.229309 False
0.573832 -0.261545 -0.224966 False
0.573738 -0.261102 -0.220187 False
0.573106 -0.259939 -0.214999 False
0.571952 -0.258080 -0.209424 False
0.570292 -0.255548 -0.203488 False
0.568141 -0.252367 -0.197214 False
0.565515 -0.248561 -0.190629 False
0.562430 -0.244154 -0.183755 False
0.558902 -0.239169 -0.176617 False
0.554946 -0.233630 -0.169240 False
0.550578 -0.227560 -0.161648 False
0.545813 -0.220984 -0.153865 False
0.540668 -0.213925 -0.145917 False
0.535159 -0.206406 -0.137827 False
0.529300 -0.198452 -0.129620 False
0.523108 -0.190086 -0.121321 False
0.516598 -0.181332 -0.112953 False
0.509786 -0.172214 -0.104542 False
0.502687 -0.162754 -0.096111 False
0.495319 -0.152978 -0.087686 False
0.487695 -0.142908 -0.079290 False
0.479833 -0.132569 -0.070948 False
0.471747 -0.121984 -0.062685 False
0.463453 -0.111176 -0.054525 False
0.454968 -0.100170 -0.046492 False
0.446306 -0.088989 -0.038610 False
0.437484 -0.077657 -0.030906 False
0.428518 -0.066198 -0.023401 False
0.419422 -0.054634 -0.016123 False
0.410213 -0.042991 -0.009093 False
0.400906 -0.031291 -0.002338 False
0.391517 -0.019559 0.004119 False
0.382063 -0.007818 0.010253 False
0.372558 0.003909 0.016039 False
0.363018 0.015597 0.021454 False
0.353459 0.027222 0.026472 False
0.343897 0.038762 0.031070 False
0.334348 0.050193 0.035222 False
0.324826 0.061490 0.038905 False
0.315349 0.072630 0.042093 False
0.305931 0.083589 0.044764 False
0.296589 0.094344 0.046891 False
0.287337 0.104871 0.048451 False
0.278193 0.115147 0.049419 False
0.269171 0.125146 0.049770 False
0.260287 0.134847 0.049481 False
0.251557 0.144224 0.048527 False
0.242997 0.153256 0.046883 False
0.234622 0.161916 0.044525 False
0.226449 0.170183 0.041429 False
0.218492 0.178032 0.037569 False
0.210768 0.185440 0.032922 False
0.203292 0.192382 0.027464 False
0.196080 0.198836 0.021169 False
0.189148 0.204777 0.014013 False
0.182511 0.210182 0.005972 False
0.176186 0.215028 -0.002979 False
0.170187 0.219289 -0.012863 False
0.164531 0.222943 -0.023706 False
0.159234 0.225967 -0.035532 False
0.154310 0.228335 -0.048366 False
0.149776 0.230025 -0.062231 False
0.145648 0.231013 -0.077153 False
0.141941 0.231275 -0.093156 False
0.138671 0.230788 -0.110263 False
0.131603 0.226756 -0.132283 False
0.131022 0.225797 -0.150188 False
0.142962 0.231760 -0.158736 False
0.173456 0.248490 -0.152682 False
0.238934 0.294459 -0.110660 False
0.320316 0.338467 -0.066007 False
0.399033 0.352791 -0.049679 False
0.506739 0.339534 -0.045998 False
0.610435 0.317583 -0.053294 False
0.675065 0.303334 -0.068536 False
0.707119 0.287302 -0.092358 False
0.725704 0.263602 -0.135434 False
0.707257 0.244399 -0.111228 False
0.722099 0.240785 -0.139923 False
0.725941 0.241033 -0.150059 False
0.726253 0.244604 -0.152132 False
0.726238 0.244463 -0.153925 False
0.726374 0.243350 -0.153469 False
0.726422 0.241137 -0.153359 False
0.726553 0.240764 -0.153639 False
0.726032 0.243328 -0.152904 False
0.726625 0.242342 -0.148755 False
0.726179 0.241300 -0.152661 False
0.726522 0.243469 -0.153498 False
0.726987 0.242805 -0.152782 False
0.727221 0.244078 -0.152703 False
0.726522 0.244009 -0.153399 False
0.726146 0.244666 -0.153570 False
0.726683 0.245176 -0.151230 False
0.726385 0.241985 -0.152318 False
0.727111 0.241814 -0.152786 False
0.726664 0.244407 -0.153650 False
0.726364 0.245168 -0.153792 False
0.726216 0.245689 -0.153136 False
0.726722 0.245055 -0.152478 False
0.726274 0.242157 -0.151952 False
0.726417 0.244775 -0.153126 False
0.726575 0.244739 -0.153389 False
0.726686 0.245354 -0.152197 False
0.726726 0.246675 -0.153796 False
0.726181 0.245993 -0.153857 False
0.726013 0.245399 -0.153516 False
0.726354 0.245647 -0.152990 False
0.726468 0.244956 -0.153065 False
0.726542 0.241660 -0.152954 False
0.725861 0.242173 -0.152008 False
0.725926 0.245934 -0.152766 False
0.725829 0.245333 -0.152782 False
0.725825 0.242369 -0.153984 False
0.725839 0.242903 -0.153667 False
0.725355 0.241609 -0.153504 False
0.725445 0.242100 -0.154197 False
0.725607 0.244238 -0.155180 False
0.725700 0.241596 -0.153711 False
0.725971 0.241910 -0.153475 False
0.726419 0.245076 -0.151842 False
0.725786 0.245747 -0.148804 False
0.726451 0.245404 -0.152041 False
0.726326 0.245710 -0.152605 False
0.726145 0.245222 -0.152921 False
0.725624 0.242912 -0.153001 False
0.726562 0.245067 -0.152391 False
0.727121 0.245231 -0.152983 False
0.726501 0.245787 -0.153204 False
0.726059 0.246051 -0.153156 False
0.725120 0.246717 -0.152829 False
0.725035 0.245699 -0.152934 False
0.725428 0.246319 -0.152520 False
0.726222 0.244559 -0.152617 False
0.726586 0.245454 -0.152773 False
0.726088 0.245236 -0.152813 False
0.725586 0.245470 -0.151499 False
0.725087 0.244620 -0.148185 False
0.725270 0.246501 -0.151415 False
0.725398 0.245955 -0.152374 False
0.725677 0.245075 -0.152997 False
0.725318 0.242183 -0.153102 False
0.725383 0.244523 -0.152562 False
0.725902 0.245811 -0.149020 False
0.725386 0.246639 -0.151719 False
0.725391 0.245554 -0.152564 False
0.726092 0.245753 -0.153638 False
0.726008 0.245683 -0.152922 False
0.726351 0.244984 -0.152642 False
0.725839 0.244285 -0.152365 False
0.725159 0.245563 -0.153163 False
0.725359 0.245814 -0.153703 False
0.725451 0.245291 -0.153602 False
0.725899 0.242876 -0.153746 False
0.725927 0.242216 -0.153459 False
0.725609 0.241871 -0.153064 False
0.725377 0.243950 -0.152311 False
0.726108 0.242925 -0.153127 False
0.725985 0.244003 -0.153555 False
0.726063 0.242186 -0.153341 False
0.726053 0.244538 -0.151685 False
0.725760 0.243155 -0.151928 False
0.726207 0.244697 -0.152855 False
0.726197 0.242883 -0.152998 False
0.725188 0.245556 -0.152622 False
0.724759 0.243106 -0.152402 False
0.726297 0.241967 -0.152318 False
0.726410 0.242946 -0.152063 False
0.726387 0.246187 -0.152481 False
0.725721 0.246447 -0.153105 False
0.725911 0.247756 -0.152713 False
0.726286 0.246521 -0.151174 False
0.726289 0.246871 -0.152188 False
0.726161 0.246209 -0.152872 False
0.726244 0.246030 -0.152682 False
0.726034 0.242488 -0.152779 False
0.726167 0.242430 -0.151922 False
0.726511 0.243587 -0.152395 False
0.725883 0.246046 -0.152846 False
0.725960 0.244785 -0.151963 False
0.725889 0.243005 -0.149566 False
0.726625 0.246356 -0.152111 False
0.726939 0.247756 -0.153425 False
0.727158 0.248885 -0.154802 False
0.727292 0.249764 -0.156204 False
0.727350 0.250411 -0.157594 False
0.727344 0.250845 -0.158933 False
0.727282 0.251085 -0.160183 False
0.727176 0.251151 -0.161307 False
0.727035 0.251060 -0.162267 False
0.726870 0.250833 -0.163025 False
0.726690 0.250489 -0.163542 False
0.726505 0.250045 -0.163781 False
0.726327 0.249522 -0.163704 False
0.726163 0.248939 -0.163273 False
0.726026 0.248314 -0.162451 False
0.725925 0.247666 -0.161198 False
0.725869 0.247015 -0.159478 False
0.725870 0.246379 -0.157253 False
0.725937 0.245778 -0.154483 False
0.726190 0.245125 -0.149777 False
0.726260 0.244839 -0.147816 False
0.726273 0.244736 -0.146918 False
0.726244 0.244777 -0.146880 False
0.726185 0.244923 -0.147495 False
0.726112 0.245137 -0.148558 False
0.726037 0.245379 -0.149865 False
0.725975 0.245612 -0.151210 False
0.725940 0.245798 -0.152387 False
0.725969 0.245830 -0.152970 False
0.726019 0.245832 -0.153285 False
0.726071 0.245855 -0.153436 False
0.726087 0.246009 -0.153598 False
0.726090 0.246219 -0.153710 False
0.726086 0.246466 -0.153779 False
0.726080 0.246729 -0.153814 False
0.726077 0.246989 -0.153823 False
0.726082 0.247224 -0.153815 False
0.726105 0.247399 -0.153803 False
0.726140 0.247533 -0.153782 False
0.726185 0.247627 -0.153754 False
0.726239 0.247685 -0.153717 False
0.726298 0.247709 -0.153674 False
0.726363 0.247701 -0.153624 False
0.726431 0.247663 -0.153569 False
0.726500 0.247599 -0.153509 False
0.726569 0.247511 -0.153444 False
0.726636 0.247400 -0.153376 False
0.726698 0.247271 -0.153304 False
0.726756 0.247124 -0.153230 False
0.726805 0.246963 -0.153153 False
0.726846 0.246790 -0.153075 False
0.726876 0.246608 -0.152996 False
0.726893 0.246419 -0.152917 False
0.726897 0.246225 -0.152839 False
0.726884 0.246029 -0.152761 False
0.726853 0.245833 -0.152685 False
0.726803 0.245641 -0.152611 False
0.726731 0.245453 -0.152540 False
0.726637 0.245274 -0.152473 False
0.726518 0.245105 -0.152409 False
0.726373 0.244948 -0.152350 False
0.726199 0.244807 -0.152296 False
0.725995 0.244683 -0.152248 False
0.725760 0.244580 -0.152207 False
0.725492 0.244499 -0.152172 False
0.725159 0.244448 -0.152151 False
0.724831 0.244418 -0.152131 False
0.724546 0.244407 -0.152103 False
0.724343 0.244410 -0.152060 False
0.724263 0.244424 -0.151996 False
0.724343 0.244446 -0.151903 False
0.724624 0.244472 -0.151773 False
0.725144 0.244498 -0.151600 False
0.726069 0.244518 -0.151352 False
0.727134 0.244537 -0.151078 False
0.728100 0.244557 -0.150822 False
0.729066 0.244576 -0.150567 False
0.730032 0.244596 -0.150311 False
0.730998 0.244616 -0.150055 False
0.731964 0.244636 -0.149800 False
0.732930 0.244655 -0.149544 False
