0.871526 0.278992 -0.002701 False
0.696772 0.233313 -0.099910 False
0.547779 0.197915 -0.176520 False
0.208431 0.104441 -0.372247 False
0.102502 0.079700 -0.426474 False
0.076341 0.075864 -0.436162 False
0.074922 0.075007 -0.435169 False
0.078036 0.075296 -0.433272 False
0.080248 0.074978 -0.432024 False
0.081678 0.076302 -0.431398 False
0.082368 0.077487 -0.431174 False
0.082767 0.076740 -0.430881 False
0.082944 0.076491 -0.430697 False
0.082853 0.076426 -0.430731 False
0.083392 0.076403 -0.430994 False
0.083546 0.076338 -0.430957 False
0.083150 0.076109 -0.430566 False
0.083627 0.075478 -0.430676 False
0.083155 0.077037 -0.430805 False
0.082987 0.078109 -0.430892 False
0.082953 0.078463 -0.430850 False
0.083051 0.077254 -0.430617 False
0.084086 0.077774 -0.430697 False
0.084452 0.077359 -0.430558 False
0.084624 0.078680 -0.430340 False
0.084546 0.076734 -0.430534 False
0.084497 0.075278 -0.430824 False
0.084761 0.075408 -0.430720 False
0.084797 0.073743 -0.430657 False
0.084597 0.074635 -0.430685 False
0.084558 0.075994 -0.430786 False
0.084648 0.076323 -0.430761 False
0.084930 0.076196 -0.431373 False
0.084787 0.075628 -0.431415 False
0.084640 0.077294 -0.431179 False
0.084710 0.076672 -0.432105 False
0.084728 0.076208 -0.431943 False
0.084711 0.075181 -0.431248 False
0.084656 0.075313 -0.431490 False
0.084590 0.073163 -0.431573 False
0.084648 0.073780 -0.431698 False
0.084657 0.073046 -0.430904 False
0.084261 0.073192 -0.430546 False
0.084210 0.074615 -0.430701 False
0.084434 0.076036 -0.431141 False
0.084317 0.076042 -0.432055 False
0.084341 0.074598 -0.431271 False
0.084283 0.072984 -0.430579 False
0.084342 0.072164 -0.430624 False
0.084303 0.072385 -0.430789 False
0.084027 0.072131 -0.430831 False
0.084248 0.072543 -0.431136 False
0.083812 0.072633 -0.430474 False
0.083573 0.072598 -0.430468 False
0.083875 0.072606 -0.430919 False
0.083551 0.074452 -0.430649 False
0.083318 0.076039 -0.430360 False
0.083449 0.076388 -0.430551 False
0.084109 0.076185 -0.430602 False
0.084175 0.075280 -0.430425 False
0.084217 0.075787 -0.430905 False
0.084249 0.074886 -0.430825 False
0.084420 0.074575 -0.430705 False
0.084499 0.074263 -0.430699 False
0.084746 0.073366 -0.430838 False
0.084796 0.073883 -0.430631 False
0.084945 0.073007 -0.430730 False
0.084778 0.072821 -0.430771 False
0.084719 0.073149 -0.430965 False
0.084631 0.074535 -0.432145 False
0.084462 0.075602 -0.431210 False
0.084386 0.074590 -0.430472 False
0.083931 0.073456 -0.430471 False
0.084142 0.073993 -0.430620 False
0.083809 0.073588 -0.431067 False
0.083211 0.075056 -0.431429 False
0.082564 0.073766 -0.432227 False
0.082776 0.072003 -0.432171 False
0.087973 0.072721 -0.430366 False
0.109690 0.078211 -0.420800 False
0.180061 0.107727 -0.379276 False
0.381002 0.206595 -0.250581 False
0.184530 0.137531 -0.386337 False
0.124200 0.181852 -0.439683 False
0.092434 0.100427 -0.436834 False
0.083756 0.076508 -0.433200 False
0.082186 0.071770 -0.431734 False
0.082503 0.072138 -0.431511 False
0.083264 0.070509 -0.430798 False
0.083615 0.071261 -0.431141 False
0.083870 0.071333 -0.431792 False
0.083998 0.070629 -0.430755 False
0.084121 0.071511 -0.430261 False
0.083956 0.071931 -0.430509 False
0.083984 0.072538 -0.430794 False
0.083920 0.072576 -0.430663 False
0.083994 0.072199 -0.430919 False
0.083936 0.072600 -0.430944 False
0.084044 0.072722 -0.430562 False
0.084102 0.072720 -0.430840 False
0.084150 0.072562 -0.431721 False
0.084287 0.071983 -0.431354 False
0.084378 0.071822 -0.431202 False
0.084411 0.071795 -0.431492 False
0.084081 0.071800 -0.432555 False
0.084061 0.071811 -0.431266 False
0.084135 0.071824 -0.430436 False
0.083934 0.071828 -0.430725 False
0.083611 0.071769 -0.430422 False
0.083627 0.071452 -0.431117 False
0.083824 0.070333 -0.432656 False
0.083561 0.070127 -0.432858 False
0.083361 0.070443 -0.432099 False
0.083452 0.071677 -0.432105 False
0.083457 0.070441 -0.432911 False
0.083371 0.070057 -0.432848 False
0.083450 0.070017 -0.431377 False
0.083371 0.070259 -0.430606 False
0.083371 0.071142 -0.429914 False
0.083472 0.070667 -0.430156 False
0.083623 0.071673 -0.430906 False
0.083748 0.072346 -0.431352 False
0.083595 0.072007 -0.430658 False
0.083365 0.072004 -0.430072 False
0.082813 0.072381 -0.430107 False
0.082849 0.071957 -0.430537 False
0.083094 0.071854 -0.430732 False
0.082993 0.071958 -0.430421 False
0.083072 0.072402 -0.430258 False
0.083122 0.072110 -0.430328 False
0.083389 0.072374 -0.430535 False
0.083265 0.071869 -0.429904 False
0.083268 0.071638 -0.430267 False
0.083439 0.071564 -0.430114 False
0.083480 0.075007 -0.429522 False
0.083870 0.073789 -0.429518 False
0.084403 0.074565 -0.429732 False
0.085529 0.075255 -0.430591 False
0.085587 0.075332 -0.430295 False
0.085441 0.074815 -0.430356 False
0.085568 0.074162 -0.430298 False
0.085910 0.071874 -0.430034 False
0.085689 0.067476 -0.430100 False
0.085457 0.065473 -0.430543 False
0.085543 0.066176 -0.430248 False
0.085851 0.067488 -0.429911 False
0.085694 0.073155 -0.430318 False
0.085611 0.075225 -0.430570 False
0.085641 0.075362 -0.430241 False
0.085699 0.070947 -0.430284 False
0.085853 0.073528 -0.430230 False
0.085856 0.073484 -0.430903 False
0.085718 0.068854 -0.431662 False
0.085681 0.067261 -0.431784 False
0.085732 0.071446 -0.430345 False
0.085515 0.068983 -0.429840 False
0.085955 0.069145 -0.430260 False
0.086111 0.072099 -0.430590 False
0.086062 0.068939 -0.430609 False
0.086153 0.066135 -0.430304 False
0.085920 0.064478 -0.429201 False
0.085734 0.064778 -0.427057 False
0.085355 0.066295 -0.430258 False
0.085219 0.067487 -0.430386 False
0.085396 0.068258 -0.430429 False
0.085578 0.071357 -0.430260 False
0.085615 0.067366 -0.430466 False
0.085111 0.070523 -0.430485 False
0.085102 0.070920 -0.430347 False
0.084922 0.067695 -0.430151 False
0.085087 0.073048 -0.430255 False
0.085000 0.075093 -0.430799 False
0.085144 0.075436 -0.430944 False
0.084622 0.075050 -0.430797 False
0.083762 0.074951 -0.430689 False
0.083254 0.073053 -0.431236 False
0.083084 0.067862 -0.431658 False
0.082972 0.072025 -0.430919 False
0.083038 0.065315 -0.430915 False
0.083732 0.064153 -0.432248 False
0.084939 0.065639 -0.432066 False
0.085112 0.072555 -0.433503 False
0.085132 0.074602 -0.432249 False
0.084321 0.073783 -0.431129 False
0.084800 0.074399 -0.431044 False
0.083508 0.073931 -0.430534 False
0.084086 0.071405 -0.430436 False
0.082993 0.066644 -0.430488 False
0.083151 0.070825 -0.430452 False
0.084749 0.073485 -0.430399 False
0.085037 0.073198 -0.430422 False
0.083591 0.073279 -0.430836 False
0.084063 0.072351 -0.430786 False
0.083416 0.072159 -0.430609 False
0.082814 0.070792 -0.430747 False
0.083161 0.071192 -0.430853 False
0.084192 0.070396 -0.430945 False
0.083547 0.070455 -0.430908 False
0.083026 0.068181 -0.430906 False
0.083319 0.072143 -0.430916 False
0.083577 0.073316 -0.431087 False
0.084744 0.075198 -0.431182 False
0.083970 0.074727 -0.430766 False
0.084005 0.076279 -0.430237 False
0.084509 0.075673 -0.430339 False
0.084776 0.075459 -0.430534 False
0.084230 0.075319 -0.430757 False
0.084805 0.074858 -0.430579 False
0.083775 0.073220 -0.430489 False
0.083239 0.072748 -0.430349 False
0.083095 0.072569 -0.430892 False
0.082698 0.072189 -0.430447 False
0.082577 0.072576 -0.430816 False
0.082566 0.072741 -0.431589 False
0.083021 0.072930 -0.430934 False
0.082950 0.073294 -0.431021 False
0.082775 0.073003 -0.431033 False
0.082990 0.072884 -0.430903 False
0.083116 0.072421 -0.430596 False
0.083606 0.070328 -0.431196 False
0.085122 0.064675 -0.431012 False
0.085362 0.063539 -0.430573 False
0.085655 0.064054 -0.430288 False
0.085442 0.070205 -0.430477 False
0.085064 0.070673 -0.430902 False
0.085106 0.071419 -0.430098 False
0.085008 0.070259 -0.429839 False
0.085248 0.065664 -0.429875 False
0.085089 0.066249 -0.430238 False
0.084966 0.072914 -0.430478 False
0.084735 0.072394 -0.430946 False
0.085115 0.072066 -0.431375 False
0.084880 0.071770 -0.431176 False
0.084732 0.071061 -0.430863 False
0.084493 0.067285 -0.430453 False
0.084460 0.071783 -0.430290 False
0.084299 0.074318 -0.430721 False
0.083759 0.073775 -0.430998 False
0.083340 0.072885 -0.430929 False
0.083206 0.071789 -0.430523 False
0.083496 0.068709 -0.430305 False
0.083143 0.070067 -0.430430 False
0.083250 0.066411 -0.430642 False
0.083220 0.070303 -0.430905 False
0.083222 0.070657 -0.431008 False
0.082622 0.066124 -0.431649 False
0.082274 0.068339 -0.431390 False
0.082995 0.064569 -0.431303 False
0.083817 0.067114 -0.432311 False
0.089119 0.070445 -0.431454 False
0.110487 0.083555 -0.423892 False
0.178948 0.135434 -0.397702 False
0.374576 0.299809 -0.314057 False
0.178485 0.130907 -0.398064 False
0.109824 0.082402 -0.424944 False
0.088348 0.065838 -0.432743 False
0.083257 0.068397 -0.432467 False
0.083192 0.067706 -0.431870 False
0.083851 0.063901 -0.431760 False
0.084444 0.062970 -0.430726 False
0.084781 0.062731 -0.430868 False
0.084845 0.062423 -0.430704 False
0.084921 0.063206 -0.430775 False
0.085008 0.063280 -0.430624 False
0.084770 0.064218 -0.430872 False
0.084941 0.064530 -0.429971 False
0.084678 0.070612 -0.430104 False
0.084630 0.071499 -0.430116 False
0.084831 0.067677 -0.430077 False
0.085127 0.073918 -0.429667 False
0.085271 0.074870 -0.429711 False
0.085410 0.073114 -0.429349 False
0.085141 0.066401 -0.429858 False
0.085131 0.071013 -0.430168 False
0.084973 0.070372 -0.430275 False
0.085116 0.066298 -0.430062 False
0.085145 0.069140 -0.430765 False
0.085018 0.064783 -0.430912 False
0.084980 0.065086 -0.430840 False
0.084978 0.070823 -0.431001 False
0.085005 0.073818 -0.430847 False
0.084692 0.071764 -0.430257 False
0.084722 0.066759 -0.430045 False
0.085254 0.069386 -0.430182 False
0.085018 0.064779 -0.430565 False
0.085196 0.062367 -0.430253 False
0.085248 0.061951 -0.429994 False
0.084982 0.062650 -0.429774 False
0.084023 0.064944 -0.430220 False
0.082401 0.062925 -0.430759 False
0.080368 0.063302 -0.432485 False
0.079375 0.070066 -0.433609 False
0.085554 0.076162 -0.432898 False
0.118166 0.092165 -0.420468 False
0.230272 0.155178 -0.364605 False
0.553021 0.222139 -0.174349 False
0.631510 0.232066 -0.132143 False
0.554372 0.222216 -0.174580 False
0.235352 0.157304 -0.364445 False
0.117634 0.065857 -0.420667 False
0.085392 0.041583 -0.433278 False
0.079429 0.037567 -0.433545 False
0.080036 0.038560 -0.431995 False
0.081883 0.039598 -0.430851 False
0.083493 0.040117 -0.429945 False
0.084995 0.040314 -0.429994 False
0.084748 0.040405 -0.430119 False
0.084752 0.040451 -0.429705 False
0.084897 0.040468 -0.429976 False
0.085289 0.040629 -0.429448 False
0.085113 0.040337 -0.429334 False
0.085182 0.040110 -0.429567 False
0.085197 0.039191 -0.429912 False
0.085200 0.039270 -0.430183 False
0.085246 0.042439 -0.430047 False
0.085117 0.059738 -0.430302 False
0.085817 0.118774 -0.430034 False
0.089589 0.111459 -0.429745 False
0.090489 0.099315 -0.430111 False
0.086865 0.085512 -0.430519 False
0.085720 0.084930 -0.430501 False
0.085261 0.084529 -0.429998 False
0.084792 0.074489 -0.429886 False
0.084535 0.066656 -0.429812 False
0.084540 0.064779 -0.429553 False
0.085015 0.065098 -0.429894 False
0.085338 0.074346 -0.430256 False
0.086600 0.073768 -0.430174 False
0.086991 0.071142 -0.430261 False
0.087224 0.067035 -0.430913 False
0.088001 0.069801 -0.430438 False
0.088337 0.070335 -0.430736 False
0.087904 0.071619 -0.430858 False
0.087949 0.075460 -0.430952 False
0.089044 0.095452 -0.431244 False
0.086345 0.076515 -0.430272 False
0.085412 0.067642 -0.430104 False
0.085156 0.067368 -0.430562 False
0.085254 0.067076 -0.431373 False
0.085207 0.066965 -0.430177 False
0.084904 0.064371 -0.430475 False
0.084940 0.062836 -0.431684 False
0.084954 0.063541 -0.431758 False
0.084765 0.064817 -0.430465 False
0.085294 0.067431 -0.430336 False
0.085243 0.067768 -0.430249 False
0.085380 0.064896 -0.430047 False
0.085475 0.064288 -0.430118 False
0.085583 0.062168 -0.430384 False
0.085523 0.063357 -0.430291 False
0.085625 0.063071 -0.429944 False
0.085616 0.064075 -0.429440 False
0.085479 0.062658 -0.429306 False
0.085440 0.063355 -0.429986 False
0.085287 0.062679 -0.429985 False
0.085385 0.062794 -0.429334 False
0.085254 0.063993 -0.430003 False
0.085173 0.065742 -0.430007 False
0.085034 0.063841 -0.429656 False
0.084884 0.062120 -0.430044 False
0.084946 0.061658 -0.429765 False
0.085097 0.061582 -0.429880 False
0.085058 0.061617 -0.429873 False
0.084980 0.061771 -0.429815 False
0.084798 0.062288 -0.429578 False
0.085078 0.062530 -0.429666 False
0.084749 0.061824 -0.429454 False
0.085046 0.063865 -0.429429 False
0.085276 0.066024 -0.429680 False
0.085414 0.062889 -0.429662 False
0.085587 0.062132 -0.429427 False
0.085596 0.061779 -0.429858 False
0.085056 0.061969 -0.429943 False
0.084960 0.061861 -0.430055 False
0.085571 0.062225 -0.429388 False
0.084813 0.062102 -0.429400 False
0.084191 0.061700 -0.429505 False
0.083682 0.061392 -0.429407 False
0.083016 0.060738 -0.429428 False
0.081584 0.060635 -0.430307 False
0.079989 0.059979 -0.431846 False
0.078588 0.060016 -0.433138 False
0.082911 0.064819 -0.432502 False
0.110272 0.090644 -0.421053 False
0.217050 0.186564 -0.366538 False
0.543705 0.224672 -0.179741 False
0.628388 0.231390 -0.135576 False
0.587880 0.231483 -0.169379 False
0.389833 0.229738 -0.311449 False
0.587877 0.229278 -0.170681 False
0.657364 0.229186 -0.127108 False
0.677052 0.229792 -0.116937 False
0.683833 0.232285 -0.114763 False
0.683579 0.234592 -0.115264 False
0.680899 0.231717 -0.115365 False
0.682069 0.230458 -0.116298 False
0.682490 0.229855 -0.116200 False
0.681958 0.231306 -0.116808 False
0.681480 0.230157 -0.116199 False
0.681158 0.231314 -0.116533 False
0.679629 0.230882 -0.116288 False
0.681266 0.230817 -0.116386 False
0.679921 0.233487 -0.116865 False
0.679164 0.230970 -0.116233 False
0.679425 0.230523 -0.116953 False
0.679958 0.232335 -0.117863 False
0.679908 0.229593 -0.117154 False
0.680217 0.229098 -0.116977 False
0.681246 0.229542 -0.117043 False
0.680558 0.233773 -0.116432 False
0.679835 0.229700 -0.116326 False
0.680420 0.230509 -0.117171 False
0.681149 0.231474 -0.119702 False
0.681436 0.234034 -0.117393 False
0.680527 0.233001 -0.117413 False
0.680530 0.235505 -0.115193 False
0.681255 0.236916 -0.115360 False
0.680318 0.233568 -0.115320 False
0.682220 0.232302 -0.116738 False
0.682735 0.236278 -0.117115 False
0.682075 0.234906 -0.115874 False
0.676559 0.230565 -0.116598 False
0.655841 0.228087 -0.126950 False
0.587803 0.225375 -0.168733 False
0.389915 0.216953 -0.303336 False
0.585269 0.227104 -0.168564 False
0.629735 0.227670 -0.137242 False
0.554527 0.222517 -0.178661 False
0.266637 0.204129 -0.355514 False
0.239579 0.211933 -0.367513 False
0.425284 0.221315 -0.243748 False
0.213063 0.212210 -0.380479 False
0.148818 0.206390 -0.420435 False
0.163058 0.197793 -0.419892 False
0.216003 0.193091 -0.378367 False
0.425310 0.210243 -0.242824 False
0.206634 0.187282 -0.377431 False
0.127346 0.173877 -0.420378 False
0.114502 0.184441 -0.431934 False
0.127795 0.187580 -0.434299 False
0.116611 0.178782 -0.432473 False
0.163336 0.186812 -0.418742 False
0.267372 0.198403 -0.363656 False
0.538628 0.220967 -0.184888 False
0.536598 0.219264 -0.185059 False
0.256278 0.190965 -0.364361 False
0.151791 0.183168 -0.418746 False
0.110292 0.188629 -0.431873 False
0.102175 0.183814 -0.432609 False
0.100362 0.186494 -0.431918 False
0.098197 0.198843 -0.431508 False
0.088239 0.185112 -0.430361 False
0.085057 0.091516 -0.429699 False
0.084287 0.065295 -0.429525 False
0.084215 0.060659 -0.429613 False
0.085202 0.061231 -0.430055 False
0.085664 0.062824 -0.429652 False
0.085778 0.063126 -0.429555 False
0.085451 0.062723 -0.429309 False
0.085212 0.062961 -0.429101 False
0.085384 0.061989 -0.429259 False
0.085008 0.062329 -0.429134 False
0.085285 0.062337 -0.429413 False
0.085394 0.062352 -0.429567 False
0.085704 0.062609 -0.429577 False
0.085626 0.063588 -0.429215 False
0.085662 0.068957 -0.429330 False
0.085504 0.066941 -0.429627 False
0.085036 0.063456 -0.430134 False
0.085275 0.062387 -0.429775 False
0.085424 0.062041 -0.429880 False
0.085372 0.063177 -0.429841 False
0.085435 0.065154 -0.430264 False
0.085411 0.062818 -0.430390 False
0.085264 0.064085 -0.430114 False
0.085579 0.068520 -0.429881 False
0.085326 0.063241 -0.429923 False
0.085233 0.061490 -0.429755 False
0.085186 0.061580 -0.429919 False
0.085127 0.062617 -0.429567 False
0.085336 0.064026 -0.426516 False
0.085290 0.062099 -0.428619 False
0.085276 0.061879 -0.429420 False
0.085034 0.064630 -0.430081 False
0.084892 0.065227 -0.429904 False
0.084674 0.063371 -0.429731 False
0.084684 0.063160 -0.429464 False
0.084728 0.064174 -0.429677 False
0.085148 0.062196 -0.430276 False
0.085085 0.061361 -0.431123 False
0.085463 0.061931 -0.430757 False
0.085370 0.061919 -0.430989 False
0.085498 0.062922 -0.429677 False
0.085208 0.065205 -0.429016 False
0.085341 0.066462 -0.429095 False
0.084916 0.064332 -0.429840 False
0.084844 0.065979 -0.430278 False
0.084872 0.068301 -0.430722 False
0.084916 0.064434 -0.429358 False
0.085583 0.064402 -0.429411 False
0.085321 0.062203 -0.429926 False
0.085200 0.061425 -0.430041 False
0.085090 0.061207 -0.429835 False
0.085104 0.061205 -0.429713 False
0.085197 0.063043 -0.429468 False
0.084810 0.067534 -0.428737 False
0.084858 0.063978 -0.429047 False
0.084629 0.062895 -0.429979 False
0.083856 0.063138 -0.430176 False
0.084822 0.062833 -0.429960 False
0.084937 0.063139 -0.429617 False
0.085077 0.062708 -0.429967 False
0.085407 0.062661 -0.429742 False
0.085574 0.062987 -0.429310 False
0.085331 0.064106 -0.429321 False
0.085215 0.062444 -0.429555 False
0.084850 0.062735 -0.430476 False
0.083986 0.063931 -0.430356 False
0.084532 0.067639 -0.430910 False
0.084504 0.064009 -0.430269 False
0.084389 0.062750 -0.430484 False
0.083428 0.062252 -0.429967 False
0.083065 0.062275 -0.429979 False
0.083228 0.061900 -0.430241 False
0.083281 0.062942 -0.430284 False
0.083301 0.064851 -0.430135 False
0.084304 0.064929 -0.429549 False
0.084586 0.063385 -0.429454 False
0.084672 0.063495 -0.429304 False
0.084655 0.063491 -0.429700 False
0.083514 0.063175 -0.430307 False
0.083159 0.062003 -0.429864 False
0.084112 0.061876 -0.430106 False
0.084665 0.062588 -0.429381 False
0.083818 0.063831 -0.429585 False
0.083746 0.064048 -0.430151 False
0.083387 0.063736 -0.429786 False
0.084232 0.065866 -0.429292 False
0.084687 0.062807 -0.429769 False
0.084549 0.062247 -0.429531 False
0.084004 0.063199 -0.429714 False
0.084585 0.062446 -0.429262 False
0.084838 0.063771 -0.429212 False
0.084475 0.068401 -0.429442 False
0.084525 0.067225 -0.429280 False
0.084588 0.063281 -0.429284 False
0.084645 0.063182 -0.429525 False
0.084415 0.063895 -0.429535 False
0.084012 0.064505 -0.429508 False
0.083602 0.067471 -0.430051 False
0.083814 0.065009 -0.430335 False
0.083241 0.068167 -0.429558 False
0.081819 0.071802 -0.429612 False
0.079952 0.074319 -0.430647 False
0.077464 0.070957 -0.432099 False
0.075519 0.068043 -0.433907 False
0.079876 0.063267 -0.432990 False
0.109408 0.065670 -0.421497 False
0.219055 0.094509 -0.366724 False
0.554483 0.199893 -0.176311 False
0.662178 0.235207 -0.120416 False
0.685559 0.242000 -0.109213 False
0.662048 0.239977 -0.120158 False
0.555020 0.226155 -0.177693 False
0.231044 0.173393 -0.372091 False
0.122006 0.153774 -0.416620 False
0.085245 0.067934 -0.431755 False
0.078500 0.043656 -0.433308 False
0.079505 0.039503 -0.431906 False
0.081467 0.039977 -0.430346 False
0.083116 0.040843 -0.430034 False
0.084055 0.041441 -0.429582 False
0.084522 0.042085 -0.430046 False
0.084949 0.043447 -0.431371 False
0.084884 0.041493 -0.429905 False
0.084988 0.041865 -0.430021 False
0.084958 0.042708 -0.430041 False
0.084749 0.041571 -0.431274 False
0.084714 0.040031 -0.430702 False
0.084595 0.039649 -0.429701 False
0.084754 0.039715 -0.429446 False
0.084864 0.039745 -0.429587 False
0.084802 0.040199 -0.428936 False
0.084884 0.040271 -0.428969 False
0.084827 0.040153 -0.429522 False
0.084821 0.041225 -0.430514 False
0.084866 0.041199 -0.430452 False
0.085011 0.040050 -0.429230 False
0.084791 0.040130 -0.428805 False
0.084711 0.040892 -0.428755 False
0.084775 0.039977 -0.428631 False
0.084849 0.039841 -0.428487 False
0.085236 0.039822 -0.428665 False
0.085048 0.039826 -0.428897 False
0.084959 0.039820 -0.429253 False
0.084866 0.039775 -0.429098 False
0.084915 0.039621 -0.429174 False
0.084920 0.039619 -0.429553 False
0.084905 0.039824 -0.428917 False
0.084769 0.040181 -0.428760 False
0.084329 0.041234 -0.428806 False
0.083687 0.041255 -0.429413 False
0.082299 0.040596 -0.430448 False
0.080335 0.039069 -0.431369 False
0.079397 0.040017 -0.432621 False
0.085462 0.043305 -0.432418 False
0.118463 0.067497 -0.420531 False
0.232938 0.159161 -0.361932 False
0.554641 0.224666 -0.173534 False
0.632448 0.228621 -0.130944 False
0.551152 0.201042 -0.173411 False
0.223145 0.095239 -0.363492 False
0.114784 0.065922 -0.420097 False
0.084758 0.060211 -0.432135 False
0.079346 0.060615 -0.432773 False
0.080239 0.062036 -0.431695 False
0.081570 0.062733 -0.431361 False
0.083159 0.062966 -0.430478 False
0.084121 0.062897 -0.430816 False
0.084549 0.062473 -0.430780 False
0.084669 0.062567 -0.430454 False
0.084909 0.063454 -0.430866 False
0.084719 0.063552 -0.430727 False
0.085138 0.065846 -0.430647 False
0.085431 0.063379 -0.430180 False
0.084678 0.062965 -0.430036 False
0.084871 0.062551 -0.430273 False
0.084906 0.062909 -0.430129 False
0.084687 0.063039 -0.429971 False
0.084883 0.063187 -0.430699 False
0.084612 0.063575 -0.431030 False
0.084449 0.062920 -0.430563 False
0.084483 0.063582 -0.430156 False
0.084775 0.063229 -0.429785 False
0.085019 0.063200 -0.430017 False
0.084731 0.063046 -0.430537 False
0.084735 0.062917 -0.430013 False
0.084759 0.062637 -0.430296 False
0.084308 0.063208 -0.429751 False
0.083971 0.063724 -0.430115 False
0.084381 0.063369 -0.430068 False
0.084602 0.063123 -0.429308 False
0.084247 0.062916 -0.429380 False
0.084198 0.062534 -0.428575 False
0.084426 0.062823 -0.426243 False
0.084938 0.062842 -0.429474 False
0.084966 0.064010 -0.429597 False
0.084852 0.063520 -0.429989 False
0.084422 0.063495 -0.429457 False
0.084590 0.064239 -0.429978 False
0.085060 0.062892 -0.429861 False
0.084816 0.062996 -0.429508 False
0.084538 0.063149 -0.429921 False
0.084595 0.063082 -0.429613 False
0.084849 0.063067 -0.429429 False
0.084577 0.063034 -0.430523 False
0.084822 0.062010 -0.430017 False
0.085132 0.063339 -0.430504 False
0.085201 0.063161 -0.430108 False
0.084915 0.063062 -0.430701 False
0.085070 0.062905 -0.430472 False
0.084996 0.062334 -0.430003 False
0.085117 0.062350 -0.429711 False
0.084796 0.062916 -0.429476 False
0.085159 0.062611 -0.430028 False
0.084707 0.061405 -0.429934 False
0.084815 0.062505 -0.429813 False
0.084577 0.062402 -0.430186 False
0.085244 0.062497 -0.430229 False
0.085146 0.061328 -0.430552 False
0.084527 0.062423 -0.430126 False
0.083783 0.062045 -0.430191 False
0.084106 0.061125 -0.430018 False
0.084312 0.061837 -0.430235 False
0.084905 0.061726 -0.430817 False
0.084517 0.062009 -0.430360 False
0.084342 0.063153 -0.429836 False
0.084192 0.062936 -0.430296 False
0.084507 0.062203 -0.430668 False
0.084386 0.061589 -0.431165 False
0.084329 0.061406 -0.430413 False
0.084284 0.062183 -0.430340 False
0.084627 0.062754 -0.430268 False
0.084823 0.062448 -0.430654 False
0.084693 0.062413 -0.430288 False
0.084709 0.062636 -0.430413 False
0.084619 0.061989 -0.430381 False
0.084254 0.063342 -0.431062 False
0.084220 0.063085 -0.431714 False
0.084392 0.062622 -0.430856 False
0.084405 0.062818 -0.430753 False
0.084291 0.062385 -0.430606 False
0.084213 0.062119 -0.430766 False
0.083991 0.061675 -0.431164 False
0.084217 0.060669 -0.432571 False
0.084161 0.058952 -0.435204 False
0.084758 0.058092 -0.434659 False
0.087879 0.066945 -0.420711 False
0.102611 0.117997 -0.355449 False
0.148285 0.303365 -0.128143 False
0.142995 0.353398 -0.067088 False
0.135440 0.366388 -0.057699 False
0.129973 0.373142 -0.058745 False
0.123833 0.370837 -0.072979 False
0.115837 0.315398 -0.136007 False
0.093123 0.120895 -0.358026 False
0.085460 0.067242 -0.421009 False
0.083554 0.057845 -0.434401 False
0.083320 0.058761 -0.434519 False
0.083398 0.060597 -0.432905 False
0.084401 0.061654 -0.431765 False
0.084071 0.062127 -0.430812 False
0.083572 0.062385 -0.430164 False
0.083798 0.062791 -0.430593 False
0.083969 0.062437 -0.430299 False
0.083638 0.062352 -0.430481 False
0.084317 0.062400 -0.430620 False
0.084890 0.062397 -0.430839 False
0.084852 0.062322 -0.430328 False
0.085019 0.062299 -0.430070 False
0.084848 0.062294 -0.430170 False
0.084619 0.062313 -0.430530 False
0.084379 0.062410 -0.430310 False
0.084055 0.062777 -0.430093 False
0.084513 0.062486 -0.431302 False
0.084536 0.062713 -0.431130 False
0.084393 0.062315 -0.431256 False
0.084168 0.060364 -0.432285 False
0.085068 0.059080 -0.432767 False
0.087864 0.067179 -0.423776 False
0.100283 0.109812 -0.381043 False
0.138938 0.268006 -0.230951 False
0.152363 0.315155 -0.188152 False
0.155639 0.328301 -0.178686 False
0.156070 0.328148 -0.181089 False
0.157378 0.326626 -0.185507 False
0.158861 0.327103 -0.188681 False
0.159615 0.328390 -0.190752 False
0.160016 0.329292 -0.189952 False
0.159514 0.331329 -0.190981 False
0.159323 0.335632 -0.192227 False
0.159584 0.337553 -0.192558 False
0.162651 0.340403 -0.192494 False
0.159627 0.340326 -0.193875 False
0.157634 0.338864 -0.191950 False
0.157343 0.339171 -0.190742 False
0.157122 0.339199 -0.189930 False
0.157623 0.339013 -0.190446 False
0.157489 0.340638 -0.192439 False
0.157711 0.339134 -0.192148 False
0.157631 0.338625 -0.192364 False
0.157627 0.339876 -0.192752 False
0.158272 0.342360 -0.193377 False
0.159262 0.341362 -0.193131 False
0.160347 0.341626 -0.194533 False
0.161347 0.341436 -0.194656 False
0.161325 0.343116 -0.194091 False
0.160944 0.341775 -0.194385 False
0.160631 0.343851 -0.195532 False
0.160841 0.341822 -0.194540 False
0.161192 0.342332 -0.194236 False
0.161110 0.343990 -0.192459 False
0.160782 0.344606 -0.191525 False
0.160432 0.347674 -0.192663 False
0.160647 0.344858 -0.192373 False
0.160579 0.345716 -0.191864 False
0.160343 0.350012 -0.190140 False
0.158926 0.346600 -0.188732 False
0.154662 0.332024 -0.195040 False
0.140212 0.280633 -0.234326 False
0.100848 0.113771 -0.382627 False
0.088431 0.067225 -0.424327 False
0.085262 0.059956 -0.433595 False
0.084762 0.061064 -0.432922 False
0.085074 0.062953 -0.431434 False
0.085133 0.063643 -0.430641 False
0.085324 0.062943 -0.430309 False
0.085223 0.063077 -0.430539 False
0.085436 0.064208 -0.430787 False
0.085498 0.064462 -0.430840 False
0.085549 0.064203 -0.430753 False
0.085612 0.063172 -0.430497 False
0.085762 0.064191 -0.430496 False
0.085632 0.064510 -0.430277 False
0.085466 0.064599 -0.430534 False
0.085712 0.064676 -0.431057 False
0.085624 0.064894 -0.431288 False
0.085644 0.064674 -0.430834 False
0.085657 0.064598 -0.430345 False
0.085685 0.064520 -0.429712 False
0.085691 0.064252 -0.430538 False
0.085786 0.063396 -0.430647 False
0.086058 0.064243 -0.430261 False
0.085805 0.064436 -0.430416 False
0.085739 0.064219 -0.430248 False
0.085763 0.064262 -0.430486 False
0.085180 0.063669 -0.430346 False
0.085210 0.064305 -0.430051 False
0.084636 0.064233 -0.430558 False
0.085046 0.063243 -0.430894 False
0.085282 0.062633 -0.430679 False
0.085543 0.062961 -0.430516 False
0.085594 0.062883 -0.430679 False
0.085448 0.063393 -0.430269 False
0.085441 0.064220 -0.430571 False
0.085797 0.064160 -0.429607 False
0.086168 0.064180 -0.429442 False
0.086218 0.064341 -0.429838 False
0.085759 0.063857 -0.430404 False
0.085604 0.063004 -0.430054 False
0.085574 0.063181 -0.429675 False
0.085592 0.064662 -0.429833 False
0.085292 0.064924 -0.430007 False
0.085167 0.064382 -0.430624 False
0.085704 0.064379 -0.430609 False
0.086041 0.063953 -0.430397 False
0.086177 0.063326 -0.430294 False
0.086297 0.063067 -0.430046 False
0.086155 0.063799 -0.429819 False
0.085953 0.064097 -0.429784 False
0.085724 0.064438 -0.429927 False
0.085168 0.064554 -0.430219 False
0.085000 0.064550 -0.430888 False
0.085225 0.064496 -0.431017 False
0.085121 0.065266 -0.431274 False
0.085226 0.064349 -0.431185 False
0.084674 0.063901 -0.431230 False
0.084596 0.063225 -0.431786 False
0.084558 0.063061 -0.431409 False
0.084673 0.063213 -0.432133 False
0.085081 0.064060 -0.432714 False
0.085060 0.066903 -0.431193 False
0.085420 0.065586 -0.431258 False
0.085324 0.066748 -0.430382 False
0.085074 0.063445 -0.430642 False
0.085277 0.062598 -0.431273 False
0.085094 0.062808 -0.431457 False
0.085409 0.062318 -0.431582 False
0.085772 0.062312 -0.431349 False
0.085408 0.062584 -0.431496 False
0.085269 0.063863 -0.431020 False
0.085020 0.063319 -0.430948 False
0.085180 0.062985 -0.431247 False
0.085295 0.062433 -0.431821 False
0.085490 0.062288 -0.431914 False
0.085540 0.062291 -0.431501 False
0.085289 0.062404 -0.431683 False
0.085061 0.062803 -0.430963 False
0.084335 0.062761 -0.430516 False
0.084378 0.062974 -0.430479 False
0.085038 0.063947 -0.430870 False
0.085232 0.064794 -0.430794 False
0.085386 0.066771 -0.430835 False
0.085469 0.064206 -0.430471 False
0.085447 0.063840 -0.429722 False
0.085468 0.063492 -0.429728 False
0.085413 0.064262 -0.430176 False
0.085625 0.067242 -0.430814 False
0.085548 0.064929 -0.430457 False
0.085307 0.067383 -0.430960 False
0.085200 0.064726 -0.430542 False
0.085114 0.063539 -0.430498 False
0.085594 0.063536 -0.430351 False
0.085771 0.062678 -0.430159 False
0.085689 0.062853 -0.430547 False
0.085846 0.062763 -0.430236 False
0.085844 0.063712 -0.430173 False
0.085686 0.063753 -0.429959 False
0.085790 0.062899 -0.430260 False
0.085621 0.062408 -0.430240 False
0.085439 0.062305 -0.429851 False
0.085499 0.062414 -0.429975 False
0.085739 0.062813 -0.429942 False
0.085869 0.062597 -0.429652 False
0.085842 0.062912 -0.429478 False
0.085217 0.062573 -0.429802 False
0.085031 0.062829 -0.430034 False
0.085063 0.062563 -0.429668 False
0.085115 0.062867 -0.429711 False
0.085507 0.063432 -0.430058 False
0.086096 0.062776 -0.430263 False
0.087083 0.062362 -0.430111 False
0.085789 0.062430 -0.430930 False
0.085658 0.062934 -0.429621 False
0.085094 0.063083 -0.430019 False
0.085022 0.063114 -0.430866 False
0.085201 0.063103 -0.430835 False
0.084967 0.063031 -0.431203 False
0.084865 0.062778 -0.430920 False
0.085168 0.062663 -0.431070 False
0.085093 0.062501 -0.430686 False
0.085051 0.062818 -0.430882 False
0.084483 0.062624 -0.430823 False
0.084804 0.062356 -0.430047 False
0.085227 0.062309 -0.429533 False
0.085437 0.062406 -0.429122 False
0.085525 0.062944 -0.429092 False
0.085718 0.063072 -0.429386 False
0.085479 0.062962 -0.430457 False
0.085393 0.062449 -0.430780 False
0.085365 0.062269 -0.431739 False
0.085307 0.062070 -0.430690 False
0.085432 0.061641 -0.430148 False
0.085573 0.062496 -0.430013 False
0.085349 0.062396 -0.429969 False
0.084853 0.062470 -0.429992 False
0.085154 0.062893 -0.430434 False
0.084966 0.062913 -0.431908 False
0.085057 0.062490 -0.430325 False
0.085069 0.062605 -0.430540 False
0.084940 0.063432 -0.430814 False
0.083610 0.062883 -0.430094 False
0.083155 0.063425 -0.429861 False
0.084125 0.062599 -0.429401 False
0.083158 0.062508 -0.429703 False
0.083720 0.063087 -0.429500 False
0.084055 0.063790 -0.429733 False
0.082861 0.063755 -0.429922 False
0.082507 0.063026 -0.430703 False
0.082121 0.063872 -0.430889 False
0.082270 0.064175 -0.430657 False
0.082477 0.062846 -0.430790 False
0.082520 0.062406 -0.430249 False
0.082876 0.062407 -0.430528 False
0.082527 0.062756 -0.429959 False
0.082529 0.062406 -0.430184 False
0.082448 0.062297 -0.429153 False
0.082451 0.062273 -0.429342 False
0.082767 0.062300 -0.429610 False
0.082896 0.062422 -0.430338 False
0.083716 0.062895 -0.430113 False
0.083138 0.063059 -0.430670 False
0.082885 0.063228 -0.430837 False
0.083416 0.063695 -0.430604 False
0.084182 0.063271 -0.430576 False
0.083302 0.063130 -0.430733 False
0.082903 0.063058 -0.430941 False
0.082298 0.063058 -0.430603 False
0.082459 0.062467 -0.429793 False
0.082451 0.062321 -0.429566 False
0.082233 0.062389 -0.430377 False
0.082186 0.062721 -0.429919 False
0.082418 0.062520 -0.429538 False
0.082567 0.062749 -0.430447 False
0.082714 0.062404 -0.430602 False
0.082646 0.062300 -0.430242 False
0.083849 0.062279 -0.430078 False
0.083718 0.062301 -0.430588 False
0.084501 0.062404 -0.430520 False
0.083547 0.062737 -0.429424 False
0.083402 0.062388 -0.429032 False
0.082171 0.062607 -0.429110 False
0.081549 0.062592 -0.428860 False
0.081762 0.062331 -0.428783 False
0.082005 0.062438 -0.428743 False
0.082261 0.063000 -0.428908 False
0.082475 0.063467 -0.429135 False
0.082905 0.062792 -0.430112 False
0.082429 0.063608 -0.430513 False
0.082136 0.067183 -0.429831 False
0.082313 0.065146 -0.429415 False
0.082513 0.066677 -0.430795 False
0.082195 0.063604 -0.429951 False
0.081994 0.062503 -0.429221 False
0.082248 0.062309 -0.429200 False
0.082437 0.062459 -0.429199 False
0.082818 0.062265 -0.429521 False
0.083926 0.062271 -0.429243 False
0.082969 0.062614 -0.429476 False
0.082640 0.062839 -0.428971 False
0.082526 0.062429 -0.429347 False
0.082068 0.062346 -0.429415 False
0.082037 0.062631 -0.429565 False
0.082394 0.062771 -0.429819 False
0.082461 0.062974 -0.430121 False
0.082804 0.062926 -0.430709 False
0.084071 0.062462 -0.431564 False
0.082788 0.062677 -0.430149 False
0.082420 0.062227 -0.429795 False
0.082555 0.062863 -0.429564 False
0.082668 0.062985 -0.429817 False
0.082618 0.062757 -0.430014 False
0.082317 0.062657 -0.430512 False
0.082040 0.062505 -0.430102 False
0.082082 0.062885 -0.430084 False
0.082058 0.063014 -0.429625 False
0.081921 0.062986 -0.430283 False
0.081936 0.062706 -0.429421 False
0.082119 0.062520 -0.428737 False
0.082148 0.062881 -0.428797 False
0.081944 0.062860 -0.429158 False
0.081914 0.062410 -0.429654 False
0.082023 0.062443 -0.429461 False
0.081969 0.062860 -0.429173 False
0.082114 0.062521 -0.429463 False
0.082050 0.062813 -0.429631 False
0.082356 0.062567 -0.430000 False
0.082807 0.062981 -0.429641 False